100
0		15		78		36		77		97		41		13		57		32		75		65		110		22		48		137		92		56		87		36		85		138		15		63		109		32		33		79		15		85		91		36		78		70		73		59		11		21		91		120		104		72		38		96		78		118		70		146		90		82		101		67		155		146		81		62		98		7		27		123		74		96		24		56		128		18		64		132		111		12		91		76		95		109		79		101		92		127		88		48		121		14		120		43		75		109		64		23		46		76		80		75		28		85		30		94		61		11		58		96
15		0		83		41		82		102		46		4		62		47		80		80		115		9		63		142		97		61		92		29		90		143		22		78		114		37		38		84		20		90		96		25		93		85		78		44		18		36		96		125		109		77		53		101		93		123		75		151		95		97		106		72		160		151		86		73		103		16		42		128		79		111		39		61		133		29		69		137		116		3		106		81		100		114		94		106		107		132		93		39		126		29		125		28		90		114		69		28		51		81		85		90		43		90		35		99		66		22		71		101
78		83		0		42		3		29		37		79		41		62		41		75		52		74		58		59		44		44		53		54		7		60		93		73		61		46		45		21		63		65		17		58		88		80		39		49		89		71		21		42		64		60		54		18		88		40		62		68		26		92		27		47		77		68		61		68		70		85		79		45		44		106		72		42		50		60		32		54		33		86		101		18		55		31		89		23		102		49		22		44		43		74		42		55		85		31		36		55		34		6		62		85		72		17		48		16		17		67		66		70
36		41		42		0		41		61		11		37		21		20		67		49		74		38		32		101		70		20		51		52		49		102		51		47		73		10		45		47		27		49		55		52		62		54		65		75		47		29		55		84		68		36		22		60		62		82		36		110		54		66		65		73		119		110		45		42		62		43		37		87		70		80		30		20		92		18		28		96		75		44		75		44		59		73		63		65		76		91		52		64		85		32		84		59		59		73		28		21		60		40		88		59		30		49		30		58		27		25		40		60
77		82		3		41		0		26		40		78		44		61		38		78		55		73		61		60		41		47		56		53		8		61		92		76		64		45		44		18		62		68		20		57		91		83		36		46		88		70		24		43		67		63		53		19		91		41		65		69		23		95		24		44		78		69		64		71		73		84		78		46		41		109		71		45		51		59		35		55		34		85		104		15		58		32		92		24		105		50		25		43		44		73		43		54		88		32		39		54		31		9		59		88		71		14		47		19		16		66		69		73
97		102		29		61		26		0		66		98		70		81		22		104		81		93		87		54		15		73		82		73		24		41		112		102		90		65		64		18		82		94		46		77		117		109		24		62		108		90		50		67		93		89		77		23		117		67		91		49		7		121		4		30		58		57		90		97		99		104		98		26		23		135		91		71		31		79		61		35		14		105		130		21		84		30		118		48		131		54		51		63		28		93		37		74		114		12		65		74		51		35		33		114		91		12		67		45		36		86		95		99
41		46		37		11		40		66		0		42		16		25		78		38		69		49		21		96		81		15		46		63		44		97		56		36		68		21		56		58		38		44		50		63		51		43		76		86		52		34		50		79		63		31		17		55		51		77		29		105		63		55		64		84		114		105		40		31		57		48		42		82		81		69		35		15		87		23		23		91		70		49		64		55		54		68		52		60		65		86		47		75		80		37		79		70		48		68		23		32		71		35		99		48		35		54		41		53		38		30		29		55
13		4		79		37		78		98		42		0		58		45		76		78		111		9		61		138		93		57		88		25		86		139		20		76		110		33		34		80		16		86		92		23		91		83		74		46		16		34		92		121		105		73		51		97		91		119		71		147		91		95		102		68		156		147		82		71		99		14		40		124		75		109		37		57		129		27		65		133		112		7		104		77		96		110		92		102		105		128		89		35		122		27		121		30		88		110		65		24		47		77		81		88		41		86		31		95		62		20		69		97
57		62		41		21		44		70		16		58		0		41		82		34		53		53		17		80		85		3		30		67		46		81		72		32		52		25		60		62		42		28		34		67		47		39		80		90		68		50		34		63		47		19		33		47		47		61		21		89		67		51		68		88		98		89		24		27		41		64		58		66		85		65		51		1		71		39		9		75		58		65		60		59		38		52		48		44		61		70		31		79		64		53		63		74		44		66		7		36		75		35		103		44		51		58		45		37		42		46		25		39
32		47		62		20		61		81		25		45		41		0		83		37		94		54		30		121		86		40		71		68		69		122		31		31		93		26		61		63		43		69		75		68		46		44		81		91		29		11		75		104		88		56		8		80		58		102		54		130		74		62		85		89		139		130		65		46		82		31		17		107		86		64		10		40		112		18		48		116		95		44		59		60		79		93		59		85		60		111		72		80		105		18		104		75		55		93		48		37		76		60		104		57		10		69		46		78		45		25		42		80
75		80		41		67		38		22		78		76		82		83		0		116		93		71		99		66		17		85		94		51		36		63		90		114		102		57		42		20		60		106		58		55		129		121		2		40		86		72		62		79		105		101		89		35		129		79		103		71		15		133		26		8		80		71		102		109		111		82		78		48		3		147		75		83		53		65		73		57		36		83		142		23		96		42		130		60		143		66		63		41		46		71		49		52		126		34		77		52		29		47		21		126		79		24		45		57		40		64		107		111
65		80		75		49		78		104		38		78		34		37		116		0		57		87		17		84		119		31		34		101		80		85		68		8		56		59		94		96		76		32		58		101		13		7		114		124		64		46		54		67		51		19		29		81		21		65		17		93		101		25		102		122		102		93		28		9		45		64		54		92		119		31		47		33		75		51		43		81		92		77		26		93		42		74		22		56		27		74		53		113		76		51		67		108		18		100		39		70		109		69		137		20		47		92		79		59		76		58		9		43
110		115		52		74		55		81		69		111		53		94		93		57		0		106		64		27		96		54		23		86		57		62		125		65		9		78		77		73		95		25		35		90		62		50		91		101		121		103		31		14		12		38		86		58		36		14		40		42		78		40		79		99		45		36		29		48		18		117		111		69		96		54		104		54		52		92		46		58		69		118		49		70		15		51		37		33		50		27		30		90		53		106		44		87		39		77		46		87		86		46		114		37		104		69		80		36		53		99		52		18
22		9		74		38		73		93		49		9		53		54		71		87		106		0		70		133		88		56		83		20		81		134		29		85		105		28		29		75		11		81		87		16		100		92		69		37		25		43		87		116		100		72		60		92		100		114		74		142		86		104		97		63		151		142		77		80		94		23		49		119		70		118		46		54		124		36		60		128		107		12		113		72		91		105		101		97		114		123		84		30		117		36		116		21		97		105		60		19		42		72		76		97		50		81		26		90		57		29		78		92
48		63		58		32		61		87		21		61		17		30		99		17		64		70		0		91		102		14		41		84		63		92		61		15		63		42		77		79		59		39		45		84		30		22		97		107		57		39		45		74		58		26		22		64		30		72		24		100		84		34		85		105		109		100		35		16		52		53		47		77		102		48		40		16		82		34		26		86		75		60		43		76		49		63		31		55		44		81		42		96		75		42		74		91		27		83		22		53		92		52		120		27		40		75		62		48		59		41		12		50
137		142		59		101		60		54		96		138		80		121		66		84		27		133		91		0		69		81		50		113		52		35		152		92		36		105		104		58		122		52		46		117		89		77		64		102		148		130		46		17		39		65		113		41		63		19		67		15		51		67		52		72		18		9		56		75		45		144		138		42		69		81		131		81		25		119		73		31		42		145		76		61		42		28		64		36		77		10		49		103		26		133		17		114		66		50		73		114		91		61		87		64		131		52		107		43		76		126		79		45
92		97		44		70		41		15		81		93		85		86		17		119		96		88		102		69		0		88		97		68		39		46		107		117		105		60		59		23		77		109		61		72		132		124		19		57		103		85		65		82		108		104		92		38		132		82		106		54		18		136		17		25		65		72		105		112		114		99		93		31		18		150		86		86		44		74		76		40		27		100		145		26		99		45		133		63		146		69		66		58		43		88		52		69		129		19		80		69		46		50		18		129		86		27		62		60		43		81		110		114
56		61		44		20		47		73		15		57		3		40		85		31		54		56		14		81		88		0		31		70		49		82		71		29		53		28		63		65		45		29		35		70		44		36		83		93		67		49		35		64		48		16		32		50		44		62		18		90		70		48		71		91		99		90		25		24		42		63		57		67		88		62		50		2		72		38		12		76		61		64		57		62		39		53		45		45		58		71		32		82		65		52		64		77		41		69		8		39		78		38		106		41		50		61		48		38		45		45		22		40
87		92		53		51		56		82		46		88		30		71		94		34		23		83		41		50		97		31		0		79		58		63		102		42		22		55		72		74		72		12		36		79		39		27		92		102		98		80		32		33		17		15		63		59		35		31		17		59		79		39		80		100		68		59		8		25		17		94		88		70		97		53		81		31		53		69		23		59		70		95		48		71		8		52		36		34		49		40		31		91		54		83		45		86		32		78		23		64		87		47		115		32		81		70		57		37		54		76		29		17
36		29		54		52		53		73		63		25		67		68		51		101		86		20		84		113		68		70		79		0		61		114		43		99		87		42		9		55		25		91		67		4		114		106		49		23		39		57		67		96		90		86		74		72		114		94		88		122		66		118		77		43		131		122		87		94		96		37		63		99		50		132		60		68		104		50		58		108		87		32		127		52		81		85		115		77		128		103		64		12		97		50		96		7		111		85		62		31		22		52		56		111		64		61		22		70		37		43		92		96
85		90		7		49		8		24		44		86		46		69		36		80		57		81		63		52		39		49		58		61		0		53		100		78		66		53		52		16		70		70		22		65		93		85		34		50		96		78		26		43		69		65		61		11		93		43		67		61		21		97		22		42		70		61		66		73		75		92		86		38		39		111		79		47		43		67		37		47		26		93		106		13		60		24		94		24		107		42		27		51		36		81		35		62		90		24		41		62		39		11		57		90		79		12		55		21		24		74		71		75
138		143		60		102		61		41		97		139		81		122		63		85		62		134		92		35		46		82		63		114		53		0		153		93		71		106		105		59		123		75		47		118		98		90		65		103		149		131		47		48		74		70		114		42		98		48		72		20		48		102		37		71		31		38		71		78		80		145		139		15		64		116		132		82		10		120		74		6		27		146		111		62		65		29		99		37		112		35		50		104		17		134		18		115		95		29		74		115		92		62		58		95		132		53		108		44		77		127		80		80
15		22		93		51		92		112		56		20		72		31		90		68		125		29		61		152		107		71		102		43		100		153		0		60		124		47		48		94		30		100		106		43		71		75		88		66		4		22		106		135		119		87		39		111		89		133		85		161		105		93		116		82		170		161		96		77		113		8		20		138		89		89		21		71		143		33		79		147		126		19		84		91		110		124		90		116		91		142		103		55		136		19		135		50		86		124		79		38		61		91		95		88		21		100		45		109		76		26		73		111
63		78		73		47		76		102		36		76		32		31		114		8		65		85		15		92		117		29		42		99		78		93		60		0		64		57		92		94		74		40		56		99		15		15		112		122		60		42		52		75		59		27		25		79		29		73		25		101		99		33		100		120		110		101		36		17		53		62		46		90		117		33		39		31		83		49		41		87		90		75		28		91		50		72		30		56		31		82		51		111		76		49		75		106		26		98		37		68		107		67		135		28		39		90		77		57		74		56		13		51
109		114		61		73		64		90		68		110		52		93		102		56		9		105		63		36		105		53		22		87		66		71		124		64		0		77		80		82		94		24		44		89		61		49		100		110		120		102		40		23		5		37		85		67		35		23		39		51		87		31		88		108		46		37		28		47		11		116		110		78		105		51		103		53		61		91		45		67		78		117		42		79		14		60		34		42		41		36		39		99		62		105		53		94		38		86		45		86		95		55		123		36		103		78		79		45		62		98		51		13
32		37		46		10		45		65		21		33		25		26		57		59		78		28		42		105		60		28		55		42		53		106		47		57		77		0		35		47		17		53		59		42		72		64		55		65		43		25		59		88		72		44		32		64		72		86		46		114		58		76		69		63		123		114		49		52		66		39		33		91		60		90		26		26		96		14		32		100		79		40		85		44		63		77		73		69		86		95		56		54		89		28		88		49		69		77		32		11		50		44		78		69		26		53		20		62		29		21		50		64
33		38		45		45		44		64		56		34		60		61		42		94		77		29		77		104		59		63		72		9		52		105		48		92		80		35		0		46		18		84		58		13		107		99		40		30		44		50		58		87		83		79		67		63		107		85		81		113		57		111		68		34		122		113		80		87		89		40		56		90		41		125		53		61		95		43		51		99		78		41		120		43		74		76		108		68		121		94		55		19		88		43		87		14		104		76		55		24		15		43		47		104		57		52		15		61		28		36		85		89
79		84		21		47		18		18		58		80		62		63		20		96		73		75		79		58		23		65		74		55		16		59		94		94		82		47		46		0		64		86		38		59		109		101		18		44		90		72		42		59		85		81		69		17		109		59		83		67		11		113		22		26		76		67		82		89		91		86		80		44		23		127		73		63		49		61		53		53		32		87		122		3		76		30		110		40		123		48		43		45		42		75		41		56		106		30		57		56		33		27		41		106		73		6		49		37		20		68		87		91
15		20		63		27		62		82		38		16		42		43		60		76		95		11		59		122		77		45		72		25		70		123		30		74		94		17		18		64		0		70		76		25		89		81		58		48		26		32		76		105		89		61		49		81		89		103		63		131		75		93		86		52		140		131		66		69		83		22		38		108		59		107		35		43		113		25		49		117		96		23		102		61		80		94		90		86		103		112		73		37		106		25		105		32		86		94		49		8		33		61		65		86		39		70		15		79		46		18		67		81
85		90		65		49		68		94		44		86		28		69		106		32		25		81		39		52		109		29		12		91		70		75		100		40		24		53		84		86		70		0		48		91		37		25		104		114		96		78		44		35		19		13		61		71		23		33		15		61		91		27		92		112		70		61		4		23		13		92		86		82		109		41		79		29		65		67		33		71		82		93		36		83		10		64		24		46		37		42		43		103		66		81		57		98		20		90		29		62		99		59		127		20		79		82		69		49		66		74		27		11
91		96		17		55		20		46		50		92		34		75		58		58		35		87		45		46		61		35		36		67		22		47		106		56		44		59		58		38		76		48		0		71		71		63		56		66		102		84		4		29		47		43		67		23		71		27		45		55		43		75		44		64		64		55		44		51		53		98		92		34		61		89		85		35		37		73		27		41		34		99		84		35		38		18		72		10		85		36		5		57		30		87		29		68		68		42		27		68		51		15		79		68		85		34		61		3		30		80		49		53
36		25		58		52		57		77		63		23		67		68		55		101		90		16		84		117		72		70		79		4		65		118		43		99		89		42		13		59		25		91		71		0		114		106		53		23		39		57		71		100		90		86		74		76		114		98		88		126		70		118		81		47		135		126		87		94		96		37		63		103		54		132		60		68		108		50		58		112		91		28		127		56		81		89		115		81		128		107		68		14		101		50		100		7		111		89		62		31		26		56		60		111		64		65		22		74		41		43		92		96
78		93		88		62		91		117		51		91		47		46		129		13		62		100		30		89		132		44		39		114		93		98		71		15		61		72		107		109		89		37		71		114		0		12		127		137		75		57		67		72		56		28		40		94		26		70		26		98		114		30		115		135		107		98		33		20		50		77		51		105		132		18		54		46		88		64		56		94		105		90		19		106		47		87		27		69		28		79		66		126		89		64		80		121		23		113		52		83		122		82		150		25		50		105		92		72		89		71		22		48
70		85		80		54		83		109		43		83		39		44		121		7		50		92		22		77		124		36		27		106		85		90		75		15		49		64		99		101		81		25		63		106		12		0		119		129		71		53		59		60		44		20		36		86		14		58		18		86		106		18		107		127		95		86		21		12		38		69		61		97		124		26		54		38		80		56		48		86		97		82		21		98		35		79		15		61		22		67		58		118		81		56		72		113		11		105		44		75		114		74		142		13		54		97		84		64		81		63		14		36
73		78		39		65		36		24		76		74		80		81		2		114		91		69		97		64		19		83		92		49		34		65		88		112		100		55		40		18		58		104		56		53		127		119		0		38		84		70		60		77		103		99		87		33		127		77		101		73		17		131		28		8		82		73		100		107		109		80		76		50		5		145		73		81		55		63		71		59		38		81		140		21		94		40		128		58		141		64		61		39		48		69		47		50		124		36		75		50		27		45		23		124		77		22		43		55		38		62		105		109
59		44		49		75		46		62		86		46		90		91		40		124		101		37		107		102		57		93		102		23		50		103		66		122		110		65		30		44		48		114		66		23		137		129		38		0		62		80		70		87		113		109		97		61		137		87		111		111		55		141		66		32		120		111		110		117		119		60		86		88		39		155		83		91		93		73		81		97		76		47		150		41		104		74		138		68		151		92		71		11		86		73		85		16		134		74		85		54		15		55		45		134		87		50		45		65		48		66		115		119
11		18		89		47		88		108		52		16		68		29		86		64		121		25		57		148		103		67		98		39		96		149		4		60		120		43		44		90		26		96		102		39		75		71		84		62		0		18		102		131		115		83		35		107		85		129		81		157		101		89		112		78		166		157		92		73		109		4		24		134		85		93		21		67		139		29		75		143		122		15		88		87		106		120		86		112		89		138		99		51		132		15		131		46		82		120		75		34		57		87		91		84		25		96		41		105		72		22		69		107
21		36		71		29		70		90		34		34		50		11		72		46		103		43		39		130		85		49		80		57		78		131		22		42		102		25		50		72		32		78		84		57		57		53		70		80		18		0		84		113		97		65		17		89		67		111		63		139		83		71		94		78		148		139		74		55		91		20		8		116		75		75		3		49		121		11		57		125		104		33		70		69		88		102		68		94		71		120		81		69		114		7		113		64		64		102		57		26		65		69		93		66		7		78		35		87		54		14		51		89
91		96		21		55		24		50		50		92		34		75		62		54		31		87		45		46		65		35		32		67		26		47		106		52		40		59		58		42		76		44		4		71		67		59		60		70		102		84		0		29		43		39		67		27		67		27		41		55		47		71		48		68		64		55		40		47		49		98		92		38		65		85		85		35		37		73		27		41		38		99		80		39		34		20		68		10		81		36		3		59		30		87		29		68		64		46		27		68		55		15		83		64		85		38		61		5		30		80		45		49
120		125		42		84		43		67		79		121		63		104		79		67		14		116		74		17		82		64		33		96		43		48		135		75		23		88		87		59		105		35		29		100		72		60		77		87		131		113		29		0		26		48		96		44		50		2		50		28		64		54		65		85		35		26		39		58		32		127		121		55		82		68		114		64		38		102		56		44		55		128		63		56		25		37		51		19		64		13		32		86		39		116		30		97		49		63		56		97		74		44		100		47		114		55		90		26		59		109		62		32
104		109		64		68		67		93		63		105		47		88		105		51		12		100		58		39		108		48		17		90		69		74		119		59		5		72		83		85		89		19		47		90		56		44		103		113		115		97		43		26		0		32		80		70		30		26		34		54		90		28		91		111		51		42		23		42		6		111		105		81		108		46		98		48		64		86		40		70		81		112		37		82		9		63		29		45		38		39		42		102		65		100		56		97		33		89		40		81		98		58		126		31		98		81		74		48		65		93		46		8
72		77		60		36		63		89		31		73		19		56		101		19		38		72		26		65		104		16		15		86		65		70		87		27		37		44		79		81		61		13		43		86		28		20		99		109		83		65		39		48		32		0		48		66		28		46		2		74		86		32		87		107		83		74		9		10		26		79		73		77		104		46		66		18		60		54		28		66		77		80		41		78		23		59		29		41		42		55		38		98		61		68		52		93		25		85		24		55		94		54		122		25		66		77		64		44		61		61		14		24
38		53		54		22		53		77		17		51		33		8		89		29		86		60		22		113		92		32		63		74		61		114		39		25		85		32		67		69		49		61		67		74		40		36		87		97		35		17		67		96		80		48		0		72		50		94		46		122		74		54		77		95		131		122		57		38		74		37		25		99		92		58		18		32		104		24		40		108		87		50		53		66		71		85		51		77		54		103		64		86		97		24		96		81		47		85		40		43		82		52		110		49		18		65		52		70		49		31		34		72
96		101		18		60		19		23		55		97		47		80		35		81		58		92		64		41		38		50		59		72		11		42		111		79		67		64		63		17		81		71		23		76		94		86		33		61		107		89		27		44		70		66		72		0		94		44		68		50		20		98		21		41		59		50		67		74		76		103		97		27		38		112		90		48		32		78		38		36		15		104		107		20		61		13		95		25		108		31		28		62		25		92		24		73		91		19		42		73		50		20		56		91		90		11		66		22		35		85		72		76
78		93		88		62		91		117		51		91		47		58		129		21		36		100		30		63		132		44		35		114		93		98		89		29		35		72		107		109		89		23		71		114		26		14		127		137		85		67		67		50		30		28		50		94		0		50		26		78		114		4		115		135		81		72		27		20		24		81		75		105		132		18		68		46		88		64		56		94		105		90		13		106		33		87		1		69		14		63		66		126		89		70		80		121		3		113		52		83		122		82		150		3		68		105		92		72		89		71		22		22
118		123		40		82		41		67		77		119		61		102		79		65		14		114		72		19		82		62		31		94		43		48		133		73		23		86		85		59		103		33		27		98		70		58		77		87		129		111		27		2		26		46		94		44		50		0		48		28		64		54		65		85		37		28		37		56		32		125		119		55		82		68		112		62		38		100		54		44		55		126		63		56		23		37		51		19		64		13		30		84		39		114		30		95		47		63		54		95		72		42		100		47		112		55		88		24		57		107		60		32
70		75		62		36		65		91		29		71		21		54		103		17		40		74		24		67		106		18		17		88		67		72		85		25		39		46		81		83		63		15		45		88		26		18		101		111		81		63		41		50		34		2		46		68		26		48		0		76		88		30		89		109		85		76		11		8		28		77		71		79		106		44		64		20		62		52		30		68		79		78		39		80		25		61		27		43		40		57		40		100		63		66		54		95		23		87		26		57		96		56		124		23		64		79		66		46		63		59		12		26
146		151		68		110		69		49		105		147		89		130		71		93		42		142		100		15		54		90		59		122		61		20		161		101		51		114		113		67		131		61		55		126		98		86		73		111		157		139		55		28		54		74		122		50		78		28		76		0		56		82		45		79		11		18		65		84		60		153		147		27		72		96		140		90		18		128		82		16		35		154		91		70		51		37		79		45		92		19		58		112		25		142		26		123		75		37		82		123		100		70		72		75		140		61		116		52		85		135		88		60
90		95		26		54		23		7		63		91		67		74		15		101		78		86		84		51		18		70		79		66		21		48		105		99		87		58		57		11		75		91		43		70		114		106		17		55		101		83		47		64		90		86		74		20		114		64		88		56		0		118		11		23		65		56		87		94		96		97		91		33		18		132		84		68		38		72		58		42		21		98		127		14		81		27		115		45		128		51		48		56		31		86		34		67		111		19		62		67		44		32		36		111		84		9		60		42		29		79		92		96
82		97		92		66		95		121		55		95		51		62		133		25		40		104		34		67		136		48		39		118		97		102		93		33		31		76		111		113		93		27		75		118		30		18		131		141		89		71		71		54		28		32		54		98		4		54		30		82		118		0		119		139		77		68		31		24		22		85		79		109		136		20		72		50		92		68		60		98		109		94		11		110		37		91		3		73		10		67		70		130		93		74		84		125		7		117		56		87		126		86		154		7		72		109		96		76		93		75		26		22
101		106		27		65		24		4		64		102		68		85		26		102		79		97		85		52		17		71		80		77		22		37		116		100		88		69		68		22		86		92		44		81		115		107		28		66		112		94		48		65		91		87		77		21		115		65		89		45		11		119		0		34		54		55		88		95		97		108		102		22		27		133		95		69		27		83		59		31		10		109		128		25		82		28		116		46		129		52		49		67		26		97		35		78		112		8		63		78		55		33		35		112		95		16		71		43		40		90		93		97
67		72		47		73		44		30		84		68		88		89		8		122		99		63		105		72		25		91		100		43		42		71		82		120		108		63		34		26		52		112		64		47		135		127		8		32		78		78		68		85		111		107		95		41		135		85		109		79		23		139		34		0		88		79		108		115		117		74		84		56		7		153		81		89		61		71		79		65		44		75		148		29		102		48		136		66		149		72		69		33		54		71		55		44		132		42		83		52		21		53		15		132		85		30		43		63		46		64		113		117
155		160		77		119		78		58		114		156		98		139		80		102		45		151		109		18		65		99		68		131		70		31		170		110		46		123		122		76		140		70		64		135		107		95		82		120		166		148		64		35		51		83		131		59		81		37		85		11		65		77		54		88		0		9		74		93		57		162		156		38		81		97		149		99		27		137		91		27		44		163		88		79		60		46		80		54		81		28		67		121		34		151		35		132		84		46		91		132		109		79		83		82		149		70		125		61		94		144		97		59
146		151		68		110		69		57		105		147		89		130		71		93		36		142		100		9		72		90		59		122		61		38		161		101		37		114		113		67		131		61		55		126		98		86		73		111		157		139		55		26		42		74		122		50		72		28		76		18		56		68		55		79		9		0		65		84		48		153		147		45		72		88		140		90		28		128		82		34		45		154		79		70		51		37		71		45		74		19		58		112		29		142		26		123		75		53		82		123		100		70		90		73		140		61		116		52		85		135		88		50
81		86		61		45		64		90		40		82		24		65		102		28		29		77		35		56		105		25		8		87		66		71		96		36		28		49		80		82		66		4		44		87		33		21		100		110		92		74		40		39		23		9		57		67		27		37		11		65		87		31		88		108		74		65		0		19		17		88		82		78		105		45		75		25		61		63		29		67		78		89		40		79		14		60		28		42		41		46		39		99		62		77		53		94		24		86		25		58		95		55		123		24		75		78		65		45		62		70		23		15
62		73		68		42		71		97		31		71		27		46		109		9		48		80		16		75		112		24		25		94		73		78		77		17		47		52		87		89		69		23		51		94		20		12		107		117		73		55		47		58		42		10		38		74		20		56		8		84		94		24		95		115		93		84		19		0		36		69		63		85		112		38		56		26		68		44		36		74		85		70		33		86		33		67		21		49		34		65		46		106		69		58		60		101		17		93		32		63		102		62		130		17		56		85		72		52		69		51		4		34
98		103		70		62		73		99		57		99		41		82		111		45		18		94		52		45		114		42		17		96		75		80		113		53		11		66		89		91		83		13		53		96		50		38		109		119		109		91		49		32		6		26		74		76		24		32		28		60		96		22		97		117		57		48		17		36		0		105		99		87		114		40		92		42		70		80		38		76		87		106		31		88		15		69		23		51		32		45		48		108		71		94		62		103		27		95		34		75		104		64		132		25		92		87		74		54		71		87		40		2
7		16		85		43		84		104		48		14		64		31		82		64		117		23		53		144		99		63		94		37		92		145		8		62		116		39		40		86		22		92		98		37		77		69		80		60		4		20		98		127		111		79		37		103		81		125		77		153		97		85		108		74		162		153		88		69		105		0		26		130		81		95		23		63		135		25		71		139		118		13		90		83		102		116		82		108		91		134		95		49		128		13		127		44		78		116		71		30		53		83		87		80		27		92		37		101		68		18		65		103
27		42		79		37		78		98		42		40		58		17		78		54		111		49		47		138		93		57		88		63		86		139		20		46		110		33		56		80		38		86		92		63		51		61		76		86		24		8		92		121		105		73		25		97		75		119		71		147		91		79		102		84		156		147		82		63		99		26		0		124		81		69		7		57		129		19		65		133		112		39		68		77		96		110		76		102		77		128		89		75		122		13		121		70		72		110		65		32		71		77		99		74		7		86		41		95		62		20		59		97
123		128		45		87		46		26		82		124		66		107		48		92		69		119		77		42		31		67		70		99		38		15		138		90		78		91		90		44		108		82		34		103		105		97		50		88		134		116		38		55		81		77		99		27		105		55		79		27		33		109		22		56		38		45		78		85		87		130		124		0		49		123		117		67		17		105		59		11		12		131		118		47		72		18		106		36		119		42		39		89		16		119		25		100		102		14		59		100		77		47		45		102		117		38		93		33		62		112		83		87
74		79		44		70		41		23		81		75		85		86		3		119		96		70		102		69		18		88		97		50		39		64		89		117		105		60		41		23		59		109		61		54		132		124		5		39		85		75		65		82		108		104		92		38		132		82		106		72		18		136		27		7		81		72		105		112		114		81		81		49		0		150		78		86		54		68		76		58		37		82		145		26		99		45		133		63		146		69		66		40		47		70		52		51		129		35		80		51		28		50		18		129		82		27		44		60		43		63		110		114
96		111		106		80		109		135		69		109		65		64		147		31		54		118		48		81		150		62		53		132		111		116		89		33		51		90		125		127		107		41		89		132		18		26		145		155		93		75		85		68		46		46		58		112		18		68		44		96		132		20		133		153		97		88		45		38		40		95		69		123		150		0		72		64		106		82		74		112		123		108		9		124		51		105		17		87		18		81		84		144		107		82		98		139		21		131		70		101		140		100		168		21		68		123		110		90		107		89		40		38
24		39		72		30		71		91		35		37		51		10		75		47		104		46		40		131		86		50		81		60		79		132		21		39		103		26		53		73		35		79		85		60		54		54		73		83		21		3		85		114		98		66		18		90		68		112		64		140		84		72		95		81		149		140		75		56		92		23		7		117		78		72		0		50		122		12		58		126		105		36		67		70		89		103		69		95		70		121		82		72		115		10		114		67		65		103		58		29		68		70		96		67		4		79		38		88		55		17		52		90
56		61		42		20		45		71		15		57		1		40		83		33		54		54		16		81		86		2		31		68		47		82		71		31		53		26		61		63		43		29		35		68		46		38		81		91		67		49		35		64		48		18		32		48		46		62		20		90		68		50		69		89		99		90		25		26		42		63		57		67		86		64		50		0		72		38		10		76		59		64		59		60		39		53		47		45		60		71		32		80		65		52		64		75		43		67		8		37		76		36		104		43		50		59		46		38		43		45		24		40
128		133		50		92		51		31		87		129		71		112		53		75		52		124		82		25		44		72		53		104		43		10		143		83		61		96		95		49		113		65		37		108		88		80		55		93		139		121		37		38		64		60		104		32		88		38		62		18		38		92		27		61		27		28		61		68		70		135		129		17		54		106		122		72		0		110		64		6		17		136		101		52		55		19		89		27		102		25		40		94		7		124		8		105		85		25		64		105		82		52		62		85		122		43		98		34		67		117		70		70
18		29		60		18		59		79		23		27		39		18		65		51		92		36		34		119		74		38		69		50		67		120		33		49		91		14		43		61		25		67		73		50		64		56		63		73		29		11		73		102		86		54		24		78		64		100		52		128		72		68		83		71		137		128		63		44		80		25		19		105		68		82		12		38		110		0		46		114		93		26		77		58		77		91		65		83		78		109		70		62		103		14		102		57		61		91		46		19		58		58		86		61		14		67		28		76		43		7		42		78
64		69		32		28		35		61		23		65		9		48		73		43		46		60		26		73		76		12		23		58		37		74		79		41		45		32		51		53		49		33		27		58		56		48		71		81		75		57		27		56		40		28		40		38		56		54		30		82		58		60		59		79		91		82		29		36		38		71		65		59		76		74		58		10		64		46		0		68		49		72		69		50		31		45		57		37		70		63		24		70		57		60		56		65		53		57		4		41		66		26		94		53		58		49		36		30		33		53		34		38
132		137		54		96		55		35		91		133		75		116		57		81		58		128		86		31		40		76		59		108		47		6		147		87		67		100		99		53		117		71		41		112		94		86		59		97		143		125		41		44		70		66		108		36		94		44		68		16		42		98		31		65		27		34		67		74		76		139		133		11		58		112		126		76		6		114		68		0		21		140		107		56		61		23		95		31		108		31		44		98		11		128		14		109		91		23		68		109		86		56		56		91		126		47		102		38		71		121		74		76
111		116		33		75		34		14		70		112		58		95		36		92		69		107		75		42		27		61		70		87		26		27		126		90		78		79		78		32		96		82		34		91		105		97		38		76		122		104		38		55		81		77		87		15		105		55		79		35		21		109		10		44		44		45		78		85		87		118		112		12		37		123		105		59		17		93		49		21		0		119		118		35		72		18		106		36		119		42		39		77		16		107		25		88		102		8		53		88		65		35		45		102		105		26		81		33		50		100		83		87
12		3		86		44		85		105		49		7		65		44		83		77		118		12		60		145		100		64		95		32		93		146		19		75		117		40		41		87		23		93		99		28		90		82		81		47		15		33		99		128		112		80		50		104		90		126		78		154		98		94		109		75		163		154		89		70		106		13		39		131		82		108		36		64		136		26		72		140		119		0		103		84		103		117		91		109		104		135		96		42		129		26		128		31		87		117		72		31		54		84		88		87		40		93		38		102		69		19		68		104
91		106		101		75		104		130		64		104		60		59		142		26		49		113		43		76		145		57		48		127		106		111		84		28		42		85		120		122		102		36		84		127		19		21		140		150		88		70		80		63		37		41		53		107		13		63		39		91		127		11		128		148		88		79		40		33		31		90		68		118		145		9		67		59		101		77		69		107		118		103		0		119		46		100		12		82		9		76		79		139		102		77		93		134		16		126		65		96		135		95		163		16		63		118		105		85		102		84		35		31
76		81		18		44		15		21		55		77		59		60		23		93		70		72		76		61		26		62		71		52		13		62		91		91		79		44		43		3		61		83		35		56		106		98		21		41		87		69		39		56		82		78		66		20		106		56		80		70		14		110		25		29		79		70		79		86		88		83		77		47		26		124		70		60		52		58		50		56		35		84		119		0		73		33		107		37		120		51		40		42		45		72		44		53		103		33		54		53		30		24		44		103		70		9		46		34		17		65		84		88
95		100		55		59		58		84		54		96		38		79		96		42		15		91		49		42		99		39		8		81		60		65		110		50		14		63		74		76		80		10		38		81		47		35		94		104		106		88		34		25		9		23		71		61		33		23		25		51		81		37		82		102		60		51		14		33		15		102		96		72		99		51		89		39		55		77		31		61		72		103		46		73		0		54		34		36		47		32		33		93		56		91		47		88		30		80		31		72		89		49		117		30		89		72		65		39		56		84		37		15
109		114		31		73		32		30		68		110		52		93		42		74		51		105		63		28		45		53		52		85		24		29		124		72		60		77		76		30		94		64		18		89		87		79		40		74		120		102		20		37		63		59		85		13		87		37		61		37		27		91		28		48		46		37		60		67		69		116		110		18		45		105		103		53		19		91		45		23		18		117		100		33		54		0		88		18		101		24		21		75		12		105		11		86		84		26		45		86		63		33		63		84		103		24		79		15		48		98		65		69
79		94		89		63		92		118		52		92		48		59		130		22		37		101		31		64		133		45		36		115		94		99		90		30		34		73		108		110		90		24		72		115		27		15		128		138		86		68		68		51		29		29		51		95		1		51		27		79		115		3		116		136		80		71		28		21		23		82		76		106		133		17		69		47		89		65		57		95		106		91		12		107		34		88		0		70		13		64		67		127		90		71		81		122		4		114		53		84		123		83		151		4		69		106		93		73		90		72		23		21
101		106		23		65		24		48		60		102		44		85		60		56		33		97		55		36		63		45		34		77		24		37		116		56		42		69		68		40		86		46		10		81		69		61		58		68		112		94		10		19		45		41		77		25		69		19		43		45		45		73		46		66		54		45		42		49		51		108		102		36		63		87		95		45		27		83		37		31		36		109		82		37		36		18		70		0		83		26		13		67		20		97		19		78		66		44		37		78		55		25		81		66		95		36		71		7		40		90		47		51
92		107		102		76		105		131		65		105		61		60		143		27		50		114		44		77		146		58		49		128		107		112		91		31		41		86		121		123		103		37		85		128		28		22		141		151		89		71		81		64		38		42		54		108		14		64		40		92		128		10		129		149		81		74		41		34		32		91		77		119		146		18		70		60		102		78		70		108		119		104		9		120		47		101		13		83		0		77		80		140		103		78		94		135		17		127		66		97		136		96		164		17		70		119		106		86		103		85		36		32
127		132		49		91		50		54		86		128		70		111		66		74		27		123		81		10		69		71		40		103		42		35		142		82		36		95		94		48		112		42		36		107		79		67		64		92		138		120		36		13		39		55		103		31		63		13		57		19		51		67		52		72		28		19		46		65		45		134		128		42		69		81		121		71		25		109		63		31		42		135		76		51		32		24		64		26		77		0		39		93		26		123		17		104		60		50		63		104		81		51		87		60		121		42		97		33		66		116		69		45
88		93		22		52		25		51		47		89		31		72		63		53		30		84		42		49		66		32		31		64		27		50		103		51		39		56		55		43		73		43		5		68		66		58		61		71		99		81		3		32		42		38		64		28		66		30		40		58		48		70		49		69		67		58		39		46		48		95		89		39		66		84		82		32		40		70		24		44		39		96		79		40		33		21		67		13		80		39		0		60		33		84		32		65		63		47		24		65		56		16		84		63		82		39		58		6		27		77		44		48
48		39		44		64		43		63		75		35		79		80		41		113		90		30		96		103		58		82		91		12		51		104		55		111		99		54		19		45		37		103		57		14		126		118		39		11		51		69		59		86		102		98		86		62		126		84		100		112		56		130		67		33		121		112		99		106		108		49		75		89		40		144		72		80		94		62		70		98		77		42		139		42		93		75		127		67		140		93		60		0		87		62		86		11		123		75		74		43		12		44		46		123		76		51		34		60		37		55		104		108
121		126		43		85		44		28		80		122		64		105		46		76		53		117		75		26		43		65		54		97		36		17		136		76		62		89		88		42		106		66		30		101		89		81		48		86		132		114		30		39		65		61		97		25		89		39		63		25		31		93		26		54		34		29		62		69		71		128		122		16		47		107		115		65		7		103		57		11		16		129		102		45		56		12		90		20		103		26		33		87		0		117		9		98		86		24		57		98		75		45		61		86		115		36		91		27		60		110		67		71
14		29		74		32		73		93		37		27		53		18		71		51		106		36		42		133		88		52		83		50		81		134		19		49		105		28		43		75		25		81		87		50		64		56		69		73		15		7		87		116		100		68		24		92		70		114		66		142		86		74		97		71		151		142		77		58		94		13		13		119		70		82		10		52		124		14		60		128		107		26		77		72		91		105		71		97		78		123		84		62		117		0		116		57		67		105		60		19		58		72		86		69		14		81		28		90		57		7		54		92
120		125		42		84		43		37		79		121		63		104		49		67		44		116		74		17		52		64		45		96		35		18		135		75		53		88		87		41		105		57		29		100		80		72		47		85		131		113		29		30		56		52		96		24		80		30		54		26		34		84		35		55		35		26		53		60		62		127		121		25		52		98		114		64		8		102		56		14		25		128		93		44		47		11		81		19		94		17		32		86		9		116		0		97		77		33		56		97		74		44		70		77		114		35		90		26		59		109		62		62
43		28		55		59		54		74		70		30		74		75		52		108		87		21		91		114		69		77		86		7		62		115		50		106		94		49		14		56		32		98		68		7		121		113		50		16		46		64		68		97		97		93		81		73		121		95		95		123		67		125		78		44		132		123		94		101		103		44		70		100		51		139		67		75		105		57		65		109		88		31		134		53		88		86		122		78		135		104		65		11		98		57		97		0		118		86		69		38		23		53		57		118		71		62		29		71		38		50		99		103
75		90		85		59		88		114		48		88		44		55		126		18		39		97		27		66		129		41		32		111		90		95		86		26		38		69		104		106		86		20		68		111		23		11		124		134		82		64		64		49		33		25		47		91		3		47		23		75		111		7		112		132		84		75		24		17		27		78		72		102		129		21		65		43		85		61		53		91		102		87		16		103		30		84		4		66		17		60		63		123		86		67		77		118		0		110		49		80		119		79		147		2		65		102		89		69		86		68		19		25
109		114		31		73		32		12		68		110		66		93		34		100		77		105		83		50		19		69		78		85		24		29		124		98		86		77		76		30		94		90		42		89		113		105		36		74		120		102		46		63		89		85		85		19		113		63		87		37		19		117		8		42		46		53		86		93		95		116		110		14		35		131		103		67		25		91		57		23		8		117		126		33		80		26		114		44		127		50		47		75		24		105		33		86		110		0		61		86		63		33		37		110		103		24		79		41		48		98		91		95
64		69		36		28		39		65		23		65		7		48		77		39		46		60		22		73		80		8		23		62		41		74		79		37		45		32		55		57		49		29		27		62		52		44		75		85		75		57		27		56		40		24		40		42		52		54		26		82		62		56		63		83		91		82		25		32		34		71		65		59		80		70		58		8		64		46		4		68		53		72		65		54		31		45		53		37		66		63		24		74		57		60		56		69		49		61		0		41		70		30		98		49		58		53		40		30		37		53		30		34
23		28		55		21		54		74		32		24		36		37		52		70		87		19		53		114		69		39		64		31		62		115		38		68		86		11		24		56		8		62		68		31		83		75		50		54		34		26		68		97		81		55		43		73		83		95		57		123		67		87		78		52		132		123		58		63		75		30		32		100		51		101		29		37		105		19		41		109		88		31		96		53		72		86		84		78		97		104		65		43		98		19		97		38		80		86		41		0		39		53		67		80		33		62		9		71		38		12		61		73
46		51		34		60		31		51		71		47		75		76		29		109		86		42		92		91		46		78		87		22		39		92		61		107		95		50		15		33		33		99		51		26		122		114		27		15		57		65		55		74		98		94		82		50		122		72		96		100		44		126		55		21		109		100		95		102		104		53		71		77		28		140		68		76		82		58		66		86		65		54		135		30		89		63		123		55		136		81		56		12		75		58		74		23		119		63		70		39		0		40		34		119		72		39		30		50		33		51		100		104
76		81		6		40		9		35		35		77		35		60		47		69		46		72		52		61		50		38		47		52		11		62		91		67		55		44		43		27		61		59		15		56		82		74		45		55		87		69		15		44		58		54		52		20		82		42		56		70		32		86		33		53		79		70		55		62		64		83		77		47		50		100		70		36		52		58		26		56		35		84		95		24		49		33		83		25		96		51		16		44		45		72		44		53		79		33		30		53		40		0		68		79		70		23		46		18		15		65		60		64
80		85		62		88		59		33		99		81		103		104		21		137		114		76		120		87		18		106		115		56		57		58		95		135		123		78		47		41		65		127		79		60		150		142		23		45		91		93		83		100		126		122		110		56		150		100		124		72		36		154		35		15		83		90		123		130		132		87		99		45		18		168		96		104		62		86		94		56		45		88		163		44		117		63		151		81		164		87		84		46		61		86		70		57		147		37		98		67		34		68		0		147		100		45		58		78		61		79		128		132
75		90		85		59		88		114		48		88		44		57		126		20		37		97		27		64		129		41		32		111		90		95		88		28		36		69		104		106		86		20		68		111		25		13		124		134		84		66		64		47		31		25		49		91		3		47		23		75		111		7		112		132		82		73		24		17		25		80		74		102		129		21		67		43		85		61		53		91		102		87		16		103		30		84		4		66		17		60		63		123		86		69		77		118		2		110		49		80		119		79		147		0		67		102		89		69		86		68		19		23
28		43		72		30		71		91		35		41		51		10		79		47		104		50		40		131		86		50		81		64		79		132		21		39		103		26		57		73		39		79		85		64		50		54		77		87		25		7		85		114		98		66		18		90		68		112		64		140		84		72		95		85		149		140		75		56		92		27		7		117		82		68		4		50		122		14		58		126		105		40		63		70		89		103		69		95		70		121		82		76		115		14		114		71		65		103		58		33		72		70		100		67		0		79		42		88		55		21		52		90
85		90		17		49		14		12		54		86		58		69		24		92		69		81		75		52		27		61		70		61		12		53		100		90		78		53		52		6		70		82		34		65		105		97		22		50		96		78		38		55		81		77		65		11		105		55		79		61		9		109		16		30		70		61		78		85		87		92		86		38		27		123		79		59		43		67		49		47		26		93		118		9		72		24		106		36		119		42		39		51		36		81		35		62		102		24		53		62		39		23		45		102		79		0		55		33		24		74		83		87
30		35		48		30		47		67		41		31		45		46		45		79		80		26		62		107		62		48		57		22		55		108		45		77		79		20		15		49		15		69		61		22		92		84		43		45		41		35		61		90		74		64		52		66		92		88		66		116		60		96		71		43		125		116		65		72		74		37		41		93		44		110		38		46		98		28		36		102		81		38		105		46		65		79		93		71		106		97		58		34		91		28		90		29		89		79		40		9		30		46		58		89		42		55		0		64		31		21		70		74
94		99		16		58		19		45		53		95		37		78		57		59		36		90		48		43		60		38		37		70		21		44		109		57		45		62		61		37		79		49		3		74		72		64		55		65		105		87		5		26		48		44		70		22		72		24		46		52		42		76		43		63		61		52		45		52		54		101		95		33		60		90		88		38		34		76		30		38		33		102		85		34		39		15		73		7		86		33		6		60		27		90		26		71		69		41		30		71		50		18		78		69		88		33		64		0		33		83		50		54
61		66		17		27		16		36		38		62		42		45		40		76		53		57		59		76		43		45		54		37		24		77		76		74		62		29		28		20		46		66		30		41		89		81		38		48		72		54		30		59		65		61		49		35		89		57		63		85		29		93		40		46		94		85		62		69		71		68		62		62		43		107		55		43		67		43		33		71		50		69		102		17		56		48		90		40		103		66		27		37		60		57		59		38		86		48		37		38		33		15		61		86		55		24		31		33		0		50		67		71
11		22		67		25		66		86		30		20		46		25		64		58		99		29		41		126		81		45		76		43		74		127		26		56		98		21		36		68		18		74		80		43		71		63		62		66		22		14		80		109		93		61		31		85		71		107		59		135		79		75		90		64		144		135		70		51		87		18		20		112		63		89		17		45		117		7		53		121		100		19		84		65		84		98		72		90		85		116		77		55		110		7		109		50		68		98		53		12		51		65		79		68		21		74		21		83		50		0		49		85
58		71		66		40		69		95		29		69		25		42		107		9		52		78		12		79		110		22		29		92		71		80		73		13		51		50		85		87		67		27		49		92		22		14		105		115		69		51		45		62		46		14		34		72		22		60		12		88		92		26		93		113		97		88		23		4		40		65		59		83		110		40		52		24		70		42		34		74		83		68		35		84		37		65		23		47		36		69		44		104		67		54		62		99		19		91		30		61		100		60		128		19		52		83		70		50		67		49		0		38
96		101		70		60		73		99		55		97		39		80		111		43		18		92		50		45		114		40		17		96		75		80		111		51		13		64		89		91		81		11		53		96		48		36		109		119		107		89		49		32		8		24		72		76		22		32		26		60		96		22		97		117		59		50		15		34		2		103		97		87		114		38		90		40		70		78		38		76		87		104		31		88		15		69		21		51		32		45		48		108		71		92		62		103		25		95		34		73		104		64		132		23		90		87		74		54		71		85		38		0
