100
0		66		113		23		57		116		46		49		12		47		40		41		34		37		77		42		66		114		44		87		92		17		43		62		32		45		35		67		47		14		30		67		24		100		49		22		87		8		71		105		27		86		77		18		70		110		67		48		62		83		81		47		36		73		84		54		24		86		101		10		18		28		41		46		70		49		33		112		21		86		55		22		23		62		41		72		42		97		50		90		91		68		48		20		46		70		26		95		50		43		64		65		94		70		77		61		26		105		78		63
66		0		47		89		75		50		112		17		78		113		74		59		32		103		51		24		18		48		22		21		110		81		23		128		66		63		73		33		59		52		90		41		72		46		115		76		21		58		89		39		39		104		95		48		88		44		3		114		44		17		65		57		102		91		28		80		90		30		41		74		64		42		25		64		88		37		99		46		65		104		21		66		51		38		35		34		50		41		82		24		109		18		114		86		64		52		64		39		116		61		82		83		28		88		11		5		92		39		16		45
113		47		0		136		116		3		159		64		125		160		121		106		79		150		36		71		51		3		69		48		79		128		70		175		113		78		120		46		66		99		137		46		119		13		162		123		52		105		80		8		86		73		70		95		89		9		46		161		77		30		32		104		149		90		29		127		137		27		12		121		111		89		72		97		95		64		146		5		112		85		58		113		98		51		72		67		71		16		129		39		94		51		161		133		95		95		111		18		163		98		111		56		19		113		36		52		139		32		35		80
23		89		136		0		68		139		25		72		13		24		29		30		57		34		100		65		89		137		67		110		103		28		66		39		43		58		24		90		70		37		19		90		35		123		26		33		110		31		82		128		50		97		88		41		81		133		90		25		61		106		104		36		27		84		107		65		11		109		124		21		25		47		64		57		81		72		14		135		32		97		78		33		38		85		64		95		65		120		61		113		102		91		25		9		57		59		25		118		33		54		75		80		117		81		100		84		9		128		101		56
57		75		116		68		0		119		43		80		55		70		97		98		57		34		80		95		93		117		91		90		37		40		66		59		25		38		92		70		50		49		87		70		33		103		52		35		94		61		36		108		84		43		46		75		27		113		78		65		119		86		84		104		41		26		87		11		57		89		104		47		75		85		60		19		21		52		82		115		36		31		96		35		80		65		44		109		45		100		13		93		34		93		45		59		21		127		83		98		47		18		7		60		97		13		80		72		77		108		81		120
116		50		3		139		119		0		162		67		128		163		124		109		82		153		39		74		54		2		72		51		82		131		73		178		116		81		123		49		69		102		140		49		122		16		165		126		55		108		83		11		89		76		73		98		92		12		49		164		80		33		35		107		152		93		32		130		140		30		15		124		114		92		75		100		98		67		149		8		115		88		61		116		101		54		75		70		74		19		132		42		97		54		164		136		98		98		114		21		166		101		114		59		22		116		39		55		142		35		38		83
46		112		159		25		43		162		0		95		34		27		54		55		80		9		123		88		112		160		90		133		80		31		89		16		46		81		49		113		93		60		44		113		40		146		9		36		133		54		79		151		73		86		89		64		70		156		113		22		84		129		127		61		10		69		130		40		22		132		147		38		48		70		87		62		64		95		39		158		47		74		101		46		61		108		87		118		88		143		36		136		77		114		2		26		64		84		48		141		8		61		50		103		140		56		123		107		34		151		124		79
49		17		64		72		80		67		95		0		61		96		57		42		23		86		56		15		17		65		11		38		115		64		14		111		55		68		56		38		64		35		73		46		55		51		98		59		38		41		94		56		22		109		100		31		93		61		18		97		39		34		70		40		85		96		35		77		73		37		52		57		47		25		20		69		93		42		82		63		48		109		16		49		34		43		40		29		55		48		73		41		114		19		97		69		69		47		47		46		99		66		87		88		45		93		28		12		75		56		29		40
12		78		125		13		55		128		34		61		0		35		42		43		46		25		89		54		78		126		56		99		90		15		55		50		30		47		37		79		59		26		32		79		22		112		37		20		99		20		69		117		39		84		75		30		68		122		79		36		64		95		93		49		24		71		96		52		12		98		113		8		20		36		53		44		68		61		27		124		19		84		67		20		27		74		53		84		54		109		48		102		89		80		36		8		44		72		28		107		38		41		62		69		106		68		89		73		22		117		90		65
47		113		160		24		70		163		27		96		35		0		39		54		81		36		124		89		113		161		91		134		105		32		90		21		47		82		40		114		94		61		23		114		41		147		18		37		134		55		84		152		74		99		90		65		83		157		114		5		85		130		128		56		29		86		131		67		23		133		148		39		49		71		88		63		83		96		14		159		48		99		102		47		62		109		88		119		89		144		63		137		104		115		27		27		65		65		49		142		35		62		77		104		141		83		124		108		21		152		125		80
40		74		121		29		97		124		54		57		42		39		0		15		42		63		85		50		74		122		52		95		132		57		51		54		72		85		5		75		81		48		16		75		64		108		45		62		95		36		111		113		35		126		117		26		110		118		75		40		46		91		89		17		56		113		92		94		40		94		109		50		22		32		49		86		110		59		25		120		61		126		63		62		23		70		57		80		72		105		90		98		131		76		54		38		86		30		14		103		62		83		104		105		102		110		85		69		20		113		86		41
41		59		106		30		98		109		55		42		43		54		15		0		41		64		74		35		59		107		37		80		133		58		36		69		73		86		14		60		82		49		31		64		65		93		56		63		80		37		112		98		20		127		118		23		111		103		60		55		31		76		88		6		57		114		77		95		41		79		94		51		23		17		38		87		111		60		40		105		62		127		48		63		18		61		58		65		73		90		91		83		132		61		55		39		87		29		15		88		63		84		105		106		87		111		70		54		33		98		71		26
34		32		79		57		57		82		80		23		46		81		42		41		0		71		43		38		36		80		34		53		92		49		9		96		34		45		41		33		41		20		58		33		40		66		83		44		53		26		71		71		27		86		77		18		70		76		33		82		62		49		47		47		70		73		50		54		58		52		67		42		32		28		7		46		70		19		67		78		33		86		39		34		23		28		17		52		32		63		50		56		91		36		82		54		46		70		32		61		84		43		64		65		60		70		43		27		60		71		44		63
37		103		150		34		34		153		9		86		25		36		63		64		71		0		114		79		103		151		81		124		71		22		80		25		37		72		58		104		84		51		53		104		31		137		18		27		124		45		70		142		64		77		80		55		61		147		104		31		85		120		118		70		7		60		121		31		23		123		138		29		41		61		78		53		55		86		48		149		38		65		92		37		52		99		78		109		79		134		27		127		68		105		11		25		55		93		49		132		13		52		41		94		131		47		114		98		43		142		115		86
77		51		36		100		80		39		123		56		89		124		85		74		43		114		0		71		69		37		67		66		59		92		42		139		77		42		84		18		30		63		101		10		83		23		126		87		70		69		44		28		60		53		44		59		53		33		54		125		95		40		14		80		113		54		23		91		101		21		24		85		75		61		36		61		59		28		110		35		76		53		72		77		62		15		36		85		35		20		93		57		58		69		125		97		59		103		75		18		127		62		75		32		23		77		42		48		103		50		35		96
42		24		71		65		95		74		88		15		54		89		50		35		38		79		71		0		24		72		4		45		130		57		29		104		70		83		49		53		79		46		66		61		62		66		91		60		45		34		109		63		15		124		115		24		108		68		25		90		24		41		85		33		78		111		48		92		66		50		61		50		40		18		35		84		108		57		75		70		59		124		13		60		27		58		55		30		70		61		88		48		129		26		90		62		84		32		40		59		92		81		102		103		52		108		35		23		68		63		36		25
66		18		51		89		93		54		112		17		78		113		74		59		36		103		69		24		0		54		22		21		128		81		27		128		68		81		73		51		77		52		90		59		72		64		115		76		21		58		107		43		39		122		113		48		106		44		15		114		28		29		83		57		102		109		46		90		90		48		59		74		64		42		33		82		106		55		99		46		65		122		11		66		51		56		53		16		68		59		86		24		127		2		114		86		82		48		64		57		116		79		100		101		46		106		27		21		92		39		34		33
114		48		3		137		117		2		160		65		126		161		122		107		80		151		37		72		54		0		70		51		80		129		71		176		114		79		121		47		67		100		138		47		120		14		163		124		55		106		81		11		87		74		71		96		90		12		47		162		80		31		33		105		150		91		30		128		138		28		13		122		112		90		73		98		96		65		147		8		113		86		59		114		99		52		73		70		72		17		130		42		95		54		162		134		96		96		112		19		164		99		112		57		20		114		37		53		140		35		36		81
44		22		69		67		91		72		90		11		56		91		52		37		34		81		67		4		22		70		0		43		126		59		25		106		66		79		51		49		75		42		68		57		58		62		93		56		43		36		105		61		17		120		111		26		104		66		23		92		28		39		81		35		80		107		44		88		68		46		57		52		42		20		31		80		104		53		77		68		55		120		11		56		29		54		51		28		66		57		84		46		125		24		92		64		80		36		42		55		94		77		98		99		50		104		33		19		70		61		34		29
87		21		48		110		90		51		133		38		99		134		95		80		53		124		66		45		21		51		43		0		125		102		44		149		87		78		94		48		74		73		111		56		93		61		136		97		4		79		104		40		60		119		110		69		103		39		20		135		49		26		80		78		123		106		43		101		111		45		56		95		85		63		46		79		103		52		120		43		86		119		32		87		72		53		50		19		65		56		103		9		124		19		135		107		79		69		85		54		137		76		97		98		43		103		24		26		113		18		31		54
92		110		79		103		37		82		80		115		90		105		132		133		92		71		59		130		128		80		126		125		0		75		101		96		60		47		127		77		51		84		122		69		68		66		87		70		129		96		21		85		119		6		15		110		22		86		113		100		154		99		47		139		76		19		82		48		92		80		69		82		110		120		95		46		22		73		117		82		71		6		131		70		115		72		75		144		60		69		50		116		15		128		82		94		46		162		118		71		84		49		32		27		82		34		101		107		112		109		94		155
17		81		128		28		40		131		31		64		15		32		57		58		49		22		92		57		81		129		59		102		75		0		58		47		15		50		52		82		62		29		47		82		9		115		34		5		102		23		54		120		44		69		60		35		53		125		82		33		79		98		96		64		21		56		99		37		17		101		116		7		35		45		56		31		53		64		42		127		16		69		70		15		40		77		56		87		57		112		33		105		74		83		33		19		33		87		43		110		35		30		47		72		109		53		92		76		37		120		93		80
43		23		70		66		66		73		89		14		55		90		51		36		9		80		42		29		27		71		25		44		101		58		0		105		43		54		50		24		50		29		67		32		49		57		92		53		44		35		80		62		18		95		86		25		79		67		24		91		53		40		56		38		79		82		41		63		67		43		58		51		41		19		6		55		79		28		76		69		42		95		30		43		28		29		26		43		41		54		59		47		100		27		91		63		55		61		41		52		93		52		73		74		51		79		34		18		69		62		35		54
62		128		175		39		59		178		16		111		50		21		54		69		96		25		139		104		128		176		106		149		96		47		105		0		62		97		55		129		109		76		38		129		56		162		13		52		149		70		95		167		89		102		105		80		86		172		129		16		100		145		143		71		26		85		146		48		38		148		163		54		64		86		103		78		80		111		33		174		63		90		117		62		77		124		103		134		104		159		46		152		83		130		14		42		80		80		64		157		14		77		64		119		156		62		139		123		36		167		140		95
32		66		113		43		25		116		46		55		30		47		72		73		34		37		77		70		68		114		66		87		60		15		43		62		0		35		67		67		47		24		62		67		8		100		49		10		87		36		39		105		59		54		45		50		38		110		67		48		94		83		81		79		36		41		84		22		32		86		101		22		50		60		41		16		38		49		57		112		11		54		71		10		55		62		41		84		42		97		18		90		59		68		48		34		18		102		58		95		50		15		32		57		94		38		77		61		52		105		78		95
45		63		78		58		38		81		81		68		47		82		85		86		45		72		42		83		81		79		79		78		47		50		54		97		35		0		80		32		12		37		75		32		41		65		84		45		82		49		26		70		72		41		32		63		25		75		66		83		107		52		46		92		71		28		49		49		59		51		66		43		63		73		48		19		25		26		70		77		34		41		84		35		68		27		28		97		13		62		51		69		46		81		83		55		17		115		71		60		85		20		33		22		59		35		54		60		65		70		47		108
35		73		120		24		92		123		49		56		37		40		5		14		41		58		84		49		73		121		51		94		127		52		50		55		67		80		0		74		76		43		17		74		59		107		42		57		94		31		106		112		34		121		112		25		105		117		74		41		45		90		88		16		51		108		91		89		35		93		108		45		17		31		48		81		105		56		26		119		56		121		62		57		22		69		52		79		67		104		85		97		126		75		49		33		81		35		9		102		57		78		99		100		101		105		84		68		19		112		85		40
67		33		46		90		70		49		113		38		79		114		75		60		33		104		18		53		51		47		49		48		77		82		24		129		67		32		74		0		26		53		91		8		73		33		116		77		52		59		56		38		42		71		62		49		55		43		36		115		77		22		32		62		103		58		17		81		91		19		34		75		65		43		26		51		55		18		100		45		66		71		54		67		52		5		26		67		25		30		83		39		76		51		115		87		49		85		65		28		117		52		65		50		27		67		24		30		93		38		17		78
47		59		66		70		50		69		93		64		59		94		81		82		41		84		30		79		77		67		75		74		51		62		50		109		47		12		76		26		0		33		71		20		53		53		96		57		78		45		30		58		68		45		36		59		29		63		62		95		103		48		34		88		83		32		37		61		71		39		54		55		59		69		44		31		29		22		80		65		46		45		80		47		64		21		24		93		9		50		63		65		50		77		95		67		29		111		67		48		97		32		45		24		47		47		50		56		73		58		43		104
14		52		99		37		49		102		60		35		26		61		48		49		20		51		63		46		52		100		42		73		84		29		29		76		24		37		43		53		33		0		38		53		20		86		63		24		73		12		63		91		35		78		69		26		62		96		53		62		70		69		67		55		50		65		70		46		38		72		87		22		26		36		27		38		62		35		47		98		13		78		47		14		31		48		27		60		28		83		42		76		83		54		62		34		38		78		34		81		64		35		56		57		80		62		63		47		40		91		64		71
30		90		137		19		87		140		44		73		32		23		16		31		58		53		101		66		90		138		68		111		122		47		67		38		62		75		17		91		71		38		0		91		54		124		35		52		111		32		101		129		51		116		107		42		100		134		91		24		62		107		105		33		46		103		108		84		30		110		125		40		26		48		65		76		100		73		9		136		51		116		79		52		39		86		65		96		66		121		80		114		121		92		44		28		76		42		26		119		52		73		94		95		118		100		101		85		10		129		102		57
67		41		46		90		70		49		113		46		79		114		75		64		33		104		10		61		59		47		57		56		69		82		32		129		67		32		74		8		20		53		91		0		73		33		116		77		60		59		48		38		50		63		54		49		47		43		44		115		85		30		24		70		103		50		17		81		91		19		34		75		65		51		26		51		49		18		100		45		66		63		62		67		52		5		26		75		25		30		83		47		68		59		115		87		49		93		65		28		117		52		65		42		27		67		32		38		93		40		25		86
24		72		119		35		33		122		40		55		22		41		64		65		40		31		83		62		72		120		58		93		68		9		49		56		8		41		59		73		53		20		54		73		0		106		43		4		93		28		47		111		51		62		53		42		46		116		73		42		86		89		87		71		30		49		90		30		24		92		107		14		42		52		47		22		46		55		49		118		7		62		63		6		47		68		47		78		48		103		26		96		67		74		42		26		24		94		50		101		44		21		40		63		100		46		83		67		44		111		84		87
100		46		13		123		103		16		146		51		112		147		108		93		66		137		23		66		64		14		62		61		66		115		57		162		100		65		107		33		53		86		124		33		106		0		149		110		65		92		67		21		73		60		57		82		76		22		49		148		90		35		19		91		136		77		18		114		124		16		5		108		98		76		59		84		82		51		133		18		99		72		67		100		85		38		59		80		58		5		116		52		81		64		148		120		82		98		98		7		150		85		98		43		18		100		37		43		126		45		30		91
49		115		162		26		52		165		9		98		37		18		45		56		83		18		126		91		115		163		93		136		87		34		92		13		49		84		42		116		96		63		35		116		43		149		0		39		136		57		82		154		76		89		92		67		73		159		116		13		87		132		130		58		13		72		133		49		25		135		150		41		51		73		90		65		67		98		30		161		50		81		104		49		64		111		90		121		91		146		45		139		86		117		9		29		67		75		51		144		17		64		59		106		143		65		126		110		25		154		127		82
22		76		123		33		35		126		36		59		20		37		62		63		44		27		87		60		76		124		56		97		70		5		53		52		10		45		57		77		57		24		52		77		4		110		39		0		97		26		49		115		49		64		55		40		48		120		77		38		84		93		91		69		26		51		94		32		22		96		111		12		40		50		51		26		48		59		47		122		11		64		65		10		45		72		51		82		52		107		28		100		69		78		38		24		28		92		48		105		40		25		42		67		104		48		87		71		42		115		88		85
87		21		52		110		94		55		133		38		99		134		95		80		53		124		70		45		21		55		43		4		129		102		44		149		87		82		94		52		78		73		111		60		93		65		136		97		0		79		108		44		60		123		114		69		107		43		20		135		49		30		84		78		123		110		47		101		111		49		60		95		85		63		46		83		107		56		120		47		86		123		32		87		72		57		54		15		69		60		103		13		128		19		135		107		83		69		85		58		137		80		101		102		47		107		28		26		113		20		35		54
8		58		105		31		61		108		54		41		20		55		36		37		26		45		69		34		58		106		36		79		96		23		35		70		36		49		31		59		45		12		32		59		28		92		57		26		79		0		75		97		23		90		81		14		74		102		59		56		58		75		73		43		44		77		76		58		32		78		93		16		14		24		33		50		74		41		41		104		25		90		47		26		19		54		33		64		36		89		54		82		95		60		56		28		50		66		22		87		58		47		68		69		86		74		69		53		34		97		70		59
71		89		80		82		36		83		79		94		69		84		111		112		71		70		44		109		107		81		105		104		21		54		80		95		39		26		106		56		30		63		101		48		47		67		82		49		108		75		0		72		98		15		10		89		9		77		92		81		133		78		48		118		69		10		61		47		71		59		68		61		89		99		74		25		15		52		96		79		50		15		110		49		94		51		54		123		39		64		49		95		20		107		81		73		25		141		97		62		83		28		31		24		61		33		80		86		91		88		73		134
105		39		8		128		108		11		151		56		117		152		113		98		71		142		28		63		43		11		61		40		85		120		62		167		105		70		112		38		58		91		129		38		111		21		154		115		44		97		72		0		78		79		70		87		81		5		38		153		69		22		40		96		141		82		21		119		129		19		16		113		103		81		64		89		87		56		138		7		104		79		50		105		90		43		64		59		63		16		121		31		86		43		153		125		87		87		103		14		155		90		103		58		11		105		28		44		131		24		27		72
27		39		86		50		84		89		73		22		39		74		35		20		27		64		60		15		39		87		17		60		119		44		18		89		59		72		34		42		68		35		51		50		51		73		76		49		60		23		98		78		0		113		104		9		97		83		40		75		35		56		74		20		63		100		57		81		51		59		74		37		25		3		24		73		97		46		60		85		48		113		28		49		12		47		44		45		59		70		77		63		118		41		75		47		73		43		25		68		77		70		91		92		67		97		50		34		53		78		51		36
86		104		73		97		43		76		86		109		84		99		126		127		86		77		53		124		122		74		120		119		6		69		95		102		54		41		121		71		45		78		116		63		62		60		89		64		123		90		15		79		113		0		9		104		16		80		107		94		148		93		41		133		76		17		76		54		86		74		63		76		104		114		89		40		22		67		111		76		65		12		125		64		109		66		69		138		54		63		56		110		21		122		88		88		40		156		112		65		90		43		38		21		76		40		95		101		106		103		88		149
77		95		70		88		46		73		89		100		75		90		117		118		77		80		44		115		113		71		111		110		15		60		86		105		45		32		112		62		36		69		107		54		53		57		92		55		114		81		10		70		104		9		0		95		19		71		98		91		139		84		38		124		79		20		67		57		77		65		58		67		95		105		80		31		25		58		102		69		56		15		116		55		100		57		60		129		45		54		59		101		24		113		91		79		31		147		103		56		93		34		41		14		67		43		86		92		97		94		79		140
18		48		95		41		75		98		64		31		30		65		26		23		18		55		59		24		48		96		26		69		110		35		25		80		50		63		25		49		59		26		42		49		42		82		67		40		69		14		89		87		9		104		95		0		88		92		49		66		44		65		65		29		54		91		66		72		42		68		83		28		16		10		23		64		88		37		51		94		39		104		37		40		5		44		35		54		50		79		68		72		109		50		66		38		64		52		16		77		68		61		82		83		76		88		59		43		44		87		60		45
70		88		89		81		27		92		70		93		68		83		110		111		70		61		53		108		106		90		104		103		22		53		79		86		38		25		105		55		29		62		100		47		46		76		73		48		107		74		9		81		97		16		19		88		0		86		91		78		132		77		57		117		60		3		60		38		70		62		77		60		88		98		73		24		6		51		95		88		49		16		109		48		93		50		53		122		38		73		40		94		21		106		72		72		24		140		96		71		74		27		22		33		70		24		79		85		90		87		72		133
110		44		9		133		113		12		156		61		122		157		118		103		76		147		33		68		44		12		66		39		86		125		67		172		110		75		117		43		63		96		134		43		116		22		159		120		43		102		77		5		83		80		71		92		86		0		43		158		72		27		41		101		146		87		26		124		134		24		17		118		108		86		69		94		92		61		143		4		109		82		55		110		95		48		69		58		68		17		126		30		91		42		158		130		92		92		108		15		160		95		108		59		16		110		33		49		136		23		32		77
67		3		46		90		78		49		113		18		79		114		75		60		33		104		54		25		15		47		23		20		113		82		24		129		67		66		74		36		62		53		91		44		73		49		116		77		20		59		92		38		40		107		98		49		91		43		0		115		41		16		68		58		103		94		31		81		91		33		44		75		65		43		26		67		91		40		100		45		66		107		18		67		52		41		38		31		53		44		83		23		112		15		115		87		67		49		65		42		117		64		85		86		31		91		12		6		93		38		19		42
48		114		161		25		65		164		22		97		36		5		40		55		82		31		125		90		114		162		92		135		100		33		91		16		48		83		41		115		95		62		24		115		42		148		13		38		135		56		81		153		75		94		91		66		78		158		115		0		86		131		129		57		24		81		132		62		24		134		149		40		50		72		89		64		78		97		17		160		49		94		103		48		63		110		89		120		90		145		58		138		99		116		22		28		66		66		50		143		30		63		72		105		142		78		125		109		22		153		126		81
62		44		77		61		119		80		84		39		64		85		46		31		62		85		95		24		28		80		28		49		154		79		53		100		94		107		45		77		103		70		62		85		86		90		87		84		49		58		133		69		35		148		139		44		132		72		41		86		0		55		109		29		78		135		72		116		62		74		85		72		44		34		59		108		132		81		71		74		83		148		23		84		39		82		79		34		94		85		112		52		153		30		86		60		108		20		36		83		88		105		126		127		72		132		53		47		64		67		60		5
83		17		30		106		86		33		129		34		95		130		91		76		49		120		40		41		29		31		39		26		99		98		40		145		83		52		90		22		48		69		107		30		89		35		132		93		30		75		78		22		56		93		84		65		77		27		16		131		55		0		54		74		119		80		17		97		107		19		30		91		81		59		42		67		77		34		116		29		82		93		32		83		68		27		42		45		41		30		99		17		98		29		131		103		65		65		81		28		133		68		81		72		17		83		6		22		109		22		5		56
81		65		32		104		84		35		127		70		93		128		89		88		47		118		14		85		83		33		81		80		47		96		56		143		81		46		88		32		34		67		105		24		87		19		130		91		84		73		48		40		74		41		38		65		57		41		68		129		109		54		0		94		117		58		37		95		105		35		24		89		79		75		50		65		63		32		114		37		80		53		86		81		70		27		40		99		39		24		97		71		62		83		129		101		63		117		79		26		131		66		79		24		37		81		56		62		107		64		49		110
47		57		104		36		104		107		61		40		49		56		17		6		47		70		80		33		57		105		35		78		139		64		38		71		79		92		16		62		88		55		33		70		71		91		58		69		78		43		118		96		20		133		124		29		117		101		58		57		29		74		94		0		63		120		75		101		47		77		92		57		29		19		44		93		117		66		42		103		68		133		46		69		24		67		64		63		79		88		97		81		138		59		61		45		93		23		21		86		69		90		111		112		85		117		68		52		35		96		69		24
36		102		149		27		41		152		10		85		24		29		56		57		70		7		113		78		102		150		80		123		76		21		79		26		36		71		51		103		83		50		46		103		30		136		13		26		123		44		69		141		63		76		79		54		60		146		103		24		78		119		117		63		0		59		120		38		16		122		137		28		38		60		77		52		54		85		41		148		37		70		91		36		51		98		77		108		78		133		34		126		75		104		12		18		54		86		42		131		14		51		48		93		130		54		113		97		36		141		114		79
73		91		90		84		26		93		69		96		71		86		113		114		73		60		54		111		109		91		107		106		19		56		82		85		41		28		108		58		32		65		103		50		49		77		72		51		110		77		10		82		100		17		20		91		3		87		94		81		135		80		58		120		59		0		63		37		73		63		78		63		91		101		76		27		5		54		98		89		52		13		112		51		96		53		56		125		41		74		39		97		18		109		71		75		27		143		99		72		73		30		21		34		71		23		82		88		93		90		75		136
84		28		29		107		87		32		130		35		96		131		92		77		50		121		23		48		46		30		44		43		82		99		41		146		84		49		91		17		37		70		108		17		90		18		133		94		47		76		61		21		57		76		67		66		60		26		31		132		72		17		37		75		120		63		0		98		108		2		17		92		82		60		43		68		66		35		117		28		83		76		49		84		69		22		43		62		42		13		100		34		81		46		132		104		66		80		82		11		134		69		82		55		10		84		19		25		110		27		12		73
54		80		127		65		11		130		40		77		52		67		94		95		54		31		91		92		90		128		88		101		48		37		63		48		22		49		89		81		61		46		84		81		30		114		49		32		101		58		47		119		81		54		57		72		38		124		81		62		116		97		95		101		38		37		98		0		54		100		115		44		72		82		57		30		32		63		79		126		33		42		93		32		77		76		55		106		56		111		4		104		37		90		40		56		32		124		80		109		36		29		16		71		108		16		91		75		74		119		92		117
24		90		137		11		57		140		22		73		12		23		40		41		58		23		101		66		90		138		68		111		92		17		67		38		32		59		35		91		71		38		30		91		24		124		25		22		111		32		71		129		51		86		77		42		70		134		91		24		62		107		105		47		16		73		108		54		0		110		125		16		26		48		65		46		70		73		25		136		25		86		79		24		39		86		65		96		66		121		50		114		91		92		24		4		46		70		26		119		26		43		64		81		118		70		101		85		20		129		102		63
86		30		27		109		89		30		132		37		98		133		94		79		52		123		21		50		48		28		46		45		80		101		43		148		86		51		93		19		39		72		110		19		92		16		135		96		49		78		59		19		59		74		65		68		62		24		33		134		74		19		35		77		122		63		2		100		110		0		15		94		84		62		45		70		68		37		119		26		85		74		51		86		71		24		45		64		44		11		102		36		79		48		134		106		68		82		84		9		136		71		84		53		8		86		21		27		112		29		14		75
101		41		12		124		104		15		147		52		113		148		109		94		67		138		24		61		59		13		57		56		69		116		58		163		101		66		108		34		54		87		125		34		107		5		150		111		60		93		68		16		74		63		58		83		77		17		44		149		85		30		24		92		137		78		17		115		125		15		0		109		99		77		60		85		83		52		134		13		100		73		62		101		86		39		60		75		59		4		117		47		82		59		149		121		83		93		99		6		151		86		99		44		13		101		32		40		127		40		25		86
10		74		121		21		47		124		38		57		8		39		50		51		42		29		85		50		74		122		52		95		82		7		51		54		22		43		45		75		55		22		40		75		14		108		41		12		95		16		61		113		37		76		67		28		60		118		75		40		72		91		89		57		28		63		92		44		16		94		109		0		28		38		49		36		60		57		35		120		11		76		63		12		33		70		49		80		50		105		40		98		81		76		40		12		36		80		36		103		42		33		54		65		102		60		85		69		30		113		86		73
18		64		111		25		75		114		48		47		20		49		22		23		32		41		75		40		64		112		42		85		110		35		41		64		50		63		17		65		59		26		26		65		42		98		51		40		85		14		89		103		25		104		95		16		88		108		65		50		44		81		79		29		38		91		82		72		26		84		99		28		0		22		39		64		88		47		35		110		39		104		53		40		13		60		39		70		50		95		68		88		109		66		50		22		64		52		8		93		52		61		82		83		92		88		75		59		28		103		76		45
28		42		89		47		85		92		70		25		36		71		32		17		28		61		61		18		42		90		20		63		120		45		19		86		60		73		31		43		69		36		48		51		52		76		73		50		63		24		99		81		3		114		105		10		98		86		43		72		34		59		75		19		60		101		60		82		48		62		77		38		22		0		25		74		98		47		57		88		49		114		31		50		9		48		45		48		60		73		78		66		119		44		72		44		74		42		22		71		74		71		92		93		70		98		53		37		50		81		54		35
41		25		72		64		60		75		87		20		53		88		49		38		7		78		36		35		33		73		31		46		95		56		6		103		41		48		48		26		44		27		65		26		47		59		90		51		46		33		74		64		24		89		80		23		73		69		26		89		59		42		50		44		77		76		43		57		65		45		60		49		39		25		0		49		73		22		74		71		40		89		36		41		26		23		20		49		35		56		57		49		94		33		89		61		49		67		39		54		91		46		67		68		53		73		36		20		67		64		37		60
46		64		97		57		19		100		62		69		44		63		86		87		46		53		61		84		82		98		80		79		46		31		55		78		16		19		81		51		31		38		76		51		22		84		65		26		83		50		25		89		73		40		31		64		24		94		67		64		108		67		65		93		52		27		68		30		46		70		85		36		64		74		49		0		24		33		71		96		25		40		85		24		69		46		29		98		26		81		32		74		45		82		64		48		2		116		72		79		66		3		18		41		78		24		61		61		66		89		62		109
70		88		95		81		21		98		64		93		68		83		110		111		70		55		59		108		106		96		104		103		22		53		79		80		38		25		105		55		29		62		100		49		46		82		67		48		107		74		15		87		97		22		25		88		6		92		91		78		132		77		63		117		54		5		66		32		70		68		83		60		88		98		73		24		0		51		95		94		49		16		109		48		93		50		53		122		38		79		34		94		21		106		66		72		24		140		96		77		68		27		16		39		76		18		79		85		90		87		72		133
49		37		64		72		52		67		95		42		61		96		59		60		19		86		28		57		55		65		53		52		73		64		28		111		49		26		56		18		22		35		73		18		55		51		98		59		56		41		52		56		46		67		58		37		51		61		40		97		81		34		32		66		85		54		35		63		73		37		52		57		47		47		22		33		51		0		82		63		48		67		58		49		42		13		8		71		13		48		65		43		72		55		97		69		31		89		47		46		99		34		47		46		45		51		28		34		75		56		29		82
33		99		146		14		82		149		39		82		27		14		25		40		67		48		110		75		99		147		77		120		117		42		76		33		57		70		26		100		80		47		9		100		49		133		30		47		120		41		96		138		60		111		102		51		95		143		100		17		71		116		114		42		41		98		117		79		25		119		134		35		35		57		74		71		95		82		0		145		46		111		88		47		48		95		74		105		75		130		75		123		116		101		39		23		71		51		35		128		47		68		89		90		127		95		110		94		7		138		111		66
112		46		5		135		115		8		158		63		124		159		120		105		78		149		35		70		46		8		68		43		82		127		69		174		112		77		119		45		65		98		136		45		118		18		161		122		47		104		79		7		85		76		69		94		88		4		45		160		74		29		37		103		148		89		28		126		136		26		13		120		110		88		71		96		94		63		145		0		111		84		57		112		97		50		71		62		70		15		128		34		93		46		160		132		94		94		110		17		162		97		110		55		18		112		35		51		138		27		34		79
21		65		112		32		36		115		47		48		19		48		61		62		33		38		76		59		65		113		55		86		71		16		42		63		11		34		56		66		46		13		51		66		7		99		50		11		86		25		50		104		48		65		56		39		49		109		66		49		83		82		80		68		37		52		83		33		25		85		100		11		39		49		40		25		49		48		46		111		0		65		60		1		44		61		40		73		41		96		29		89		70		67		49		23		25		91		47		94		51		22		43		56		93		49		76		60		41		104		77		84
86		104		85		97		31		88		74		109		84		99		126		127		86		65		53		124		122		86		120		119		6		69		95		90		54		41		121		71		45		78		116		63		62		72		81		64		123		90		15		79		113		12		15		104		16		82		107		94		148		93		53		133		70		13		76		42		86		74		73		76		104		114		89		40		16		67		111		84		65		0		125		64		109		66		69		138		54		69		44		110		9		122		76		88		40		156		112		67		78		43		26		29		76		28		95		101		106		103		88		149
55		21		58		78		96		61		101		16		67		102		63		48		39		92		72		13		11		59		11		32		131		70		30		117		71		84		62		54		80		47		79		62		63		67		104		65		32		47		110		50		28		125		116		37		109		55		18		103		23		32		86		46		91		112		49		93		79		51		62		63		53		31		36		85		109		58		88		57		60		125		0		61		40		59		56		17		71		62		89		35		130		13		103		75		85		37		53		60		105		82		103		104		49		109		30		24		81		50		37		24
22		66		113		33		35		116		46		49		20		47		62		63		34		37		77		60		66		114		56		87		70		15		43		62		10		35		57		67		47		14		52		67		6		100		49		10		87		26		49		105		49		64		55		40		48		110		67		48		84		83		81		69		36		51		84		32		24		86		101		12		40		50		41		24		48		49		47		112		1		64		61		0		45		62		41		74		42		97		28		90		69		68		48		24		24		92		48		95		50		21		42		57		94		48		77		61		42		105		78		85
23		51		98		38		80		101		61		34		27		62		23		18		23		52		62		27		51		99		29		72		115		40		28		77		55		68		22		52		64		31		39		52		47		85		64		45		72		19		94		90		12		109		100		5		93		95		52		63		39		68		70		24		51		96		69		77		39		71		86		33		13		9		26		69		93		42		48		97		44		109		40		45		0		47		40		57		55		82		73		75		114		53		63		35		69		47		13		80		65		66		87		88		79		93		62		46		41		90		63		40
62		38		51		85		65		54		108		43		74		109		70		61		28		99		15		58		56		52		54		53		72		77		29		124		62		27		69		5		21		48		86		5		68		38		111		72		57		54		51		43		47		66		57		44		50		48		41		110		82		27		27		67		98		53		22		76		86		24		39		70		60		48		23		46		50		13		95		50		61		66		59		62		47		0		21		72		20		35		78		44		71		56		110		82		44		90		60		33		112		47		60		45		32		62		29		35		88		43		22		83
41		35		72		64		44		75		87		40		53		88		57		58		17		78		36		55		53		73		51		50		75		56		26		103		41		28		52		26		24		27		65		26		47		59		90		51		54		33		54		64		44		69		60		35		53		69		38		89		79		42		40		64		77		56		43		55		65		45		60		49		39		45		20		29		53		8		74		71		40		69		56		41		40		21		0		69		15		56		57		49		74		53		89		61		29		87		43		54		91		26		47		48		53		53		36		32		67		64		37		80
72		34		67		95		109		70		118		29		84		119		80		65		52		109		85		30		16		70		28		19		144		87		43		134		84		97		79		67		93		60		96		75		78		80		121		82		15		64		123		59		45		138		129		54		122		58		31		120		34		45		99		63		108		125		62		106		96		64		75		80		70		48		49		98		122		71		105		62		73		138		17		74		57		72		69		0		84		75		102		28		143		16		120		92		98		54		70		73		122		95		116		117		62		122		43		37		98		35		50		39
42		50		71		65		45		74		88		55		54		89		72		73		32		79		35		70		68		72		66		65		60		57		41		104		42		13		67		25		9		28		66		25		48		58		91		52		69		36		39		63		59		54		45		50		38		68		53		90		94		41		39		79		78		41		42		56		66		44		59		50		50		60		35		26		38		13		75		70		41		54		71		42		55		20		15		84		0		55		58		56		59		68		90		62		24		102		58		53		92		27		40		33		52		42		41		47		68		63		36		95
97		41		16		120		100		19		143		48		109		144		105		90		63		134		20		61		59		17		57		56		69		112		54		159		97		62		104		30		50		83		121		30		103		5		146		107		60		89		64		16		70		63		54		79		73		17		44		145		85		30		24		88		133		74		13		111		121		11		4		105		95		73		56		81		79		48		130		15		96		69		62		97		82		35		56		75		55		0		113		47		78		59		145		117		79		93		95		2		147		82		95		42		13		97		32		38		123		40		25		86
50		82		129		61		13		132		36		73		48		63		90		91		50		27		93		88		86		130		84		103		50		33		59		46		18		51		85		83		63		42		80		83		26		116		45		28		103		54		49		121		77		56		59		68		40		126		83		58		112		99		97		97		34		39		100		4		50		102		117		40		68		78		57		32		34		65		75		128		29		44		89		28		73		78		57		102		58		113		0		106		41		86		36		52		34		120		76		111		34		31		18		73		110		20		93		77		70		121		94		113
90		24		39		113		93		42		136		41		102		137		98		83		56		127		57		48		24		42		46		9		116		105		47		152		90		69		97		39		65		76		114		47		96		52		139		100		13		82		95		31		63		110		101		72		94		30		23		138		52		17		71		81		126		97		34		104		114		36		47		98		88		66		49		74		94		43		123		34		89		110		35		90		75		44		49		28		56		47		106		0		115		22		138		110		72		72		88		45		140		75		88		89		34		94		15		29		116		15		22		57
91		109		94		102		34		97		77		114		89		104		131		132		91		68		58		129		127		95		125		124		15		74		100		83		59		46		126		76		50		83		121		68		67		81		86		69		128		95		20		86		118		21		24		109		21		91		112		99		153		98		62		138		75		18		81		37		91		79		82		81		109		119		94		45		21		72		116		93		70		9		130		69		114		71		74		143		59		78		41		115		0		127		77		93		45		161		117		76		69		48		27		38		81		21		100		106		111		108		93		154
68		18		51		91		93		54		114		19		80		115		76		61		36		105		69		26		2		54		24		19		128		83		27		130		68		81		75		51		77		54		92		59		74		64		117		78		19		60		107		43		41		122		113		50		106		42		15		116		30		29		83		59		104		109		46		90		92		48		59		76		66		44		33		82		106		55		101		46		67		122		13		68		53		56		53		16		68		59		86		22		127		0		116		88		82		50		66		57		118		79		100		101		46		106		27		21		94		37		34		35
48		114		161		25		45		164		2		97		36		27		54		55		82		11		125		90		114		162		92		135		82		33		91		14		48		83		49		115		95		62		44		115		42		148		9		38		135		56		81		153		75		88		91		66		72		158		115		22		86		131		129		61		12		71		132		40		24		134		149		40		50		72		89		64		66		97		39		160		49		76		103		48		63		110		89		120		90		145		36		138		77		116		0		28		66		84		50		143		8		63		50		105		142		56		125		109		34		153		126		81
20		86		133		9		59		136		26		69		8		27		38		39		54		25		97		62		86		134		64		107		94		19		63		42		34		55		33		87		67		34		28		87		26		120		29		24		107		28		73		125		47		88		79		38		72		130		87		28		60		103		101		45		18		75		104		56		4		106		121		12		22		44		61		48		72		69		23		132		23		88		75		24		35		82		61		92		62		117		52		110		93		88		28		0		48		68		24		115		30		45		66		77		114		72		97		81		18		125		98		61
46		64		95		57		21		98		64		69		44		65		86		87		46		55		59		84		82		96		80		79		46		33		55		80		18		17		81		49		29		38		76		49		24		82		67		28		83		50		25		87		73		40		31		64		24		92		67		66		108		65		63		93		54		27		66		32		46		68		83		36		64		74		49		2		24		31		71		94		25		40		85		24		69		44		29		98		24		79		34		72		45		82		66		48		0		116		72		77		68		3		18		39		76		24		59		61		66		87		60		109
70		52		95		59		127		98		84		47		72		65		30		29		70		93		103		32		48		96		36		69		162		87		61		80		102		115		35		85		111		78		42		93		94		98		75		92		69		66		141		87		43		156		147		52		140		92		49		66		20		65		117		23		86		143		80		124		70		82		93		80		52		42		67		116		140		89		51		94		91		156		37		92		47		90		87		54		102		93		120		72		161		50		84		68		116		0		44		91		92		113		134		135		80		140		61		55		50		87		68		15
26		64		111		25		83		114		48		47		28		49		14		15		32		49		75		40		64		112		42		85		118		43		41		64		58		71		9		65		67		34		26		65		50		98		51		48		85		22		97		103		25		112		103		16		96		108		65		50		36		81		79		21		42		99		82		80		26		84		99		36		8		22		39		72		96		47		35		110		47		112		53		48		13		60		43		70		58		95		76		88		117		66		50		24		72		44		0		93		52		69		90		91		92		96		75		59		28		103		76		37
95		39		18		118		98		21		141		46		107		142		103		88		61		132		18		59		57		19		55		54		71		110		52		157		95		60		102		28		48		81		119		28		101		7		144		105		58		87		62		14		68		65		56		77		71		15		42		143		83		28		26		86		131		72		11		109		119		9		6		103		93		71		54		79		77		46		128		17		94		67		60		95		80		33		54		73		53		2		111		45		76		57		143		115		77		91		93		0		145		80		93		44		11		95		30		36		121		38		23		84
50		116		163		33		47		166		8		99		38		35		62		63		84		13		127		92		116		164		94		137		84		35		93		14		50		85		57		117		97		64		52		117		44		150		17		40		137		58		83		155		77		90		93		68		74		160		117		30		88		133		131		69		14		73		134		36		26		136		151		42		52		74		91		66		68		99		47		162		51		78		105		50		65		112		91		122		92		147		34		140		69		118		8		30		68		92		52		145		0		65		52		107		144		50		127		111		42		155		128		85
43		61		98		54		18		101		61		66		41		62		83		84		43		52		62		81		79		99		77		76		49		30		52		77		15		20		78		52		32		35		73		52		21		85		64		25		80		47		28		90		70		43		34		61		27		95		64		63		105		68		66		90		51		30		69		29		43		71		86		33		61		71		46		3		27		34		68		97		22		43		82		21		66		47		26		95		27		82		31		75		48		79		63		45		3		113		69		80		65		0		21		42		79		27		62		58		63		90		63		106
64		82		111		75		7		114		50		87		62		77		104		105		64		41		75		102		100		112		98		97		32		47		73		64		32		33		99		65		45		56		94		65		40		98		59		42		101		68		31		103		91		38		41		82		22		108		85		72		126		81		79		111		48		21		82		16		64		84		99		54		82		92		67		18		16		47		89		110		43		26		103		42		87		60		47		116		40		95		18		88		27		100		50		66		18		134		90		93		52		21		0		55		92		6		75		79		84		103		76		127
65		83		56		80		60		59		103		88		69		104		105		106		65		94		32		103		101		57		99		98		27		72		74		119		57		22		100		50		24		57		95		42		63		43		106		67		102		69		24		58		92		21		14		83		33		59		86		105		127		72		24		112		93		34		55		71		81		53		44		65		83		93		68		41		39		46		90		55		56		29		104		57		88		45		48		117		33		42		73		89		38		101		105		77		39		135		91		44		107		42		55		0		55		57		74		80		85		82		67		128
94		28		19		117		97		22		140		45		106		141		102		87		60		131		23		52		46		20		50		43		82		109		51		156		94		59		101		27		47		80		118		27		100		18		143		104		47		86		61		11		67		76		67		76		70		16		31		142		72		17		37		85		130		71		10		108		118		8		13		102		92		70		53		78		76		45		127		18		93		76		49		94		79		32		53		62		52		13		110		34		81		46		142		114		76		80		92		11		144		79		92		55		0		94		19		33		120		27		16		73
70		88		113		81		13		116		56		93		68		83		110		111		70		47		77		108		106		114		104		103		34		53		79		62		38		35		105		67		47		62		100		67		46		100		65		48		107		74		33		105		97		40		43		88		24		110		91		78		132		83		81		117		54		23		84		16		70		86		101		60		88		98		73		24		18		51		95		112		49		28		109		48		93		62		53		122		42		97		20		94		21		106		56		72		24		140		96		95		50		27		6		57		94		0		79		85		90		105		78		133
77		11		36		100		80		39		123		28		89		124		85		70		43		114		42		35		27		37		33		24		101		92		34		139		77		54		84		24		50		63		101		32		83		37		126		87		28		69		80		28		50		95		86		59		79		33		12		125		53		6		56		68		113		82		19		91		101		21		32		85		75		53		36		61		79		28		110		35		76		95		30		77		62		29		36		43		41		32		93		15		100		27		125		97		59		61		75		30		127		62		75		74		19		79		0		16		103		28		7		54
61		5		52		84		72		55		107		12		73		108		69		54		27		98		48		23		21		53		19		26		107		76		18		123		61		60		68		30		56		47		85		38		67		43		110		71		26		53		86		44		34		101		92		43		85		49		6		109		47		22		62		52		97		88		25		75		85		27		40		69		59		37		20		61		85		34		94		51		60		101		24		61		46		35		32		37		47		38		77		29		106		21		109		81		61		55		59		36		111		58		79		80		33		85		16		0		87		44		17		48
26		92		139		9		77		142		34		75		22		21		20		33		60		43		103		68		92		140		70		113		112		37		69		36		52		65		19		93		73		40		10		93		44		126		25		42		113		34		91		131		53		106		97		44		90		136		93		22		64		109		107		35		36		93		110		74		20		112		127		30		28		50		67		66		90		75		7		138		41		106		81		42		41		88		67		98		68		123		70		116		111		94		34		18		66		50		28		121		42		63		84		85		120		90		103		87		0		131		104		59
105		39		32		128		108		35		151		56		117		152		113		98		71		142		50		63		39		35		61		18		109		120		62		167		105		70		112		38		58		91		129		40		111		45		154		115		20		97		88		24		78		103		94		87		87		23		38		153		67		22		64		96		141		90		27		119		129		29		40		113		103		81		64		89		87		56		138		27		104		103		50		105		90		43		64		35		63		40		121		15		108		37		153		125		87		87		103		38		155		90		103		82		27		105		28		44		131		0		27		72
78		16		35		101		81		38		124		29		90		125		86		71		44		115		35		36		34		36		34		31		94		93		35		140		78		47		85		17		43		64		102		25		84		30		127		88		35		70		73		27		51		88		79		60		72		32		19		126		60		5		49		69		114		75		12		92		102		14		25		86		76		54		37		62		72		29		111		34		77		88		37		78		63		22		37		50		36		25		94		22		93		34		126		98		60		68		76		23		128		63		76		67		16		78		7		17		104		27		0		61
63		45		80		56		120		83		79		40		65		80		41		26		63		86		96		25		33		81		29		54		155		80		54		95		95		108		40		78		104		71		57		86		87		91		82		85		54		59		134		72		36		149		140		45		133		77		42		81		5		56		110		24		79		136		73		117		63		75		86		73		45		35		60		109		133		82		66		79		84		149		24		85		40		83		80		39		95		86		113		57		154		35		81		61		109		15		37		84		85		106		127		128		73		133		54		48		59		72		61		0
