100
0		20		21		21		23		21		23		21		25		23		21		25		23		27		25		27		29		43		41		31		45		43		18		16		20		18		30		28		26		24		32		30		28		26		42		47		34		32		30		28		36		34		32		30		47		52		71		36		34		32		32		34		73		34		56		75		77		62		76		79		78		62		78		80		81		80		80		83		85		87		89		91		93		95		78		80		82		80		82		84		82		84		86		64		84		86		88		70		70		105		107		109		85		107		109		111		96		109		111		113
20		0		1		3		3		5		5		7		5		7		9		7		9		7		9		9		9		23		21		11		25		23		26		28		28		30		22		24		26		28		24		26		28		30		56		61		26		28		30		32		28		30		32		34		61		66		51		40		42		44		46		48		53		48		70		55		57		76		90		59		92		76		92		94		61		94		94		63		65		67		69		71		73		75		92		94		96		94		96		98		96		98		100		78		98		100		102		84		84		119		121		123		91		121		123		125		110		123		125		127
21		1		0		2		2		4		4		6		4		6		8		6		8		6		8		8		8		22		20		10		24		22		25		27		27		29		21		23		25		27		23		25		27		29		55		60		25		27		29		31		27		29		31		33		60		65		50		39		41		43		45		47		52		47		69		54		56		75		89		58		91		75		91		93		60		93		93		62		64		66		68		70		72		74		91		93		95		93		95		97		95		97		99		77		97		99		101		83		83		118		120		122		90		120		122		124		109		122		124		126
21		3		2		0		2		2		2		4		4		4		6		4		6		6		6		6		8		22		20		10		24		22		23		25		25		27		19		21		23		25		21		23		25		27		53		58		23		25		27		29		25		27		29		31		58		63		50		37		39		41		43		45		52		45		67		54		56		73		87		58		89		73		89		91		60		91		91		62		64		66		68		70		72		74		89		91		93		91		93		95		93		95		97		75		95		97		99		81		81		116		118		120		88		118		120		122		107		120		122		124
23		3		2		2		0		2		2		4		2		4		6		4		6		4		6		6		6		20		18		8		22		20		23		25		25		27		19		21		23		25		21		23		25		27		53		58		23		25		27		29		25		27		29		31		58		63		48		37		39		41		43		45		50		45		67		52		54		73		87		56		89		73		89		91		58		91		91		60		62		64		66		68		70		72		89		91		93		91		93		95		93		95		97		75		95		97		99		81		81		116		118		120		88		118		120		122		107		120		122		124
21		5		4		2		2		0		2		2		4		2		4		4		4		6		4		6		8		22		20		10		24		22		21		23		23		25		17		19		21		23		19		21		23		25		51		56		21		23		25		27		23		25		27		29		56		61		50		35		37		39		41		43		52		43		65		54		56		71		85		58		87		71		87		89		60		89		89		62		64		66		68		70		72		74		87		89		91		89		91		93		91		93		95		73		93		95		97		79		79		114		116		118		86		116		118		120		105		118		120		122
23		5		4		2		2		2		0		2		2		2		4		2		4		4		4		4		6		20		18		8		22		20		21		23		23		25		17		19		21		23		19		21		23		25		51		56		21		23		25		27		23		25		27		29		56		61		48		35		37		39		41		43		50		43		65		52		54		71		85		56		87		71		87		89		58		89		89		60		62		64		66		68		70		72		87		89		91		89		91		93		91		93		95		73		93		95		97		79		79		114		116		118		86		116		118		120		105		118		120		122
21		7		6		4		4		2		2		0		4		2		2		4		2		6		4		6		8		22		20		10		24		22		19		21		21		23		15		17		19		21		17		19		21		23		49		54		19		21		23		25		21		23		25		27		54		59		50		33		35		37		39		41		52		41		63		54		56		69		83		58		85		69		85		87		60		87		87		62		64		66		68		70		72		74		85		87		89		87		89		91		89		91		93		71		91		93		95		77		77		112		114		116		84		114		116		118		103		116		118		120
25		5		4		4		2		4		2		4		0		2		4		2		4		2		4		4		4		18		16		6		20		18		21		23		23		25		17		19		21		23		19		21		23		25		51		56		21		23		25		27		23		25		27		29		56		61		46		35		37		39		41		43		48		43		65		50		52		71		85		54		87		71		87		89		56		89		89		58		60		62		64		66		68		70		87		89		91		89		91		93		91		93		95		73		93		95		97		79		79		114		116		118		86		116		118		120		105		118		120		122
23		7		6		4		4		2		2		2		2		0		2		2		2		4		2		4		6		20		18		8		22		20		19		21		21		23		15		17		19		21		17		19		21		23		49		54		19		21		23		25		21		23		25		27		54		59		48		33		35		37		39		41		50		41		63		52		54		69		83		56		85		69		85		87		58		87		87		60		62		64		66		68		70		72		85		87		89		87		89		91		89		91		93		71		91		93		95		77		77		112		114		116		84		114		116		118		103		116		118		120
21		9		8		6		6		4		4		2		4		2		0		4		2		6		4		6		8		22		20		10		24		22		17		19		19		21		13		15		17		19		15		17		19		21		47		52		17		19		21		23		19		21		23		25		52		57		50		31		33		35		37		39		52		39		61		54		56		67		81		58		83		67		83		85		60		85		85		62		64		66		68		70		72		74		83		85		87		85		87		89		87		89		91		69		89		91		93		75		75		110		112		114		82		112		114		116		101		114		116		118
25		7		6		4		4		4		2		4		2		2		4		0		2		2		2		2		4		18		16		6		20		18		19		21		21		23		15		17		19		21		17		19		21		23		49		54		19		21		23		25		21		23		25		27		54		59		46		33		35		37		39		41		48		41		63		50		52		69		83		54		85		69		85		87		56		87		87		58		60		62		64		66		68		70		85		87		89		87		89		91		89		91		93		71		91		93		95		77		77		112		114		116		84		114		116		118		103		116		118		120
23		9		8		6		6		4		4		2		4		2		2		2		0		4		2		4		6		20		18		8		22		20		17		19		19		21		13		15		17		19		15		17		19		21		47		52		17		19		21		23		19		21		23		25		52		57		48		31		33		35		37		39		50		39		61		52		54		67		81		56		83		67		83		85		58		85		85		60		62		64		66		68		70		72		83		85		87		85		87		89		87		89		91		69		89		91		93		75		75		110		112		114		82		112		114		116		101		114		116		118
27		7		6		6		4		6		4		6		2		4		6		2		4		0		2		2		2		16		14		4		18		16		19		21		21		23		15		17		19		21		17		19		21		23		49		54		19		21		23		25		21		23		25		27		54		59		44		33		35		37		39		41		46		41		63		48		50		69		83		52		85		69		85		87		54		87		87		56		58		60		62		64		66		68		85		87		89		87		89		91		89		91		93		71		91		93		95		77		77		112		114		116		84		114		116		118		103		116		118		120
25		9		8		6		6		4		4		4		4		2		4		2		2		2		0		2		4		18		16		6		20		18		17		19		19		21		13		15		17		19		15		17		19		21		47		52		17		19		21		23		19		21		23		25		52		57		46		31		33		35		37		39		48		39		61		50		52		67		81		54		83		67		83		85		56		85		85		58		60		62		64		66		68		70		83		85		87		85		87		89		87		89		91		69		89		91		93		75		75		110		112		114		82		112		114		116		101		114		116		118
27		9		8		6		6		6		4		6		4		4		6		2		4		2		2		0		2		16		14		4		18		16		17		19		19		21		13		15		17		19		15		17		19		21		47		52		17		19		21		23		19		21		23		25		52		57		44		31		33		35		37		39		46		39		61		48		50		67		81		52		83		67		83		85		54		85		85		56		58		60		62		64		66		68		83		85		87		85		87		89		87		89		91		69		89		91		93		75		75		110		112		114		82		112		114		116		101		114		116		118
29		9		8		8		6		8		6		8		4		6		8		4		6		2		4		2		0		14		12		2		16		14		17		19		19		21		13		15		17		19		15		17		19		21		47		52		17		19		21		23		19		21		23		25		52		57		42		31		33		35		37		39		44		39		61		46		48		67		81		50		83		67		83		85		52		85		85		54		56		58		60		62		64		66		83		85		87		85		87		89		87		89		91		69		89		91		93		75		75		110		112		114		82		112		114		116		101		114		116		118
43		23		22		22		20		22		20		22		18		20		22		18		20		16		18		16		14		0		2		14		2		4		29		31		31		33		25		27		29		31		27		29		31		33		59		64		29		31		33		35		31		33		35		37		64		69		28		43		45		47		49		51		30		51		73		32		34		79		93		36		95		79		95		97		38		97		97		40		42		44		46		48		50		52		95		97		99		97		99		101		99		101		103		81		101		103		105		87		87		122		124		126		94		124		126		128		113		126		128		130
41		21		20		20		18		20		18		20		16		18		20		16		18		14		16		14		12		2		0		12		4		2		27		29		29		31		23		25		27		29		25		27		29		31		57		62		27		29		31		33		29		31		33		35		62		67		30		41		43		45		47		49		32		49		71		34		36		77		91		38		93		77		93		95		40		95		95		42		44		46		48		50		52		54		93		95		97		95		97		99		97		99		101		79		99		101		103		85		85		120		122		124		92		122		124		126		111		124		126		128
31		11		10		10		8		10		8		10		6		8		10		6		8		4		6		4		2		14		12		0		14		12		15		17		17		19		11		13		15		17		13		15		17		19		45		50		15		17		19		21		17		19		21		23		50		55		40		29		31		33		35		37		42		37		59		44		46		65		79		48		81		65		81		83		50		83		83		52		54		56		58		60		62		64		81		83		85		83		85		87		85		87		89		67		87		89		91		73		73		108		110		112		80		110		112		114		99		112		114		116
45		25		24		24		22		24		22		24		20		22		24		20		22		18		20		18		16		2		4		14		0		2		27		29		29		31		23		25		27		29		25		27		29		31		57		62		27		29		31		33		29		31		33		35		62		67		26		41		43		45		47		49		28		49		71		30		32		77		91		34		93		77		93		95		36		95		95		38		40		42		44		46		48		50		93		95		97		95		97		99		97		99		101		79		99		101		103		85		85		120		122		124		92		122		124		126		111		124		126		128
43		23		22		22		20		22		20		22		18		20		22		18		20		16		18		16		14		4		2		12		2		0		25		27		27		29		21		23		25		27		23		25		27		29		55		60		25		27		29		31		27		29		31		33		60		65		28		39		41		43		45		47		30		47		69		32		34		75		89		36		91		75		91		93		38		93		93		40		42		44		46		48		50		52		91		93		95		93		95		97		95		97		99		77		97		99		101		83		83		118		120		122		90		120		122		124		109		122		124		126
18		26		25		23		23		21		21		19		21		19		17		19		17		19		17		17		17		29		27		15		27		25		0		2		2		4		12		10		8		6		14		12		10		8		30		35		16		14		12		10		18		16		14		12		35		40		53		18		16		18		20		22		55		22		44		57		59		50		64		61		66		50		66		68		63		68		68		65		67		69		71		73		75		77		66		68		70		68		70		72		70		72		74		52		72		74		76		58		58		93		95		97		67		95		97		99		84		97		99		101
16		28		27		25		25		23		23		21		23		21		19		21		19		21		19		19		19		31		29		17		29		27		2		0		4		2		14		12		10		8		16		14		12		10		28		33		18		16		14		12		20		18		16		14		33		38		55		20		18		16		18		20		57		20		42		59		61		48		62		63		64		48		64		66		65		66		66		67		69		71		73		75		77		79		64		66		68		66		68		70		68		70		72		50		70		72		74		56		56		91		93		95		69		93		95		97		82		95		97		99
20		28		27		25		25		23		23		21		23		21		19		21		19		21		19		19		19		31		29		17		29		27		2		4		0		2		10		8		6		4		12		10		8		6		28		33		14		12		10		8		16		14		12		10		33		38		51		16		14		16		18		20		53		20		42		55		57		48		62		59		64		48		64		66		61		66		66		63		65		67		69		71		73		75		64		66		68		66		68		70		68		70		72		50		70		72		74		56		56		91		93		95		65		93		95		97		82		95		97		99
18		30		29		27		27		25		25		23		25		23		21		23		21		23		21		21		21		33		31		19		31		29		4		2		2		0		12		10		8		6		14		12		10		8		26		31		16		14		12		10		18		16		14		12		31		36		53		18		16		14		16		18		55		18		40		57		59		46		60		61		62		46		62		64		63		64		64		65		67		69		71		73		75		77		62		64		66		64		66		68		66		68		70		48		68		70		72		54		54		89		91		93		67		91		93		95		80		93		95		97
30		22		21		19		19		17		17		15		17		15		13		15		13		15		13		13		13		25		23		11		23		21		12		14		10		12		0		2		4		6		2		4		6		8		34		39		4		6		8		10		6		8		10		12		39		44		41		18		20		22		24		26		43		26		48		45		47		54		68		49		70		54		70		72		51		72		72		53		55		57		59		61		63		65		70		72		74		72		74		76		74		76		78		56		76		78		80		62		62		97		99		101		69		99		101		103		88		101		103		105
28		24		23		21		21		19		19		17		19		17		15		17		15		17		15		15		15		27		25		13		25		23		10		12		8		10		2		0		2		4		4		2		4		6		32		37		6		4		6		8		8		6		8		10		37		42		43		16		18		20		22		24		45		24		46		47		49		52		66		51		68		52		68		70		53		70		70		55		57		59		61		63		65		67		68		70		72		70		72		74		72		74		76		54		74		76		78		60		60		95		97		99		67		97		99		101		86		99		101		103
26		26		25		23		23		21		21		19		21		19		17		19		17		19		17		17		17		29		27		15		27		25		8		10		6		8		4		2		0		2		6		4		2		4		30		35		8		6		4		6		10		8		6		8		35		40		45		14		16		18		20		22		47		22		44		49		51		50		64		53		66		50		66		68		55		68		68		57		59		61		63		65		67		69		66		68		70		68		70		72		70		72		74		52		72		74		76		58		58		93		95		97		65		95		97		99		84		97		99		101
24		28		27		25		25		23		23		21		23		21		19		21		19		21		19		19		19		31		29		17		29		27		6		8		4		6		6		4		2		0		8		6		4		2		28		33		10		8		6		4		12		10		8		6		33		38		47		12		14		16		18		20		49		20		42		51		53		48		62		55		64		48		64		66		57		66		66		59		61		63		65		67		69		71		64		66		68		66		68		70		68		70		72		50		70		72		74		56		56		91		93		95		63		93		95		97		82		95		97		99
32		24		23		21		21		19		19		17		19		17		15		17		15		17		15		15		15		27		25		13		25		23		14		16		12		14		2		4		6		8		0		2		4		6		32		37		2		4		6		8		4		6		8		10		37		42		39		16		18		20		22		24		41		24		46		43		45		52		66		47		68		52		68		70		49		70		70		51		53		55		57		59		61		63		68		70		72		70		72		74		72		74		76		54		74		76		78		60		60		95		97		99		67		97		99		101		86		99		101		103
30		26		25		23		23		21		21		19		21		19		17		19		17		19		17		17		17		29		27		15		27		25		12		14		10		12		4		2		4		6		2		0		2		4		30		35		4		2		4		6		6		4		6		8		35		40		41		14		16		18		20		22		43		22		44		45		47		50		64		49		66		50		66		68		51		68		68		53		55		57		59		61		63		65		66		68		70		68		70		72		70		72		74		52		72		74		76		58		58		93		95		97		65		95		97		99		84		97		99		101
28		28		27		25		25		23		23		21		23		21		19		21		19		21		19		19		19		31		29		17		29		27		10		12		8		10		6		4		2		4		4		2		0		2		28		33		6		4		2		4		8		6		4		6		33		38		43		12		14		16		18		20		45		20		42		47		49		48		62		51		64		48		64		66		53		66		66		55		57		59		61		63		65		67		64		66		68		66		68		70		68		70		72		50		70		72		74		56		56		91		93		95		63		93		95		97		82		95		97		99
26		30		29		27		27		25		25		23		25		23		21		23		21		23		21		21		21		33		31		19		31		29		8		10		6		8		8		6		4		2		6		4		2		0		26		31		8		6		4		2		10		8		6		4		31		36		45		10		12		14		16		18		47		18		40		49		51		46		60		53		62		46		62		64		55		64		64		57		59		61		63		65		67		69		62		64		66		64		66		68		66		68		70		48		68		70		72		54		54		89		91		93		61		91		93		95		80		93		95		97
42		56		55		53		53		51		51		49		51		49		47		49		47		49		47		47		47		59		57		45		57		55		30		28		28		26		34		32		30		28		32		30		28		26		0		5		32		30		28		26		34		32		30		28		5		10		69		34		32		30		28		26		71		30		14		73		75		20		34		77		36		20		36		38		79		38		38		81		83		85		87		89		91		93		36		38		40		38		40		42		40		42		44		58		42		44		46		58		64		63		65		67		83		65		67		69		66		67		69		71
47		61		60		58		58		56		56		54		56		54		52		54		52		54		52		52		52		64		62		50		62		60		35		33		33		31		39		37		35		33		37		35		33		31		5		0		37		35		33		31		39		37		35		33		10		5		74		39		37		35		33		31		76		35		15		78		80		15		29		82		31		21		31		33		84		33		33		86		88		90		92		94		96		98		39		37		35		41		39		37		43		41		39		63		45		43		41		63		69		58		60		62		88		60		62		64		71		62		64		66
34		26		25		23		23		21		21		19		21		19		17		19		17		19		17		17		17		29		27		15		27		25		16		18		14		16		4		6		8		10		2		4		6		8		32		37		0		2		4		6		2		4		6		8		35		40		37		14		16		18		20		22		39		22		44		41		43		50		64		45		66		50		66		68		47		68		68		49		51		53		55		57		59		61		66		68		70		68		70		72		70		72		74		52		72		74		76		58		58		93		95		97		65		95		97		99		84		97		99		101
32		28		27		25		25		23		23		21		23		21		19		21		19		21		19		19		19		31		29		17		29		27		14		16		12		14		6		4		6		8		4		2		4		6		30		35		2		0		2		4		4		2		4		6		33		38		39		12		14		16		18		20		41		20		42		43		45		48		62		47		64		48		64		66		49		66		66		51		53		55		57		59		61		63		64		66		68		66		68		70		68		70		72		50		70		72		74		56		56		91		93		95		63		93		95		97		82		95		97		99
30		30		29		27		27		25		25		23		25		23		21		23		21		23		21		21		21		33		31		19		31		29		12		14		10		12		8		6		4		6		6		4		2		4		28		33		4		2		0		2		6		4		2		4		31		36		41		10		12		14		16		18		43		18		40		45		47		46		60		49		62		46		62		64		51		64		64		53		55		57		59		61		63		65		62		64		66		64		66		68		66		68		70		48		68		70		72		54		54		89		91		93		61		91		93		95		80		93		95		97
28		32		31		29		29		27		27		25		27		25		23		25		23		25		23		23		23		35		33		21		33		31		10		12		8		10		10		8		6		4		8		6		4		2		26		31		6		4		2		0		8		6		4		2		29		34		43		8		10		12		14		16		45		16		38		47		49		44		58		51		60		44		60		62		53		62		62		55		57		59		61		63		65		67		60		62		64		62		64		66		64		66		68		46		66		68		70		52		52		87		89		91		59		89		91		93		78		91		93		95
36		28		27		25		25		23		23		21		23		21		19		21		19		21		19		19		19		31		29		17		29		27		18		20		16		18		6		8		10		12		4		6		8		10		34		39		2		4		6		8		0		2		4		6		33		38		35		12		14		16		18		20		37		20		42		39		41		48		62		43		64		48		64		66		45		66		66		47		49		51		53		55		57		59		64		66		68		66		68		70		68		70		72		50		70		72		74		56		56		91		93		95		63		93		95		97		82		95		97		99
34		30		29		27		27		25		25		23		25		23		21		23		21		23		21		21		21		33		31		19		31		29		16		18		14		16		8		6		8		10		6		4		6		8		32		37		4		2		4		6		2		0		2		4		31		36		37		10		12		14		16		18		39		18		40		41		43		46		60		45		62		46		62		64		47		64		64		49		51		53		55		57		59		61		62		64		66		64		66		68		66		68		70		48		68		70		72		54		54		89		91		93		61		91		93		95		80		93		95		97
32		32		31		29		29		27		27		25		27		25		23		25		23		25		23		23		23		35		33		21		33		31		14		16		12		14		10		8		6		8		8		6		4		6		30		35		6		4		2		4		4		2		0		2		29		34		39		8		10		12		14		16		41		16		38		43		45		44		58		47		60		44		60		62		49		62		62		51		53		55		57		59		61		63		60		62		64		62		64		66		64		66		68		46		66		68		70		52		52		87		89		91		59		89		91		93		78		91		93		95
30		34		33		31		31		29		29		27		29		27		25		27		25		27		25		25		25		37		35		23		35		33		12		14		10		12		12		10		8		6		10		8		6		4		28		33		8		6		4		2		6		4		2		0		27		32		41		6		8		10		12		14		43		14		36		45		47		42		56		49		58		42		58		60		51		60		60		53		55		57		59		61		63		65		58		60		62		60		62		64		62		64		66		44		64		66		68		50		50		85		87		89		57		87		89		91		76		89		91		93
47		61		60		58		58		56		56		54		56		54		52		54		52		54		52		52		52		64		62		50		62		60		35		33		33		31		39		37		35		33		37		35		33		31		5		10		35		33		31		29		33		31		29		27		0		5		64		29		27		25		23		21		66		25		9		68		70		15		29		72		31		15		31		33		74		33		33		76		78		80		82		84		86		88		31		33		35		33		35		37		35		37		39		53		37		39		41		53		59		58		60		62		78		60		62		64		61		62		64		66
52		66		65		63		63		61		61		59		61		59		57		59		57		59		57		57		57		69		67		55		67		65		40		38		38		36		44		42		40		38		42		40		38		36		10		5		40		38		36		34		38		36		34		32		5		0		69		34		32		30		28		26		71		30		10		73		75		10		24		77		26		16		26		28		79		28		28		81		83		85		87		89		91		93		34		32		30		36		34		32		38		36		34		58		40		38		36		58		64		53		55		57		83		55		57		59		66		57		59		61
71		51		50		50		48		50		48		50		46		48		50		46		48		44		46		44		42		28		30		40		26		28		53		55		51		53		41		43		45		47		39		41		43		45		69		74		37		39		41		43		35		37		39		41		64		69		0		35		37		39		41		43		2		43		65		4		6		71		85		8		87		71		87		89		10		89		89		12		14		16		18		20		22		24		87		89		91		89		91		93		91		93		95		73		93		95		97		79		79		114		116		118		86		116		118		120		105		118		120		122
36		40		39		37		37		35		35		33		35		33		31		33		31		33		31		31		31		43		41		29		41		39		18		20		16		18		18		16		14		12		16		14		12		10		34		39		14		12		10		8		12		10		8		6		29		34		35		0		2		4		6		8		37		8		30		39		41		36		50		43		52		36		52		54		45		54		54		47		49		51		53		55		57		59		52		54		56		54		56		58		56		58		60		38		58		60		62		44		44		79		81		83		51		81		83		85		70		83		85		87
34		42		41		39		39		37		37		35		37		35		33		35		33		35		33		33		33		45		43		31		43		41		16		18		14		16		20		18		16		14		18		16		14		12		32		37		16		14		12		10		14		12		10		8		27		32		37		2		0		2		4		6		39		6		28		41		43		34		48		45		50		34		50		52		47		52		52		49		51		53		55		57		59		61		50		52		54		52		54		56		54		56		58		36		56		58		60		42		42		77		79		81		51		79		81		83		68		81		83		85
32		44		43		41		41		39		39		37		39		37		35		37		35		37		35		35		35		47		45		33		45		43		18		16		16		14		22		20		18		16		20		18		16		14		30		35		18		16		14		12		16		14		12		10		25		30		39		4		2		0		2		4		41		4		26		43		45		32		46		47		48		32		48		50		49		50		50		51		53		55		57		59		61		63		48		50		52		50		52		54		52		54		56		34		54		56		58		40		40		75		77		79		53		77		79		81		66		79		81		83
32		46		45		43		43		41		41		39		41		39		37		39		37		39		37		37		37		49		47		35		47		45		20		18		18		16		24		22		20		18		22		20		18		16		28		33		20		18		16		14		18		16		14		12		23		28		41		6		4		2		0		2		43		2		24		45		47		30		44		49		46		30		46		48		51		48		48		53		55		57		59		61		63		65		46		48		50		48		50		52		50		52		54		32		52		54		56		38		38		73		75		77		55		75		77		79		64		77		79		81
34		48		47		45		45		43		43		41		43		41		39		41		39		41		39		39		39		51		49		37		49		47		22		20		20		18		26		24		22		20		24		22		20		18		26		31		22		20		18		16		20		18		16		14		21		26		43		8		6		4		2		0		45		4		22		47		49		28		42		51		44		28		44		46		53		46		46		55		57		59		61		63		65		67		44		46		48		46		48		50		48		50		52		32		50		52		54		36		38		71		73		75		57		73		75		77		62		75		77		79
73		53		52		52		50		52		50		52		48		50		52		48		50		46		48		46		44		30		32		42		28		30		55		57		53		55		43		45		47		49		41		43		45		47		71		76		39		41		43		45		37		39		41		43		66		71		2		37		39		41		43		45		0		41		63		2		4		69		83		6		85		69		85		87		8		87		87		10		12		14		16		18		20		22		85		87		89		87		89		91		89		91		93		71		91		93		95		77		77		112		114		116		84		114		116		118		103		116		118		120
34		48		47		45		45		43		43		41		43		41		39		41		39		41		39		39		39		51		49		37		49		47		22		20		20		18		26		24		22		20		24		22		20		18		30		35		22		20		18		16		20		18		16		14		25		30		43		8		6		4		2		4		41		0		22		43		45		28		42		47		44		28		44		46		49		46		46		51		53		55		57		59		61		63		44		46		48		46		48		50		48		50		52		30		50		52		54		36		36		71		73		75		53		73		75		77		62		75		77		79
56		70		69		67		67		65		65		63		65		63		61		63		61		63		61		61		61		73		71		59		71		69		44		42		42		40		48		46		44		42		46		44		42		40		14		15		44		42		40		38		42		40		38		36		9		10		65		30		28		26		24		22		63		22		0		63		65		6		20		67		22		6		22		24		69		24		24		71		73		75		77		79		81		83		24		24		26		26		26		28		28		28		30		48		30		30		32		48		54		49		51		53		73		51		53		55		56		53		55		57
75		55		54		54		52		54		52		54		50		52		54		50		52		48		50		48		46		32		34		44		30		32		57		59		55		57		45		47		49		51		43		45		47		49		73		78		41		43		45		47		39		41		43		45		68		73		4		39		41		43		45		47		2		43		63		0		2		67		81		4		83		67		83		85		6		85		85		8		10		12		14		16		18		20		83		85		87		85		87		89		87		89		91		69		89		91		93		75		75		110		112		114		82		112		114		116		101		114		116		118
77		57		56		56		54		56		54		56		52		54		56		52		54		50		52		50		48		34		36		46		32		34		59		61		57		59		47		49		51		53		45		47		49		51		75		80		43		45		47		49		41		43		45		47		70		75		6		41		43		45		47		49		4		45		65		2		0		65		79		2		81		65		81		83		4		83		83		6		8		10		12		14		16		18		81		83		85		83		85		87		85		87		89		67		87		89		91		73		73		108		110		112		80		110		112		114		99		112		114		116
62		76		75		73		73		71		71		69		71		69		67		69		67		69		67		67		67		79		77		65		77		75		50		48		48		46		54		52		50		48		52		50		48		46		20		15		50		48		46		44		48		46		44		42		15		10		71		36		34		32		30		28		69		28		6		67		65		0		14		67		16		6		16		18		69		18		18		71		73		75		77		79		81		83		24		22		20		26		24		22		28		26		24		48		30		28		26		48		54		43		45		47		73		45		47		49		56		47		49		51
76		90		89		87		87		85		85		83		85		83		81		83		81		83		81		81		81		93		91		79		91		89		64		62		62		60		68		66		64		62		66		64		62		60		34		29		64		62		60		58		62		60		58		56		29		24		85		50		48		46		44		42		83		42		20		81		79		14		0		79		2		18		2		4		81		4		4		83		85		87		89		91		93		95		36		34		32		38		36		34		40		38		36		60		42		40		38		60		66		53		51		49		85		55		53		51		68		57		55		53
79		59		58		58		56		58		56		58		54		56		58		54		56		52		54		52		50		36		38		48		34		36		61		63		59		61		49		51		53		55		47		49		51		53		77		82		45		47		49		51		43		45		47		49		72		77		8		43		45		47		49		51		6		47		67		4		2		67		79		0		79		63		79		81		2		81		81		4		6		8		10		12		14		16		79		81		83		81		83		85		83		85		87		65		85		87		89		71		71		106		108		110		78		108		110		112		97		110		112		114
78		92		91		89		89		87		87		85		87		85		83		85		83		85		83		83		83		95		93		81		93		91		66		64		64		62		70		68		66		64		68		66		64		62		36		31		66		64		62		60		64		62		60		58		31		26		87		52		50		48		46		44		85		44		22		83		81		16		2		79		0		18		2		2		81		2		4		83		85		87		89		91		93		95		36		34		32		38		36		34		40		38		36		60		42		40		38		60		66		53		51		49		85		55		53		51		68		57		55		53
62		76		75		73		73		71		71		69		71		69		67		69		67		69		67		67		67		79		77		65		77		75		50		48		48		46		54		52		50		48		52		50		48		46		20		21		50		48		46		44		48		46		44		42		15		16		71		36		34		32		30		28		69		28		6		67		65		6		18		63		18		0		16		18		63		18		18		65		67		69		71		73		75		77		18		18		20		20		20		22		22		22		24		42		24		24		26		42		48		43		45		47		67		45		47		49		50		47		49		51
78		92		91		89		89		87		87		85		87		85		83		85		83		85		83		83		83		95		93		81		93		91		66		64		64		62		70		68		66		64		68		66		64		62		36		31		66		64		62		60		64		62		60		58		31		26		87		52		50		48		46		44		85		44		22		83		81		16		2		79		2		16		0		2		79		2		2		81		83		85		87		89		91		93		34		32		30		36		34		32		38		36		34		58		40		38		36		58		64		51		49		47		83		53		51		49		66		55		53		51
80		94		93		91		91		89		89		87		89		87		85		87		85		87		85		85		85		97		95		83		95		93		68		66		66		64		72		70		68		66		70		68		66		64		38		33		68		66		64		62		66		64		62		60		33		28		89		54		52		50		48		46		87		46		24		85		83		18		4		81		2		18		2		0		81		2		4		83		85		87		89		91		93		95		36		34		32		38		36		34		40		38		36		60		42		40		38		60		66		53		51		49		85		55		53		51		68		57		55		53
81		61		60		60		58		60		58		60		56		58		60		56		58		54		56		54		52		38		40		50		36		38		63		65		61		63		51		53		55		57		49		51		53		55		79		84		47		49		51		53		45		47		49		51		74		79		10		45		47		49		51		53		8		49		69		6		4		69		81		2		81		63		79		81		0		79		79		2		4		6		8		10		12		14		77		79		81		79		81		83		81		83		85		63		83		85		87		69		69		104		106		108		76		106		108		110		95		108		110		112
80		94		93		91		91		89		89		87		89		87		85		87		85		87		85		85		85		97		95		83		95		93		68		66		66		64		72		70		68		66		70		68		66		64		38		33		68		66		64		62		66		64		62		60		33		28		89		54		52		50		48		46		87		46		24		85		83		18		4		81		2		18		2		2		79		0		2		81		83		85		87		89		91		93		34		32		30		36		34		32		38		36		34		58		40		38		36		58		64		51		49		47		83		53		51		49		66		55		53		51
80		94		93		91		91		89		89		87		89		87		85		87		85		87		85		85		85		97		95		83		95		93		68		66		66		64		72		70		68		66		70		68		66		64		38		33		68		66		64		62		66		64		62		60		33		28		89		54		52		50		48		46		87		46		24		85		83		18		4		81		4		18		2		4		79		2		0		79		81		83		85		87		89		91		32		30		28		34		32		30		36		34		32		56		38		36		34		56		62		49		47		45		81		51		49		47		64		53		51		49
83		63		62		62		60		62		60		62		58		60		62		58		60		56		58		56		54		40		42		52		38		40		65		67		63		65		53		55		57		59		51		53		55		57		81		86		49		51		53		55		47		49		51		53		76		81		12		47		49		51		53		55		10		51		71		8		6		71		83		4		83		65		81		83		2		81		79		0		2		4		6		8		10		12		75		77		79		77		79		81		79		81		83		61		81		83		85		67		67		102		104		106		74		104		106		108		93		106		108		110
85		65		64		64		62		64		62		64		60		62		64		60		62		58		60		58		56		42		44		54		40		42		67		69		65		67		55		57		59		61		53		55		57		59		83		88		51		53		55		57		49		51		53		55		78		83		14		49		51		53		55		57		12		53		73		10		8		73		85		6		85		67		83		85		4		83		81		2		0		2		4		6		8		10		73		75		77		75		77		79		77		79		81		59		79		81		83		65		65		100		102		104		72		102		104		106		91		104		106		108
87		67		66		66		64		66		64		66		62		64		66		62		64		60		62		60		58		44		46		56		42		44		69		71		67		69		57		59		61		63		55		57		59		61		85		90		53		55		57		59		51		53		55		57		80		85		16		51		53		55		57		59		14		55		75		12		10		75		87		8		87		69		85		87		6		85		83		4		2		0		2		4		6		8		71		73		75		73		75		77		75		77		79		57		77		79		81		63		63		98		100		102		70		100		102		104		89		102		104		106
89		69		68		68		66		68		66		68		64		66		68		64		66		62		64		62		60		46		48		58		44		46		71		73		69		71		59		61		63		65		57		59		61		63		87		92		55		57		59		61		53		55		57		59		82		87		18		53		55		57		59		61		16		57		77		14		12		77		89		10		89		71		87		89		8		87		85		6		4		2		0		2		4		6		69		71		73		71		73		75		73		75		77		55		75		77		79		61		61		96		98		100		68		98		100		102		87		100		102		104
91		71		70		70		68		70		68		70		66		68		70		66		68		64		66		64		62		48		50		60		46		48		73		75		71		73		61		63		65		67		59		61		63		65		89		94		57		59		61		63		55		57		59		61		84		89		20		55		57		59		61		63		18		59		79		16		14		79		91		12		91		73		89		91		10		89		87		8		6		4		2		0		2		4		67		69		71		69		71		73		71		73		75		53		73		75		77		59		59		94		96		98		66		96		98		100		85		98		100		102
93		73		72		72		70		72		70		72		68		70		72		68		70		66		68		66		64		50		52		62		48		50		75		77		73		75		63		65		67		69		61		63		65		67		91		96		59		61		63		65		57		59		61		63		86		91		22		57		59		61		63		65		20		61		81		18		16		81		93		14		93		75		91		93		12		91		89		10		8		6		4		2		0		2		65		67		69		67		69		71		69		71		73		51		71		73		75		57		57		92		94		96		64		94		96		98		83		96		98		100
95		75		74		74		72		74		72		74		70		72		74		70		72		68		70		68		66		52		54		64		50		52		77		79		75		77		65		67		69		71		63		65		67		69		93		98		61		63		65		67		59		61		63		65		88		93		24		59		61		63		65		67		22		63		83		20		18		83		95		16		95		77		93		95		14		93		91		12		10		8		6		4		2		0		63		65		67		65		67		69		67		69		71		49		69		71		73		55		55		90		92		94		62		92		94		96		81		94		96		98
78		92		91		89		89		87		87		85		87		85		83		85		83		85		83		83		83		95		93		81		93		91		66		64		64		62		70		68		66		64		68		66		64		62		36		39		66		64		62		60		64		62		60		58		31		34		87		52		50		48		46		44		85		44		24		83		81		24		36		79		36		18		34		36		77		34		32		75		73		71		69		67		65		63		0		2		4		2		4		6		4		6		8		24		6		8		10		24		30		27		29		31		49		29		31		33		32		31		33		35
80		94		93		91		91		89		89		87		89		87		85		87		85		87		85		85		85		97		95		83		95		93		68		66		66		64		72		70		68		66		70		68		66		64		38		37		68		66		64		62		66		64		62		60		33		32		89		54		52		50		48		46		87		46		24		85		83		22		34		81		34		18		32		34		79		32		30		77		75		73		71		69		67		65		2		0		2		4		2		4		6		4		6		26		8		6		8		26		32		25		27		29		51		27		29		31		34		29		31		33
82		96		95		93		93		91		91		89		91		89		87		89		87		89		87		87		87		99		97		85		97		95		70		68		68		66		74		72		70		68		72		70		68		66		40		35		70		68		66		64		68		66		64		62		35		30		91		56		54		52		50		48		89		48		26		87		85		20		32		83		32		20		30		32		81		30		28		79		77		75		73		71		69		67		4		2		0		6		4		2		8		6		4		28		10		8		6		28		34		23		25		27		53		25		27		29		36		27		29		31
80		94		93		91		91		89		89		87		89		87		85		87		85		87		85		85		85		97		95		83		95		93		68		66		66		64		72		70		68		66		70		68		66		64		38		41		68		66		64		62		66		64		62		60		33		36		89		54		52		50		48		46		87		46		26		85		83		26		38		81		38		20		36		38		79		36		34		77		75		73		71		69		67		65		2		4		6		0		2		4		2		4		6		22		4		6		8		22		28		25		27		29		47		27		29		31		30		29		31		33
82		96		95		93		93		91		91		89		91		89		87		89		87		89		87		87		87		99		97		85		97		95		70		68		68		66		74		72		70		68		72		70		68		66		40		39		70		68		66		64		68		66		64		62		35		34		91		56		54		52		50		48		89		48		26		87		85		24		36		83		36		20		34		36		81		34		32		79		77		75		73		71		69		67		4		2		4		2		0		2		4		2		4		24		6		4		6		24		30		23		25		27		49		25		27		29		32		27		29		31
84		98		97		95		95		93		93		91		93		91		89		91		89		91		89		89		89		101		99		87		99		97		72		70		70		68		76		74		72		70		74		72		70		68		42		37		72		70		68		66		70		68		66		64		37		32		93		58		56		54		52		50		91		50		28		89		87		22		34		85		34		22		32		34		83		32		30		81		79		77		75		73		71		69		6		4		2		4		2		0		6		4		2		26		8		6		4		26		32		21		23		25		51		23		25		27		34		25		27		29
82		96		95		93		93		91		91		89		91		89		87		89		87		89		87		87		87		99		97		85		97		95		70		68		68		66		74		72		70		68		72		70		68		66		40		43		70		68		66		64		68		66		64		62		35		38		91		56		54		52		50		48		89		48		28		87		85		28		40		83		40		22		38		40		81		38		36		79		77		75		73		71		69		67		4		6		8		2		4		6		0		2		4		20		2		4		6		20		26		23		25		27		45		25		27		29		28		27		29		31
84		98		97		95		95		93		93		91		93		91		89		91		89		91		89		89		89		101		99		87		99		97		72		70		70		68		76		74		72		70		74		72		70		68		42		41		72		70		68		66		70		68		66		64		37		36		93		58		56		54		52		50		91		50		28		89		87		26		38		85		38		22		36		38		83		36		34		81		79		77		75		73		71		69		6		4		6		4		2		4		2		0		2		22		4		2		4		22		28		21		23		25		47		23		25		27		30		25		27		29
86		100		99		97		97		95		95		93		95		93		91		93		91		93		91		91		91		103		101		89		101		99		74		72		72		70		78		76		74		72		76		74		72		70		44		39		74		72		70		68		72		70		68		66		39		34		95		60		58		56		54		52		93		52		30		91		89		24		36		87		36		24		34		36		85		34		32		83		81		79		77		75		73		71		8		6		4		6		4		2		4		2		0		24		6		4		2		24		30		19		21		23		49		21		23		25		32		23		25		27
64		78		77		75		75		73		73		71		73		71		69		71		69		71		69		69		69		81		79		67		79		77		52		50		50		48		56		54		52		50		54		52		50		48		58		63		52		50		48		46		50		48		46		44		53		58		73		38		36		34		32		32		71		30		48		69		67		48		60		65		60		42		58		60		63		58		56		61		59		57		55		53		51		49		24		26		28		22		24		26		20		22		24		0		20		22		24		6		6		41		43		45		25		43		45		47		32		45		47		49
84		98		97		95		95		93		93		91		93		91		89		91		89		91		89		89		89		101		99		87		99		97		72		70		70		68		76		74		72		70		74		72		70		68		42		45		72		70		68		66		70		68		66		64		37		40		93		58		56		54		52		50		91		50		30		89		87		30		42		85		42		24		40		42		83		40		38		81		79		77		75		73		71		69		6		8		10		4		6		8		2		4		6		20		0		2		4		18		24		21		23		25		43		23		25		27		26		25		27		29
86		100		99		97		97		95		95		93		95		93		91		93		91		93		91		91		91		103		101		89		101		99		74		72		72		70		78		76		74		72		76		74		72		70		44		43		74		72		70		68		72		70		68		66		39		38		95		60		58		56		54		52		93		52		30		91		89		28		40		87		40		24		38		40		85		38		36		83		81		79		77		75		73		71		8		6		8		6		4		6		4		2		4		22		2		0		2		20		26		19		21		23		45		21		23		25		28		23		25		27
88		102		101		99		99		97		97		95		97		95		93		95		93		95		93		93		93		105		103		91		103		101		76		74		74		72		80		78		76		74		78		76		74		72		46		41		76		74		72		70		74		72		70		68		41		36		97		62		60		58		56		54		95		54		32		93		91		26		38		89		38		26		36		38		87		36		34		85		83		81		79		77		75		73		10		8		6		8		6		4		6		4		2		24		4		2		0		22		28		17		19		21		47		19		21		23		30		21		23		25
70		84		83		81		81		79		79		77		79		77		75		77		75		77		75		75		75		87		85		73		85		83		58		56		56		54		62		60		58		56		60		58		56		54		58		63		58		56		54		52		56		54		52		50		53		58		79		44		42		40		38		36		77		36		48		75		73		48		60		71		60		42		58		60		69		58		56		67		65		63		61		59		57		55		24		26		28		22		24		26		20		22		24		6		18		20		22		0		6		35		37		39		25		37		39		41		26		39		41		43
70		84		83		81		81		79		79		77		79		77		75		77		75		77		75		75		75		87		85		73		85		83		58		56		56		54		62		60		58		56		60		58		56		54		64		69		58		56		54		52		56		54		52		50		59		64		79		44		42		40		38		38		77		36		54		75		73		54		66		71		66		48		64		66		69		64		62		67		65		63		61		59		57		55		30		32		34		28		30		32		26		28		30		6		24		26		28		6		0		35		37		39		19		37		39		41		26		39		41		43
105		119		118		116		116		114		114		112		114		112		110		112		110		112		110		110		110		122		120		108		120		118		93		91		91		89		97		95		93		91		95		93		91		89		63		58		93		91		89		87		91		89		87		85		58		53		114		79		77		75		73		71		112		71		49		110		108		43		53		106		53		43		51		53		104		51		49		102		100		98		96		94		92		90		27		25		23		25		23		21		23		21		19		41		21		19		17		35		35		0		2		4		32		2		4		6		15		4		6		8
107		121		120		118		118		116		116		114		116		114		112		114		112		114		112		112		112		124		122		110		122		120		95		93		93		91		99		97		95		93		97		95		93		91		65		60		95		93		91		89		93		91		89		87		60		55		116		81		79		77		75		73		114		73		51		112		110		45		51		108		51		45		49		51		106		49		47		104		102		100		98		96		94		92		29		27		25		27		25		23		25		23		21		43		23		21		19		37		37		2		0		2		34		4		2		4		17		6		4		6
109		123		122		120		120		118		118		116		118		116		114		116		114		116		114		114		114		126		124		112		124		122		97		95		95		93		101		99		97		95		99		97		95		93		67		62		97		95		93		91		95		93		91		89		62		57		118		83		81		79		77		75		116		75		53		114		112		47		49		110		49		47		47		49		108		47		45		106		104		102		100		98		96		94		31		29		27		29		27		25		27		25		23		45		25		23		21		39		39		4		2		0		36		6		4		2		19		8		6		4
85		91		90		88		88		86		86		84		86		84		82		84		82		84		82		82		82		94		92		80		92		90		67		69		65		67		69		67		65		63		67		65		63		61		83		88		65		63		61		59		63		61		59		57		78		83		86		51		51		53		55		57		84		53		73		82		80		73		85		78		85		67		83		85		76		83		81		74		72		70		68		66		64		62		49		51		53		47		49		51		45		47		49		25		43		45		47		25		19		32		34		36		0		30		32		34		19		32		34		36
107		121		120		118		118		116		116		114		116		114		112		114		112		114		112		112		112		124		122		110		122		120		95		93		93		91		99		97		95		93		97		95		93		91		65		60		95		93		91		89		93		91		89		87		60		55		116		81		79		77		75		73		114		73		51		112		110		45		55		108		55		45		53		55		106		53		51		104		102		100		98		96		94		92		29		27		25		27		25		23		25		23		21		43		23		21		19		37		37		2		4		6		30		0		2		4		13		2		4		6
109		123		122		120		120		118		118		116		118		116		114		116		114		116		114		114		114		126		124		112		124		122		97		95		95		93		101		99		97		95		99		97		95		93		67		62		97		95		93		91		95		93		91		89		62		57		118		83		81		79		77		75		116		75		53		114		112		47		53		110		53		47		51		53		108		51		49		106		104		102		100		98		96		94		31		29		27		29		27		25		27		25		23		45		25		23		21		39		39		4		2		4		32		2		0		2		15		4		2		4
111		125		124		122		122		120		120		118		120		118		116		118		116		118		116		116		116		128		126		114		126		124		99		97		97		95		103		101		99		97		101		99		97		95		69		64		99		97		95		93		97		95		93		91		64		59		120		85		83		81		79		77		118		77		55		116		114		49		51		112		51		49		49		51		110		49		47		108		106		104		102		100		98		96		33		31		29		31		29		27		29		27		25		47		27		25		23		41		41		6		4		2		34		4		2		0		17		6		4		2
96		110		109		107		107		105		105		103		105		103		101		103		101		103		101		101		101		113		111		99		111		109		84		82		82		80		88		86		84		82		86		84		82		80		66		71		84		82		80		78		82		80		78		76		61		66		105		70		68		66		64		62		103		62		56		101		99		56		68		97		68		50		66		68		95		66		64		93		91		89		87		85		83		81		32		34		36		30		32		34		28		30		32		32		26		28		30		26		26		15		17		19		19		13		15		17		0		13		15		17
109		123		122		120		120		118		118		116		118		116		114		116		114		116		114		114		114		126		124		112		124		122		97		95		95		93		101		99		97		95		99		97		95		93		67		62		97		95		93		91		95		93		91		89		62		57		118		83		81		79		77		75		116		75		53		114		112		47		57		110		57		47		55		57		108		55		53		106		104		102		100		98		96		94		31		29		27		29		27		25		27		25		23		45		25		23		21		39		39		4		6		8		32		2		4		6		13		0		2		4
111		125		124		122		122		120		120		118		120		118		116		118		116		118		116		116		116		128		126		114		126		124		99		97		97		95		103		101		99		97		101		99		97		95		69		64		99		97		95		93		97		95		93		91		64		59		120		85		83		81		79		77		118		77		55		116		114		49		55		112		55		49		53		55		110		53		51		108		106		104		102		100		98		96		33		31		29		31		29		27		29		27		25		47		27		25		23		41		41		6		4		6		34		4		2		4		15		2		0		2
113		127		126		124		124		122		122		120		122		120		118		120		118		120		118		118		118		130		128		116		128		126		101		99		99		97		105		103		101		99		103		101		99		97		71		66		101		99		97		95		99		97		95		93		66		61		122		87		85		83		81		79		120		79		57		118		116		51		53		114		53		51		51		53		112		51		49		110		108		106		104		102		100		98		35		33		31		33		31		29		31		29		27		49		29		27		25		43		43		8		6		4		36		6		4		2		17		4		2		0
