140
0		92		50		215		116		43		22		46		47		109		120		92		160		72		95		15		117		149		47		125		44		164		188		73		10		34		125		156		82		125		136		61		151		116		128		72		167		22		41		63		61		94		83		115		212		119		48		64		100		161		107		39		48		114		51		113		111		117		49		31		8		70		131		85		152		90		101		163		43		80		89		72		88		89		130		37		35		195		115		177		157		116		61		80		125		114		73		69		93		183		102		121		7		199		109		58		75		133		99		57		150		176		109		22		89		120		68		52		140		101		11		180		115		223		121		106		24		140		112		178		65		177		130		136		125		127		204		95		132		164		34		40		144		110		93		92		182		80		121		168
92		0		90		123		24		83		70		76		101		87		28		54		168		138		69		107		45		57		67		33		48		122		96		25		92		126		33		222		96		33		136		83		169		102		132		40		109		114		51		123		79		160		149		181		120		63		114		130		28		69		135		109		114		176		53		47		29		59		61		121		100		110		127		123		74		152		63		71		77		12		29		138		20		45		102		77		71		117		181		85		103		168		127		134		65		166		65		55		21		91		168		119		93		107		175		124		19		199		67		43		150		134		59		82		39		28		36		98		48		129		103		118		181		131		67		14		92		56		70		86		37		109		138		180		191		35		112		125		40		144		100		64		90		130		107		86		144		60		111		108
50		90		0		165		84		7		28		14		11		59		118		42		110		48		45		65		67		99		23		75		56		114		138		97		50		84		87		132		32		109		86		11		101		66		78		50		117		72		61		33		11		70		59		91		162		69		42		40		62		111		57		67		24		86		37		63		61		67		29		79		58		20		81		35		102		62		51		113		13		102		61		48		110		45		80		13		59		145		91		127		107		78		37		44		75		76		25		35		69		133		78		71		51		149		85		40		99		109		49		81		100		126		59		28		51		112		92		8		90		51		61		130		91		173		71		84		50		90		62		128		89		127		80		90		101		111		154		45		96		114		58		64		94		60		43		42		132		30		71		118
215		123		165		0		99		172		193		169		168		106		105		123		91		151		120		230		98		66		168		90		171		51		27		148		215		249		90		145		133		96		79		154		92		99		87		143		48		237		174		152		154		151		180		144		33		96		207		187		115		54		108		232		167		101		164		102		104		98		166		244		223		145		84		130		63		125		114		52		172		135		126		145		127		126		85		178		194		40		126		38		58		99		194		135		90		101		142		146		122		32		163		94		216		22		114		205		142		140		116		166		73		57		106		193		126		99		159		163		75		114		226		41		146		8		94		109		215		75		103		37		160		38		85		103		150		98		11		120		83		67		223		187		71		105		122		123		67		135		94		47
116		24		84		99		0		77		94		70		95		81		34		48		162		132		63		131		39		33		69		21		72		116		72		49		116		150		9		216		90		25		130		77		163		96		126		44		103		138		75		117		73		154		143		175		104		57		108		124		22		49		129		133		108		170		65		41		23		53		67		145		124		104		121		117		68		146		57		47		73		36		27		132		28		39		96		79		95		111		175		71		97		162		121		128		59		160		59		49		23		67		162		113		117		83		169		118		43		193		61		67		144		128		53		94		33		28		60		92		32		123		127		112		175		107		61		10		116		50		64		62		61		103		132		174		185		27		88		119		16		138		124		88		84		124		101		80		138		54		105		102
43		83		7		172		77		0		21		7		18		66		111		49		117		55		52		58		74		106		16		82		49		121		145		90		43		77		82		139		39		102		93		18		108		73		85		43		124		65		54		40		18		77		66		98		169		76		35		47		57		118		64		60		31		93		30		70		68		74		22		72		51		27		88		42		109		69		58		120		6		95		54		55		103		46		87		6		52		152		98		134		114		85		44		51		82		83		30		28		62		140		85		78		44		156		92		41		92		116		56		74		107		133		66		21		46		105		85		15		97		58		54		137		98		180		78		77		43		97		69		135		82		134		87		97		108		104		161		52		89		121		51		57		101		67		50		49		139		37		78		125
22		70		28		193		94		21		0		24		31		87		98		70		138		68		73		37		95		127		25		103		36		142		166		77		22		56		103		152		60		103		114		39		129		94		106		50		145		44		41		53		39		90		79		111		190		97		44		60		78		139		85		39		44		106		29		91		89		95		27		51		30		48		109		63		130		82		79		141		21		82		67		68		90		67		108		15		39		173		111		155		135		98		57		64		103		96		51		47		71		161		98		99		23		177		105		54		79		129		77		61		128		154		87		12		67		98		72		30		118		79		33		158		111		201		99		84		22		118		90		156		69		155		108		114		121		105		182		73		110		142		30		44		122		88		71		70		160		58		99		146
46		76		14		169		70		7		24		0		25		63		104		46		114		62		49		61		71		103		9		79		42		118		142		83		46		80		79		146		36		95		90		15		105		70		82		36		121		68		47		47		15		84		73		105		166		73		38		54		54		115		61		63		38		100		23		67		65		71		15		75		54		34		85		47		106		76		55		117		3		88		47		62		96		43		84		9		45		149		105		131		111		92		51		58		79		90		27		23		55		137		92		75		47		153		99		48		85		123		53		67		104		130		63		24		43		98		78		22		94		55		57		134		105		177		75		70		46		94		66		132		75		131		84		104		115		97		158		49		86		118		54		50		98		64		47		46		136		34		75		122
47		101		11		168		95		18		31		25		0		62		129		47		113		37		48		62		70		102		34		78		67		117		141		108		47		81		98		121		35		120		89		18		104		69		81		61		120		69		72		22		22		59		48		80		165		72		39		29		73		114		60		64		13		75		48		66		72		70		40		76		55		23		84		38		105		51		54		116		24		113		72		37		121		56		83		24		70		148		80		130		110		69		26		33		78		67		36		46		80		136		67		74		48		152		74		37		110		98		52		92		103		129		62		25		62		123		103		5		93		54		58		133		80		176		74		95		47		93		65		131		100		130		83		89		90		122		157		48		107		117		55		75		97		63		46		45		135		41		74		121
109		87		59		106		81		66		87		63		62		0		115		33		81		51		18		124		42		58		62		60		65		55		79		94		109		143		84		135		27		106		49		48		82		15		45		47		58		131		68		46		48		73		74		94		103		24		101		81		59		52		48		126		61		89		58		40		58		28		60		138		117		39		40		36		43		65		24		54		66		99		58		51		107		42		21		72		88		86		94		68		48		81		88		47		22		79		36		40		66		74		81		32		110		90		88		99		96		112		20		78		63		67		28		87		48		109		89		57		49		42		120		71		94		114		20		81		109		31		17		69		86		68		51		93		104		108		95		38		93		57		117		81		35		43		20		17		73		29		24		59
120		28		118		105		34		111		98		104		129		115		0		82		196		166		97		135		73		57		95		55		76		150		96		53		120		154		31		250		124		9		164		111		197		130		160		68		137		142		79		151		107		188		177		209		138		91		142		158		56		83		163		137		142		204		81		75		57		87		89		149		128		138		155		151		102		180		91		69		105		40		57		166		32		73		130		105		99		145		209		105		131		196		155		162		93		194		93		83		49		91		196		147		121		83		203		152		47		227		95		71		178		162		87		110		67		6		64		126		66		157		131		146		209		105		95		34		120		84		98		84		65		137		166		208		219		7		114		153		22		172		128		92		118		158		135		114		172		88		139		136
92		54		42		123		48		49		70		46		47		33		82		0		114		84		15		107		25		57		45		33		48		72		96		61		92		126		51		168		42		73		82		31		115		48		78		20		75		114		51		69		31		106		95		127		120		27		84		76		26		69		81		109		60		122		41		21		25		25		43		121		100		56		73		69		60		98		9		71		49		66		25		84		74		9		48		55		71		103		127		85		65		114		73		80		33		112		19		23		33		91		114		65		93		107		121		82		63		145		13		45		96		84		17		70		15		76		56		44		48		75		103		88		127		131		29		48		92		48		20		86		53		85		84		126		137		75		112		71		60		90		100		64		52		76		53		32		90		12		57		76
160		168		110		91		162		117		138		114		113		81		196		114		0		96		99		175		123		139		113		141		134		46		100		175		160		194		165		56		78		187		32		99		9		66		36		128		59		182		139		97		99		96		125		89		58		105		152		132		140		113		53		177		112		46		115		121		139		109		111		189		168		90		41		75		94		70		105		127		117		180		139		90		188		123		66		123		139		51		71		91		65		44		139		80		103		46		103		113		147		105		108		49		161		113		59		150		177		85		101		159		18		34		109		138		129		190		170		108		130		59		171		50		91		91		101		162		160		112		98		112		167		59		30		24		95		189		82		65		174		24		168		142		78		50		67		82		24		108		57		60
72		138		48		151		132		55		68		62		37		51		166		84		96		0		69		79		93		109		71		111		104		100		124		145		82		98		135		84		42		157		72		55		87		52		64		98		103		86		109		15		59		22		29		43		148		75		56		36		110		97		43		81		24		50		85		91		109		79		77		93		72		28		67		21		88		26		75		99		61		150		109		6		158		93		66		61		107		131		43		113		93		52		43		16		73		50		73		83		117		119		30		57		65		135		37		54		147		61		71		129		86		112		79		56		99		160		140		40		100		37		75		116		43		159		71		132		64		82		68		114		137		113		66		72		53		159		140		31		144		100		72		112		80		46		31		52		118		78		57		104
95		69		45		120		63		52		73		49		48		18		97		15		99		69		0		110		24		54		48		42		51		69		93		76		95		129		66		153		27		88		67		34		100		33		63		29		72		117		54		54		34		91		80		112		117		24		87		67		41		66		66		112		47		107		44		22		40		22		46		124		103		41		58		54		57		83		6		68		52		81		40		69		89		24		35		58		74		100		112		82		62		99		74		65		30		97		22		26		48		88		99		50		96		104		106		85		78		130		4		60		81		81		14		73		30		91		71		43		45		60		106		85		112		128		26		63		95		45		17		83		68		82		69		111		122		90		109		56		75		75		103		67		49		61		38		17		87		15		42		73
15		107		65		230		131		58		37		61		62		124		135		107		175		79		110		0		132		164		62		140		59		179		203		82		19		19		140		147		97		140		151		76		166		131		143		87		182		9		56		78		76		85		74		106		227		134		39		55		115		176		122		30		63		129		66		128		126		132		64		22		7		85		146		100		167		105		116		178		58		95		104		85		103		104		145		52		44		210		106		192		172		131		52		95		140		129		88		84		108		198		93		136		14		214		116		49		88		124		114		66		165		191		124		37		104		135		77		67		155		116		8		195		106		238		136		121		15		155		127		193		74		192		145		151		116		142		219		110		147		179		25		49		159		125		108		107		197		95		136		183
117		45		67		98		39		74		95		71		70		42		73		25		123		93		24		132		0		32		70		18		73		77		71		52		117		151		42		177		51		64		91		56		124		57		87		45		64		139		76		78		56		115		104		136		95		18		109		89		17		44		90		134		69		131		66		4		16		14		68		146		125		65		82		78		35		107		18		46		74		57		28		93		65		28		57		80		96		78		136		60		58		123		96		89		20		121		44		48		24		66		123		74		118		82		130		107		54		154		22		68		105		89		14		95		28		67		61		65		23		84		128		73		136		106		22		39		117		23		25		61		62		64		93		135		146		66		87		80		51		99		125		89		45		85		62		41		99		37		66		63
149		57		99		66		33		106		127		103		102		58		57		57		139		109		54		164		32		0		102		24		105		93		39		82		149		183		26		193		67		48		107		88		140		73		103		77		80		171		108		94		88		131		120		152		81		34		141		121		49		26		106		166		101		147		98		36		38		32		100		178		157		81		98		94		45		123		48		14		106		69		60		109		61		60		73		112		128		88		152		48		74		139		128		105		36		137		76		80		56		34		139		90		150		50		146		139		76		170		50		100		121		105		40		127		60		51		93		97		9		100		160		89		152		74		38		43		149		27		41		29		94		80		109		151		162		50		57		96		35		115		157		121		61		101		78		57		115		69		82		79
47		67		23		168		69		16		25		9		34		62		95		45		113		71		48		62		70		102		0		78		33		117		141		74		47		81		78		155		35		86		89		16		104		69		81		27		120		69		38		56		14		93		82		114		165		72		47		63		53		114		68		64		47		109		14		66		64		70		6		76		55		43		84		56		105		85		54		116		10		79		42		71		87		42		83		10		36		148		114		130		110		101		60		67		78		99		26		22		46		136		101		74		48		152		108		57		76		132		52		58		103		129		62		25		42		89		69		31		93		62		58		133		114		176		74		61		47		93		65		131		66		130		83		113		124		88		157		58		85		117		55		41		97		63		46		45		135		33		74		121
125		33		75		90		21		82		103		79		78		60		55		33		141		111		42		140		18		24		78		0		81		95		63		58		125		159		24		195		69		46		109		64		142		75		105		53		82		147		84		96		64		133		122		154		87		36		117		103		25		36		108		142		87		149		74		20		14		32		76		154		133		83		100		96		47		125		36		38		82		45		36		111		47		36		75		88		104		90		154		52		76		141		104		107		38		139		52		56		32		58		141		92		126		74		148		115		52		172		40		76		123		107		32		103		36		49		69		73		15		102		136		91		154		98		40		21		125		29		43		53		70		82		111		153		164		48		79		98		33		117		133		97		63		103		80		59		117		45		84		81
44		48		56		171		72		49		36		42		67		65		76		48		134		104		51		59		73		105		33		81		0		120		144		41		44		78		81		188		62		81		102		49		135		72		98		28		123		66		5		89		45		126		115		147		168		75		80		96		56		117		101		71		80		142		19		69		67		73		27		73		52		76		93		89		108		118		57		119		43		46		45		104		54		45		86		43		23		151		147		133		113		134		93		100		81		132		31		25		49		139		134		85		45		155		141		90		43		165		55		25		116		132		65		48		45		76		36		64		96		95		55		136		147		179		77		62		56		96		68		134		33		133		104		146		157		83		160		91		88		120		66		16		100		96		73		52		138		36		77		124
164		122		114		51		116		121		142		118		117		55		150		72		46		100		69		179		77		93		117		95		120		0		54		129		164		198		119		100		82		141		28		103		47		48		36		92		13		186		123		101		103		100		129		93		48		59		156		136		94		67		57		181		116		54		113		75		93		63		115		193		172		94		33		79		48		74		63		81		121		134		93		94		142		77		34		127		143		31		75		45		19		48		143		84		57		50		91		95		101		59		112		43		165		67		63		154		131		89		65		115		28		12		63		142		83		144		124		112		84		63		175		16		95		59		55		116		164		66		52		66		121		13		34		58		99		143		40		69		128		22		172		136		32		54		71		72		22		84		43		14
188		96		138		27		72		145		166		142		141		79		96		96		100		124		93		203		71		39		141		63		144		54		0		121		188		222		65		154		106		87		68		127		101		72		64		116		41		210		147		125		127		124		153		117		42		69		180		160		88		27		81		205		140		108		137		75		77		71		139		217		196		118		59		103		36		98		87		27		145		108		99		118		100		99		58		151		167		49		113		11		35		100		167		108		63		98		115		119		95		5		136		67		189		13		107		178		115		131		89		139		82		66		79		166		99		90		132		136		48		87		199		50		119		35		67		82		188		48		76		12		133		41		70		112		123		89		18		93		74		76		196		160		44		78		95		96		76		108		67		40
73		25		97		148		49		90		77		83		108		94		53		61		175		145		76		82		52		82		74		58		41		129		121		0		67		101		58		229		103		58		143		90		176		109		139		47		116		91		36		130		86		167		156		188		145		70		121		137		35		94		142		112		121		183		60		54		44		66		68		104		81		117		134		130		85		159		70		96		84		13		36		145		21		52		109		84		46		128		188		110		110		175		134		141		72		173		72		62		28		116		175		126		80		132		182		131		6		206		74		18		157		141		66		89		46		53		11		105		73		136		78		125		188		156		74		39		97		73		77		111		12		116		145		187		198		60		137		132		65		151		107		39		97		137		114		93		151		67		118		115
10		92		50		215		116		43		22		46		47		109		120		92		160		82		95		19		117		149		47		125		44		164		188		67		0		34		125		166		82		125		136		61		151		116		128		72		167		28		41		67		61		104		93		125		212		119		58		74		100		161		107		49		58		120		51		113		111		117		49		41		18		70		131		85		152		96		101		163		43		80		89		82		88		89		130		37		25		195		125		177		157		116		71		80		125		114		73		69		93		183		112		121		17		199		119		68		73		143		99		49		150		176		109		26		89		120		58		52		140		101		11		180		125		223		121		106		34		140		112		178		55		177		130		136		135		127		204		95		132		164		44		30		144		110		93		92		182		80		121		168
34		126		84		249		150		77		56		80		81		143		154		126		194		98		129		19		151		183		81		159		78		198		222		101		34		0		159		138		116		159		170		95		185		150		162		106		201		12		75		97		95		98		69		105		246		153		42		62		134		195		141		19		82		148		85		147		145		151		83		11		26		104		165		119		186		124		135		197		77		114		123		104		122		123		164		71		55		229		123		211		191		150		55		114		159		148		107		103		127		217		86		155		33		233		135		44		107		113		133		83		184		210		143		56		123		154		90		86		174		135		23		214		103		257		155		140		34		174		146		212		89		211		164		170		105		161		238		129		166		198		26		62		178		144		127		126		216		114		155		202
125		33		87		90		9		82		103		79		98		84		31		51		165		135		66		140		42		26		78		24		81		119		65		58		125		159		0		219		93		22		133		80		166		99		129		53		106		147		84		120		76		157		146		178		107		60		117		127		25		52		132		142		111		173		74		44		26		56		76		154		133		107		124		120		71		149		60		38		82		45		36		135		37		42		99		88		104		114		178		74		100		165		124		131		62		163		62		56		32		60		165		116		126		74		172		121		52		196		64		76		147		131		56		103		36		25		69		95		35		126		136		115		178		98		64		19		125		53		67		53		70		106		135		177		188		24		83		122		9		141		133		97		87		127		104		83		141		57		108		105
156		222		132		145		216		139		152		146		121		135		250		168		56		84		153		147		177		193		155		195		188		100		154		229		166		138		219		0		126		241		86		139		53		120		90		182		113		138		193		99		143		62		73		41		112		159		108		92		194		167		87		121		108		46		169		175		193		163		161		133		148		112		95		99		148		70		159		181		145		234		193		84		242		177		120		145		191		105		41		145		119		54		95		88		157		56		157		167		201		159		54		103		149		167		47		98		231		29		155		213		72		88		163		140		183		244		224		124		184		93		155		104		41		145		155		216		132		166		152		166		221		113		84		42		39		243		136		97		228		78		122		196		132		92		115		136		78		162		111		114
82		96		32		133		90		39		60		36		35		27		124		42		78		42		27		97		51		67		35		69		62		82		106		103		82		116		93		126		0		115		54		21		73		34		46		56		85		104		67		27		21		64		53		85		130		37		74		54		68		79		39		99		34		80		43		49		67		37		35		111		90		14		49		27		70		56		33		81		39		108		67		42		116		51		48		45		65		113		85		95		75		72		61		38		43		70		31		41		75		101		72		39		83		117		79		72		105		103		29		87		68		94		37		60		57		118		98		30		58		33		93		98		85		141		39		90		82		58		30		96		95		95		48		84		95		117		122		29		102		82		90		70		62		34		11		10		100		36		39		86
125		33		109		96		25		102		103		95		120		106		9		73		187		157		88		140		64		48		86		46		81		141		87		58		125		159		22		241		115		0		155		102		188		121		151		59		128		147		84		142		98		179		168		200		129		82		133		149		47		74		154		142		133		195		74		66		48		78		80		154		133		129		146		142		93		171		82		60		96		45		48		157		37		64		121		96		104		136		200		96		122		187		146		153		84		185		84		74		40		82		187		138		126		74		194		143		52		218		86		76		169		153		78		103		58		5		69		117		57		148		136		137		200		98		86		25		125		75		89		75		70		128		157		199		210		2		105		144		13		163		133		97		109		149		126		105		163		79		130		127
136		136		86		79		130		93		114		90		89		49		164		82		32		72		67		151		91		107		89		109		102		28		68		143		136		170		133		86		54		155		0		75		33		34		8		96		31		158		107		73		75		72		101		65		76		73		128		108		108		81		29		153		88		40		85		89		107		77		87		165		144		66		9		51		62		46		73		95		93		148		107		66		156		91		34		99		115		59		47		59		33		32		115		56		71		30		71		81		115		73		84		17		137		81		39		126		145		63		69		127		14		40		77		114		97		158		138		84		98		35		147		44		67		87		69		130		136		80		66		80		135		41		6		44		71		157		68		41		142		28		144		110		46		26		43		50		46		76		25		32
61		83		11		154		77		18		39		15		18		48		111		31		99		55		34		76		56		88		16		64		49		103		127		90		61		95		80		139		21		102		75		0		90		55		67		43		106		83		54		40		4		77		66		98		151		58		53		47		55		100		52		78		31		93		30		52		54		56		22		90		69		27		70		40		91		69		40		102		18		95		54		55		103		38		69		24		52		134		98		116		96		85		44		51		64		83		18		28		62		122		85		60		62		138		92		51		92		116		38		74		89		115		48		39		44		105		85		15		79		46		72		119		98		162		60		77		61		79		51		117		82		116		69		97		108		104		143		42		89		103		69		57		83		49		32		31		121		23		60		107
151		169		101		92		163		108		129		105		104		82		197		115		9		87		100		166		124		140		104		142		135		47		101		176		151		185		166		53		73		188		33		90		0		67		37		129		60		173		140		88		90		87		116		80		61		106		143		123		141		114		44		168		103		37		116		122		140		110		108		180		159		81		42		66		95		61		106		128		108		181		140		81		189		124		67		114		138		52		62		92		66		35		130		71		104		37		104		114		148		106		99		50		152		114		50		141		178		76		102		160		19		35		110		129		130		191		171		99		131		50		162		51		82		92		102		163		151		113		99		113		168		60		31		15		86		190		83		56		175		25		159		143		79		41		62		83		31		109		58		61
116		102		66		99		96		73		94		70		69		15		130		48		66		52		33		131		57		73		69		75		72		48		72		109		116		150		99		120		34		121		34		55		67		0		30		62		51		138		75		53		55		58		81		79		96		39		108		88		74		47		33		133		68		74		65		55		73		43		67		145		124		46		25		31		36		50		39		61		73		114		73		46		122		57		14		79		95		79		79		61		41		66		95		36		37		64		43		47		81		67		66		17		117		83		73		106		111		97		35		93		48		60		43		94		63		124		104		64		64		27		127		64		79		107		35		96		116		46		32		62		101		61		36		78		89		123		88		23		108		48		124		88		28		28		23		24		66		42		9		52
128		132		78		87		126		85		106		82		81		45		160		78		36		64		63		143		87		103		81		105		98		36		64		139		128		162		129		90		46		151		8		67		37		30		0		92		39		150		103		65		67		64		93		57		84		69		120		100		104		77		21		145		80		44		79		85		103		73		79		157		136		58		5		43		58		38		69		91		85		144		103		58		152		87		30		91		107		67		49		55		29		36		107		48		67		34		67		77		111		69		76		13		129		77		43		118		141		67		65		123		22		48		73		106		93		154		134		76		94		27		139		52		59		95		65		126		128		76		62		76		131		49		6		48		63		153		76		33		138		36		136		106		42		18		35		46		54		72		21		40
72		40		50		143		44		43		50		36		61		47		68		20		128		98		29		87		45		77		27		53		28		92		116		47		72		106		53		182		56		59		96		43		129		62		92		0		95		94		31		83		39		120		109		141		140		47		74		90		28		89		95		89		74		136		21		41		39		45		23		101		80		70		87		83		80		112		29		91		37		52		17		98		60		17		62		37		51		123		141		105		85		128		87		94		53		126		25		15		21		111		128		79		73		127		135		84		49		159		27		31		110		104		37		50		17		62		42		58		68		89		83		108		141		151		49		34		72		68		40		106		39		105		98		140		151		61		132		85		60		104		80		44		72		90		67		46		110		20		71		96
167		109		117		48		103		124		145		121		120		58		137		75		59		103		72		182		64		80		120		82		123		13		41		116		167		201		106		113		85		128		31		106		60		51		39		95		0		189		126		104		106		103		132		96		45		48		159		139		81		54		60		184		119		67		116		62		80		50		118		196		175		97		36		82		35		77		66		68		124		121		80		97		129		78		37		130		146		28		78		32		10		59		146		87		44		57		94		98		88		46		115		46		168		54		66		157		118		92		68		118		41		25		58		145		78		131		111		115		71		66		178		13		98		56		46		103		167		53		55		53		112		10		37		71		102		130		37		72		115		35		175		139		23		57		74		75		35		87		46		1
22		114		72		237		138		65		44		68		69		131		142		114		182		86		117		9		139		171		69		147		66		186		210		91		28		12		147		138		104		147		158		83		173		138		150		94		189		0		63		85		83		86		65		97		234		141		30		50		122		183		129		21		70		136		73		135		133		139		71		13		14		92		153		107		174		112		123		185		65		102		111		92		110		111		152		59		53		217		111		199		179		138		43		102		147		136		95		91		115		205		84		143		21		221		123		40		95		115		121		75		172		198		131		44		111		142		86		74		162		123		17		202		97		245		143		128		22		162		134		200		83		199		152		158		107		149		226		117		154		186		16		58		166		132		115		114		204		102		143		190
41		51		61		174		75		54		41		47		72		68		79		51		139		109		54		56		76		108		38		84		5		123		147		36		41		75		84		193		67		84		107		54		140		75		103		31		126		63		0		94		50		131		120		152		171		78		85		101		59		120		106		76		85		147		24		72		70		76		32		70		49		81		98		94		111		123		60		122		48		41		48		109		49		48		89		48		20		154		152		136		116		139		98		105		84		137		36		28		52		142		139		90		44		158		146		95		38		170		58		20		121		135		68		53		48		79		31		69		99		100		52		139		152		182		80		65		61		99		71		137		28		136		109		151		162		86		163		96		91		123		71		13		103		101		78		57		141		39		82		127
63		123		33		152		117		40		53		47		22		46		151		69		97		15		54		78		78		94		56		96		89		101		125		130		67		97		120		99		27		142		73		40		88		53		65		83		104		85		94		0		44		37		28		58		149		60		55		35		95		98		44		80		15		53		70		76		94		64		62		92		71		13		68		22		89		29		60		100		46		135		94		15		143		78		67		46		92		132		58		114		94		53		42		17		62		51		58		68		102		120		45		58		64		136		52		53		132		76		56		114		87		113		64		41		84		145		125		25		85		38		74		117		58		160		58		117		63		77		53		115		122		114		67		73		68		144		141		32		129		101		71		97		81		47		30		37		119		63		58		105
61		79		11		154		73		18		39		15		22		48		107		31		99		59		34		76		56		88		14		64		45		103		127		86		61		95		76		143		21		98		75		4		90		55		67		39		106		83		50		44		0		81		70		102		151		58		53		51		51		100		56		78		35		97		26		52		50		56		18		90		69		31		70		44		91		73		40		102		18		91		50		59		99		34		69		24		48		134		102		116		96		89		48		55		64		87		14		24		58		122		89		60		62		138		96		51		88		120		38		70		89		115		48		39		40		101		81		19		79		50		72		119		102		162		60		73		61		79		51		117		78		116		69		101		112		100		143		46		85		103		69		53		83		51		32		31		121		19		60		107
94		160		70		151		154		77		90		84		59		73		188		106		96		22		91		85		115		131		93		133		126		100		124		167		104		98		157		62		64		179		72		77		87		58		64		120		103		86		131		37		81		0		29		21		148		97		56		36		132		105		43		81		46		50		107		113		131		101		99		93		86		50		67		37		88		26		97		119		83		172		131		22		180		115		66		83		129		131		25		113		93		52		43		26		95		50		95		105		139		119		12		57		87		135		37		54		169		39		93		151		86		112		101		78		121		182		162		62		122		37		93		116		21		159		93		154		70		104		90		114		159		113		66		72		31		181		140		35		166		100		72		134		80		46		53		74		118		100		57		104
83		149		59		180		143		66		79		73		48		74		177		95		125		29		80		74		104		120		82		122		115		129		153		156		93		69		146		73		53		168		101		66		116		81		93		109		132		65		120		28		70		29		0		36		177		86		35		19		121		126		72		52		35		79		96		102		120		90		88		64		75		39		96		50		117		55		86		128		72		161		120		35		169		104		95		72		118		160		54		142		122		81		22		45		90		79		84		94		128		148		19		86		76		164		66		25		158		50		82		140		115		141		90		67		110		171		151		51		111		66		82		145		34		188		86		143		59		105		79		143		148		142		95		101		42		170		169		60		155		129		49		123		109		75		58		63		147		89		86		133
115		181		91		144		175		98		111		105		80		94		209		127		89		43		112		106		136		152		114		154		147		93		117		188		125		105		178		41		85		200		65		98		80		79		57		141		96		97		152		58		102		21		36		0		141		118		67		51		153		126		46		88		67		43		128		134		152		122		120		100		107		71		60		58		107		29		118		140		104		193		152		43		201		136		79		104		150		124		18		106		86		45		54		47		116		43		116		126		160		118		19		62		108		128		30		61		190		18		114		172		79		105		122		99		142		203		183		83		143		52		114		109		2		152		114		175		91		125		111		125		180		106		59		65		10		202		133		56		187		93		81		155		91		51		74		95		111		121		70		97
212		120		162		33		104		169		190		166		165		103		138		120		58		148		117		227		95		81		165		87		168		48		42		145		212		246		107		112		130		129		76		151		61		96		84		140		45		234		171		149		151		148		177		141		0		93		204		184		112		55		105		229		164		98		161		99		101		95		163		241		220		142		81		127		60		122		111		69		169		132		123		142		130		123		82		175		191		17		123		35		55		96		191		132		87		98		139		143		119		47		160		91		213		55		111		202		139		137		113		163		62		36		103		190		123		132		156		160		72		111		223		32		143		33		91		106		212		72		100		54		157		35		82		76		147		131		24		117		116		48		220		184		68		102		119		120		34		132		91		44
119		63		69		96		57		76		97		73		72		24		91		27		105		75		24		134		18		34		72		36		75		59		69		70		119		153		60		159		37		82		73		58		106		39		69		47		48		141		78		60		58		97		86		118		93		0		111		91		35		42		72		136		71		113		68		16		34		4		70		148		127		49		64		60		33		89		18		44		76		75		34		75		83		30		39		82		98		76		118		58		40		105		98		71		6		103		46		50		42		64		105		56		120		80		112		109		72		136		20		70		87		71		10		97		30		85		65		67		25		66		130		61		118		104		4		57		119		21		7		59		64		58		75		117		128		84		85		62		69		81		127		91		27		67		44		27		81		39		48		49
48		114		42		207		108		35		44		38		39		101		142		84		152		56		87		39		109		141		47		117		80		156		180		121		58		42		117		108		74		133		128		53		143		108		120		74		159		30		85		55		53		56		35		67		204		111		0		20		92		153		99		25		40		106		61		105		103		109		53		37		40		62		123		77		144		82		93		155		37		126		85		62		134		81		122		37		83		187		81		169		149		108		13		72		117		106		65		61		93		175		54		113		41		191		93		10		123		85		91		105		142		168		101		32		81		136		116		44		132		93		47		172		67		215		113		108		24		132		104		170		113		169		122		128		77		135		196		87		124		156		16		88		136		102		85		84		174		72		113		160
64		130		40		187		124		47		60		54		29		81		158		76		132		36		67		55		89		121		63		103		96		136		160		137		74		62		127		92		54		149		108		47		123		88		100		90		139		50		101		35		51		36		19		51		184		91		20		0		102		133		79		45		20		86		77		85		101		89		69		57		56		42		103		57		124		62		73		135		53		142		101		42		150		85		102		53		99		167		61		149		129		88		7		52		97		86		65		75		109		155		38		93		57		171		73		18		139		69		71		121		122		148		81		48		91		152		132		32		112		73		63		152		51		195		93		124		40		112		84		150		129		149		102		108		61		151		176		67		136		136		36		104		116		82		65		64		154		70		93		140
100		28		62		115		22		57		78		54		73		59		56		26		140		110		41		115		17		49		53		25		56		94		88		35		100		134		25		194		68		47		108		55		141		74		104		28		81		122		59		95		51		132		121		153		112		35		92		102		0		61		107		117		86		148		49		19		11		31		51		129		108		82		99		95		52		124		35		63		57		40		11		110		48		17		74		63		79		95		153		77		75		140		99		106		37		138		37		31		7		83		140		91		101		99		147		96		37		171		39		51		122		106		31		78		11		50		44		70		40		101		111		90		153		123		39		22		100		40		42		78		45		81		110		152		163		49		104		97		34		116		108		72		62		102		79		58		116		32		83		80
161		69		111		54		49		118		139		115		114		52		83		69		113		97		66		176		44		26		114		36		117		67		27		94		161		195		52		167		79		74		81		100		114		47		77		89		54		183		120		98		100		105		126		126		55		42		153		133		61		0		80		178		113		121		110		48		50		44		112		190		169		91		72		76		19		97		60		14		118		81		72		91		75		72		47		124		140		62		126		22		48		113		140		81		36		111		88		92		68		22		113		64		162		38		120		151		88		144		62		112		95		79		52		139		72		77		105		109		21		74		172		63		126		62		40		55		161		21		49		17		106		54		83		125		136		76		43		70		61		89		169		133		35		75		68		69		89		81		56		53
107		135		57		108		129		64		85		61		60		48		163		81		53		43		66		122		90		106		68		108		101		57		81		142		107		141		132		87		39		154		29		52		44		33		21		95		60		129		106		44		56		43		72		46		105		72		99		79		107		80		0		124		59		41		82		88		106		76		74		136		115		37		24		22		61		17		72		94		64		147		106		37		155		90		33		70		104		88		46		70		50		33		86		27		70		31		70		80		114		76		55		16		108		92		40		97		144		64		68		126		43		69		76		85		96		157		137		55		97		6		118		73		46		116		68		129		107		79		65		79		134		70		23		45		56		156		97		12		141		57		115		109		45		5		28		49		75		75		24		61
39		109		67		232		133		60		39		63		64		126		137		109		177		81		112		30		134		166		64		142		71		181		205		112		49		19		142		121		99		142		153		78		168		133		145		89		184		21		76		80		78		81		52		88		229		136		25		45		117		178		124		0		65		131		68		130		128		134		66		12		31		87		148		102		169		107		118		180		60		117		106		87		125		106		147		54		74		212		106		194		174		133		38		97		142		131		90		86		110		200		69		138		32		216		118		27		114		94		116		96		167		193		126		39		106		137		107		69		157		118		38		197		86		240		138		123		17		157		129		195		104		194		147		153		86		144		221		112		149		181		9		79		161		127		110		109		199		97		138		185
48		114		24		167		108		31		44		38		13		61		142		60		112		24		47		63		69		101		47		87		80		116		140		121		58		82		111		108		34		133		88		31		103		68		80		74		119		70		85		15		35		46		35		67		164		71		40		20		86		113		59		65		0		66		61		67		85		69		53		77		56		22		83		37		104		42		53		115		37		126		85		24		134		69		82		37		83		147		67		129		109		68		27		32		77		66		49		59		93		135		54		73		49		151		61		38		123		85		51		105		102		128		61		32		75		136		116		16		92		53		59		132		67		175		73		108		48		92		64		130		113		129		82		88		77		135		156		47		120		116		56		88		96		62		45		44		134		54		73		120
114		176		86		101		170		93		106		100		75		89		204		122		46		50		107		129		131		147		109		149		142		54		108		183		120		148		173		46		80		195		40		93		37		74		44		136		67		136		147		53		97		50		79		43		98		113		106		86		148		121		41		131		66		0		123		129		147		117		115		143		122		66		49		53		102		24		113		135		99		188		147		44		196		131		74		99		145		81		25		99		73		8		93		42		111		10		111		121		155		113		62		57		115		121		13		104		185		39		109		167		36		62		117		94		137		198		178		78		138		47		125		66		45		109		109		170		114		120		106		120		175		67		38		22		49		197		90		51		182		50		122		150		86		46		69		90		68		116		65		68
51		53		37		164		65		30		29		23		48		58		81		41		115		85		44		66		66		98		14		74		19		113		137		60		51		85		74		169		43		74		85		30		116		65		79		21		116		73		24		70		26		107		96		128		161		68		61		77		49		110		82		68		61		123		0		62		60		66		8		80		59		57		80		70		101		99		50		112		24		65		38		85		73		38		79		24		30		144		128		126		106		115		74		81		74		113		22		18		42		132		115		70		52		148		122		71		62		146		48		44		99		125		58		29		38		75		55		45		89		76		62		129		128		172		70		55		51		89		61		127		52		126		85		127		138		76		153		72		81		113		59		27		93		77		54		41		131		29		70		117
113		47		63		102		41		70		91		67		66		40		75		21		121		91		22		128		4		36		66		20		69		75		75		54		113		147		44		175		49		66		89		52		122		55		85		41		62		135		72		76		52		113		102		134		99		16		105		85		19		48		88		130		67		129		62		0		18		12		64		142		121		63		80		76		39		105		16		50		70		59		24		91		67		24		55		76		92		82		134		64		56		121		92		87		18		119		40		44		26		70		121		72		114		86		128		103		56		152		20		64		103		87		12		91		24		69		57		61		27		82		124		71		134		110		20		41		113		27		23		65		58		64		91		133		144		68		91		78		53		97		121		85		43		83		60		39		97		33		64		61
111		29		61		104		23		68		89		65		72		58		57		25		139		109		40		126		16		38		64		14		67		93		77		44		111		145		26		193		67		48		107		54		140		73		103		39		80		133		70		94		50		131		120		152		101		34		103		101		11		50		106		128		85		147		60		18		0		30		62		140		119		81		98		94		45		123		34		52		68		41		22		109		49		22		73		74		90		88		152		66		74		139		98		105		36		137		38		42		18		72		139		90		112		88		146		101		38		170		38		62		121		105		30		89		22		51		55		69		29		100		122		89		152		112		38		23		111		29		41		67		56		80		109		151		162		50		93		96		35		115		119		83		61		101		78		57		115		31		82		79
117		59		67		98		53		74		95		71		70		28		87		25		109		79		22		132		14		32		70		32		73		63		71		66		117		151		56		163		37		78		77		56		110		43		73		45		50		139		76		64		56		101		90		122		95		4		109		89		31		44		76		134		69		117		66		12		30		0		68		146		125		51		68		64		35		93		16		46		74		71		30		79		79		28		43		80		96		78		122		60		44		109		96		75		8		107		44		48		38		66		109		60		118		82		116		107		68		140		18		68		91		75		8		95		28		81		61		65		23		70		128		63		122		106		8		53		117		23		11		61		62		60		79		121		132		80		87		66		65		85		125		89		31		71		48		27		85		37		52		51
49		61		29		166		67		22		27		15		40		60		89		43		111		77		46		64		68		100		6		76		27		115		139		68		49		83		76		161		35		80		87		22		108		67		79		23		118		71		32		62		18		99		88		120		163		70		53		69		51		112		74		66		53		115		8		64		62		68		0		78		57		49		82		62		103		91		52		114		16		73		40		77		81		40		81		16		30		146		120		128		108		107		66		73		76		105		24		20		44		134		107		72		50		150		114		63		70		138		50		52		101		127		60		27		40		83		63		37		91		68		60		131		120		174		72		57		49		91		63		129		60		128		81		119		130		82		155		64		83		115		57		35		95		69		46		43		133		31		72		119
31		121		79		244		145		72		51		75		76		138		149		121		189		93		124		22		146		178		76		154		73		193		217		104		41		11		154		133		111		154		165		90		180		145		157		101		196		13		70		92		90		93		64		100		241		148		37		57		129		190		136		12		77		143		80		142		140		146		78		0		23		99		160		114		181		119		130		192		72		109		118		99		117		118		159		66		66		224		118		206		186		145		50		109		154		143		102		98		122		212		81		150		28		228		130		39		106		104		128		88		179		205		138		51		118		149		99		81		169		130		30		209		98		252		150		135		29		169		141		207		96		206		159		165		94		156		233		124		161		193		21		71		173		139		122		121		211		109		150		197
8		100		58		223		124		51		30		54		55		117		128		100		168		72		103		7		125		157		55		133		52		172		196		81		18		26		133		148		90		133		144		69		159		124		136		80		175		14		49		71		69		86		75		107		220		127		40		56		108		169		115		31		56		122		59		121		119		125		57		23		0		78		139		93		160		98		109		171		51		88		97		78		96		97		138		45		43		203		107		185		165		124		53		88		133		122		81		77		101		191		94		129		7		207		109		50		83		125		107		65		158		184		117		30		97		128		76		60		148		109		7		188		107		231		129		114		16		148		120		186		73		185		138		144		117		135		212		103		140		172		26		48		152		118		101		100		190		88		129		176
70		110		20		145		104		27		48		34		23		39		138		56		90		28		41		85		65		81		43		83		76		94		118		117		70		104		107		112		14		129		66		27		81		46		58		70		97		92		81		13		31		50		39		71		142		49		62		42		82		91		37		87		22		66		57		63		81		51		49		99		78		0		61		15		82		42		47		93		33		122		81		28		130		65		60		33		79		125		71		107		87		58		49		24		55		56		45		55		89		113		58		51		71		129		65		60		119		89		43		101		80		106		51		48		71		132		112		18		72		31		81		110		71		153		51		104		70		70		42		108		109		107		60		70		81		131		134		25		116		94		78		84		74		40		23		24		112		50		51		98
131		127		81		84		121		88		109		85		84		40		155		73		41		67		58		146		82		98		84		100		93		33		59		134		131		165		124		95		49		146		9		70		42		25		5		87		36		153		98		68		70		67		96		60		81		64		123		103		99		72		24		148		83		49		80		80		98		68		82		160		139		61		0		46		53		41		64		86		88		139		98		61		147		82		25		94		110		64		54		50		26		41		110		51		62		39		62		72		106		64		79		10		132		72		48		121		136		72		60		118		23		45		68		109		88		149		129		79		89		30		142		49		62		92		60		121		131		71		57		71		126		46		11		53		66		148		73		36		133		33		139		103		37		21		38		41		51		67		16		37
85		123		35		130		117		42		63		47		38		36		151		69		75		21		54		100		78		94		56		96		89		79		103		130		85		119		120		99		27		142		51		40		66		31		43		83		82		107		94		22		44		37		50		58		127		60		77		57		95		76		22		102		37		53		70		76		94		64		62		114		93		15		46		0		67		29		60		82		46		135		94		15		143		78		45		48		92		110		58		92		72		45		64		11		58		43		58		68		102		98		45		36		86		114		52		75		132		76		56		114		65		91		64		63		84		145		125		33		85		16		96		95		58		138		56		117		85		67		53		93		122		92		45		57		68		144		119		10		129		79		93		97		59		25		16		37		97		63		36		83
152		74		102		63		68		109		130		106		105		43		102		60		94		88		57		167		35		45		105		47		108		48		36		85		152		186		71		148		70		93		62		91		95		36		58		80		35		174		111		89		91		88		117		107		60		33		144		124		52		19		61		169		104		102		101		39		45		35		103		181		160		82		53		67		0		78		51		33		109		86		63		82		94		63		28		115		131		43		107		25		29		94		131		72		27		92		79		83		59		31		100		45		153		47		101		142		83		125		53		103		76		60		43		130		63		96		96		100		36		55		163		44		107		71		31		68		152		18		40		26		97		35		64		106		117		95		52		57		80		70		160		124		16		56		59		60		70		72		37		34
90		152		62		125		146		69		82		76		51		65		180		98		70		26		83		105		107		123		85		125		118		74		98		159		96		124		149		70		56		171		46		69		61		50		38		112		77		112		123		29		73		26		55		29		122		89		82		62		124		97		17		107		42		24		99		105		123		93		91		119		98		42		41		29		78		0		89		111		75		164		123		20		172		107		50		75		121		105		29		87		67		26		69		18		87		24		87		97		131		93		38		33		91		109		23		80		161		47		85		143		60		86		93		70		113		174		154		54		114		23		101		90		29		133		85		146		90		96		82		96		151		87		40		46		39		173		114		27		158		74		98		126		62		22		45		66		92		92		41		78
101		63		51		114		57		58		79		55		54		24		91		9		105		75		6		116		18		48		54		36		57		63		87		70		101		135		60		159		33		82		73		40		106		39		69		29		66		123		60		60		40		97		86		118		111		18		93		73		35		60		72		118		53		113		50		16		34		16		52		130		109		47		64		60		51		89		0		62		58		75		34		75		83		18		39		64		80		94		118		76		56		105		80		71		24		103		28		32		42		82		105		56		102		98		112		91		72		136		4		54		87		75		8		79		24		85		65		49		39		66		112		79		118		122		20		57		101		39		11		77		62		76		75		117		128		84		103		62		69		81		109		73		43		67		44		23		81		21		48		67
163		71		113		52		47		120		141		117		116		54		69		71		127		99		68		178		46		14		116		38		119		81		27		96		163		197		38		181		81		60		95		102		128		61		91		91		68		185		122		100		102		119		128		140		69		44		155		135		63		14		94		180		115		135		112		50		52		46		114		192		171		93		86		82		33		111		62		0		120		83		74		97		75		74		61		126		142		76		140		36		62		127		142		93		38		125		90		94		70		22		127		78		164		36		134		153		90		158		64		114		109		93		54		141		74		63		107		111		23		88		174		77		140		60		42		57		163		23		51		15		108		68		97		139		150		62		45		84		47		103		171		135		49		89		70		71		103		83		70		67
43		77		13		172		73		6		21		3		24		66		105		49		117		61		52		58		74		106		10		82		43		121		145		84		43		77		82		145		39		96		93		18		108		73		85		37		124		65		48		46		18		83		72		104		169		76		37		53		57		118		64		60		37		99		24		70		68		74		16		72		51		33		88		46		109		75		58		120		0		89		48		61		97		46		87		6		46		152		104		134		114		91		50		57		82		89		30		26		56		140		91		78		44		156		98		47		86		122		56		68		107		133		66		21		46		99		79		21		97		58		54		137		104		180		78		71		43		97		69		135		76		134		87		103		114		98		161		52		89		121		51		51		101		67		50		49		139		37		78		125
80		12		102		135		36		95		82		88		113		99		40		66		180		150		81		95		57		69		79		45		46		134		108		13		80		114		45		234		108		45		148		95		181		114		144		52		121		102		41		135		91		172		161		193		132		75		126		142		40		81		147		117		126		188		65		59		41		71		73		109		88		122		139		135		86		164		75		83		89		0		41		150		8		57		114		89		59		129		193		97		115		180		139		146		77		178		77		67		33		103		180		131		85		119		187		136		7		211		79		31		162		146		71		94		51		40		24		110		60		141		91		130		193		143		79		26		102		68		82		98		25		121		150		192		203		47		124		137		52		156		112		52		102		142		119		98		156		72		123		120
89		29		61		126		27		54		67		47		72		58		57		25		139		109		40		104		28		60		42		36		45		93		99		36		89		123		36		193		67		48		107		54		140		73		103		17		80		111		48		94		50		131		120		152		123		34		85		101		11		72		106		106		85		147		38		24		22		30		40		118		97		81		98		94		63		123		34		74		48		41		0		109		49		16		73		52		68		106		152		88		74		139		98		105		36		137		36		26		8		94		139		90		90		110		146		95		38		170		38		40		121		105		30		67		10		51		33		69		51		100		100		91		152		134		38		23		89		51		41		89		34		88		109		151		162		50		115		96		43		115		97		61		61		101		78		57		115		31		82		79
72		138		48		145		132		55		68		62		37		51		166		84		90		6		69		85		93		109		71		111		104		94		118		145		82		104		135		84		42		157		66		55		81		46		58		98		97		92		109		15		59		22		35		43		142		75		62		42		110		91		37		87		24		44		85		91		109		79		77		99		78		28		61		15		82		20		75		97		61		150		109		0		158		93		60		61		107		125		43		107		87		46		49		10		73		44		73		83		117		113		30		51		71		129		37		60		147		61		71		129		80		106		79		56		99		160		140		40		100		31		81		110		43		153		71		132		70		82		68		108		137		107		60		66		53		159		134		25		144		94		78		112		74		40		31		52		112		78		51		98
88		20		110		127		28		103		90		96		121		107		32		74		188		158		89		103		65		61		87		47		54		142		100		21		88		122		37		242		116		37		156		103		189		122		152		60		129		110		49		143		99		180		169		201		130		83		134		150		48		75		155		125		134		196		73		67		49		79		81		117		96		130		147		143		94		172		83		75		97		8		49		158		0		65		122		97		67		137		201		97		123		188		147		154		85		186		85		75		41		95		188		139		93		111		195		144		15		219		87		39		170		154		79		102		59		32		32		118		58		149		99		138		201		135		87		26		110		76		90		90		33		129		158		200		211		39		116		145		44		164		120		60		110		150		127		106		164		80		131		128
89		45		45		126		39		46		67		43		56		42		73		9		123		93		24		104		28		60		42		36		45		77		99		52		89		123		42		177		51		64		91		38		124		57		87		17		78		111		48		78		34		115		104		136		123		30		81		85		17		72		90		106		69		131		38		24		22		28		40		118		97		65		82		78		63		107		18		74		46		57		16		93		65		0		57		52		68		106		136		88		68		123		82		89		36		121		20		20		24		94		123		74		90		110		130		79		54		154		22		40		105		89		20		67		6		67		47		53		51		84		100		91		136		134		32		39		89		51		25		89		44		88		93		135		146		66		115		80		51		99		97		61		55		85		62		41		99		15		66		79
130		102		80		85		96		87		108		84		83		21		130		48		66		66		35		145		57		73		83		75		86		34		58		109		130		164		99		120		48		121		34		69		67		14		30		62		37		152		89		67		69		66		95		79		82		39		122		102		74		47		33		147		82		74		79		55		73		43		81		159		138		60		25		45		28		50		39		61		87		114		73		60		122		57		0		93		109		65		79		47		27		66		109		50		37		64		57		61		81		53		78		17		131		69		73		120		111		97		35		93		48		46		43		108		63		124		104		78		64		29		141		50		79		93		35		96		130		46		32		48		101		47		36		78		89		123		74		35		108		42		138		102		14		28		37		38		52		50		9		38
37		77		13		178		79		6		15		9		24		72		105		55		123		61		58		52		80		112		10		88		43		127		151		84		37		71		88		145		45		96		99		24		114		79		91		37		130		59		48		46		24		83		72		104		175		82		37		53		63		124		70		54		37		99		24		76		74		80		16		66		45		33		94		48		115		75		64		126		6		89		52		61		97		52		93		0		46		158		104		140		120		91		50		57		88		89		36		32		56		146		91		84		38		162		98		47		86		122		62		68		113		139		72		15		52		99		79		21		103		64		48		143		104		186		84		71		37		103		75		141		76		140		93		103		114		98		167		58		95		127		45		51		107		73		56		55		145		43		84		131
35		71		59		194		95		52		39		45		70		88		99		71		139		107		74		44		96		128		36		104		23		143		167		46		25		55		104		191		65		104		115		52		138		95		107		51		146		53		20		92		48		129		118		150		191		98		83		99		79		140		104		74		83		145		30		92		90		96		30		66		43		79		110		92		131		121		80		142		46		59		68		107		67		68		109		46		0		174		150		156		136		137		96		103		104		135		52		48		72		162		137		100		42		178		144		93		52		168		78		28		129		155		88		51		68		99		35		67		119		98		36		159		150		202		100		85		59		119		91		157		34		156		109		149		160		106		183		94		111		143		69		7		123		99		76		71		161		59		100		147
195		117		145		40		111		152		173		149		148		86		145		103		51		131		100		210		78		88		148		90		151		31		49		128		195		229		114		105		113		136		59		134		52		79		67		123		28		217		154		132		134		131		160		124		17		76		187		167		95		62		88		212		147		81		144		82		88		78		146		224		203		125		64		110		43		105		94		76		152		129		106		125		137		106		65		158		174		0		106		40		38		79		174		115		70		81		122		126		102		54		143		74		196		62		94		185		126		120		96		146		45		19		86		173		106		139		139		143		79		94		206		15		126		40		74		111		195		61		83		61		140		18		65		63		130		138		31		100		123		31		203		167		51		85		102		103		27		115		74		27
115		181		91		126		175		98		111		105		80		94		209		127		71		43		112		106		136		152		114		154		147		75		113		188		125		123		178		41		85		200		47		98		62		79		49		141		78		111		152		58		102		25		54		18		123		118		81		61		153		126		46		106		67		25		128		134		152		122		120		118		107		71		54		58		107		29		118		140		104		193		152		43		201		136		79		104		150		106		0		104		78		27		68		47		116		25		116		126		160		118		37		62		108		126		12		79		190		18		114		172		61		87		122		99		142		203		183		83		143		52		114		91		20		134		114		175		91		125		111		125		180		88		43		47		24		202		115		56		187		75		97		155		91		51		74		95		93		121		70		79
177		85		127		38		71		134		155		131		130		68		105		85		91		113		82		192		60		48		130		52		133		45		11		110		177		211		74		145		95		96		59		116		92		61		55		105		32		199		136		114		116		113		142		106		35		58		169		149		77		22		70		194		129		99		126		64		66		60		128		206		185		107		50		92		25		87		76		36		134		97		88		107		97		88		47		140		156		40		104		0		26		91		156		97		52		89		104		108		84		14		125		56		178		22		98		167		104		122		78		128		73		57		68		155		88		99		121		125		39		76		188		41		108		46		56		71		177		37		65		21		122		32		61		103		114		98		27		82		83		67		185		149		33		67		84		85		67		97		56		31
157		103		107		58		97		114		135		111		110		48		131		65		65		93		62		172		58		74		110		76		113		19		35		110		157		191		100		119		75		122		33		96		66		41		29		85		10		179		116		94		96		93		122		86		55		40		149		129		75		48		50		174		109		73		106		56		74		44		108		186		165		87		26		72		29		67		56		62		114		115		74		87		123		68		27		120		136		38		78		26		0		65		136		77		38		63		84		88		82		40		105		36		158		48		72		147		112		96		58		108		47		31		48		135		68		125		105		105		65		56		168		23		88		66		36		97		157		47		45		47		102		20		35		77		92		124		47		62		109		41		165		129		13		47		64		65		41		77		36		11
116		168		78		99		162		85		98		92		69		81		196		114		44		52		99		131		123		139		101		141		134		48		100		175		116		150		165		54		72		187		32		85		35		66		36		128		59		138		139		53		89		52		81		45		96		105		108		88		140		113		33		133		68		8		115		121		139		109		107		145		124		58		41		45		94		26		105		127		91		180		139		46		188		123		66		91		137		79		27		91		65		0		95		36		103		2		103		113		147		105		64		49		117		113		15		106		177		41		101		159		34		60		109		94		129		190		170		70		130		39		127		64		47		107		101		162		116		112		98		112		167		61		30		20		51		189		88		43		174		48		124		142		78		38		61		82		66		108		57		60
61		127		37		194		121		44		57		51		26		88		155		73		139		43		74		52		96		128		60		104		93		143		167		134		71		55		124		95		61		146		115		44		130		95		107		87		146		43		98		42		48		43		22		54		191		98		13		7		99		140		86		38		27		93		74		92		98		96		66		50		53		49		110		64		131		69		80		142		50		139		98		49		147		82		109		50		96		174		68		156		136		95		0		59		104		93		62		72		106		162		41		100		54		178		80		11		136		72		78		118		129		155		88		45		88		149		129		31		119		80		60		159		54		202		100		121		37		119		91		157		126		156		109		115		64		148		183		74		133		143		29		101		123		89		72		71		161		67		100		147
80		134		44		135		128		51		64		58		33		47		162		80		80		16		65		95		89		105		67		107		100		84		108		141		80		114		131		88		38		153		56		51		71		36		48		94		87		102		105		17		55		26		45		47		132		71		72		52		106		81		27		97		32		42		81		87		105		75		73		109		88		24		51		11		72		18		71		93		57		146		105		10		154		89		50		57		103		115		47		97		77		36		59		0		69		34		69		79		113		103		34		41		81		119		41		70		143		65		67		125		70		96		75		58		95		156		136		36		96		21		91		100		47		143		67		128		80		78		64		98		133		97		50		56		57		155		124		15		140		84		88		108		64		30		27		48		102		74		41		88
125		65		75		90		59		82		103		79		78		22		93		33		103		73		30		140		20		36		78		38		81		57		63		72		125		159		62		157		43		84		71		64		104		37		67		53		44		147		84		62		64		95		90		116		87		6		117		97		37		36		70		142		77		111		74		18		36		8		76		154		133		55		62		58		27		87		24		38		82		77		36		73		85		36		37		88		104		70		116		52		38		103		104		69		0		101		52		56		44		58		103		54		126		74		110		115		74		134		26		76		85		69		16		103		36		87		69		73		27		64		136		55		116		98		4		59		125		15		13		53		70		52		73		115		126		86		79		60		71		79		133		97		25		65		42		33		79		45		46		43
114		166		76		101		160		83		96		90		67		79		194		112		46		50		97		129		121		137		99		139		132		50		98		173		114		148		163		56		70		185		30		83		37		64		34		126		57		136		137		51		87		50		79		43		98		103		106		86		138		111		31		131		66		10		113		119		137		107		105		143		122		56		39		43		92		24		103		125		89		178		137		44		186		121		64		89		135		81		25		89		63		2		93		34		101		0		101		111		145		103		62		47		115		111		13		104		175		39		99		157		36		62		107		92		127		188		168		68		128		37		125		66		45		109		99		160		114		110		96		110		165		63		28		22		49		187		90		41		172		50		122		140		76		36		59		80		68		106		55		58
73		65		25		142		59		30		51		27		36		36		93		19		103		73		22		88		44		76		26		52		31		91		115		72		73		107		62		157		31		84		71		18		104		43		67		25		94		95		36		58		14		95		84		116		139		46		65		65		37		88		70		90		49		111		22		40		38		44		24		102		81		45		62		58		79		87		28		90		30		77		36		73		85		20		57		36		52		122		116		104		84		103		62		69		52		101		0		10		44		110		103		54		74		126		110		63		74		134		26		56		85		103		36		51		26		87		67		33		67		64		84		107		116		150		48		59		73		67		39		105		64		104		73		115		126		86		131		60		71		91		81		45		71		65		42		21		109		7		48		95
69		55		35		146		49		28		47		23		46		40		83		23		113		83		26		84		48		80		22		56		25		95		119		62		69		103		56		167		41		74		81		28		114		47		77		15		98		91		28		68		24		105		94		126		143		50		61		75		31		92		80		86		59		121		18		44		42		48		20		98		77		55		72		68		83		97		32		94		26		67		26		83		75		20		61		32		48		126		126		108		88		113		72		79		56		111		10		0		34		114		113		64		70		130		120		69		64		144		30		46		95		107		40		47		20		77		57		43		71		74		80		111		126		154		52		49		69		71		43		109		54		108		83		125		136		76		135		70		63		95		77		41		75		75		52		31		113		11		56		99
93		21		69		122		23		62		71		55		80		66		49		33		147		117		48		108		24		56		46		32		49		101		95		28		93		127		32		201		75		40		115		62		148		81		111		21		88		115		52		102		58		139		128		160		119		42		93		109		7		68		114		110		93		155		42		26		18		38		44		122		101		89		106		102		59		131		42		70		56		33		8		117		41		24		81		56		72		102		160		84		82		147		106		113		44		145		44		34		0		90		147		98		94		106		154		103		30		178		46		44		129		113		38		71		18		43		37		77		47		108		104		97		160		130		46		15		93		47		49		85		38		88		117		159		170		42		111		104		39		123		101		65		69		109		86		65		123		39		90		87
183		91		133		32		67		140		161		137		136		74		91		91		105		119		88		198		66		34		136		58		139		59		5		116		183		217		60		159		101		82		73		122		106		67		69		111		46		205		142		120		122		119		148		118		47		64		175		155		83		22		76		200		135		113		132		70		72		66		134		212		191		113		64		98		31		93		82		22		140		103		94		113		95		94		53		146		162		54		118		14		40		105		162		103		58		103		110		114		90		0		131		62		184		16		112		173		110		136		84		134		87		71		74		161		94		85		127		131		43		82		194		55		118		40		62		77		183		43		71		7		128		46		75		117		128		84		23		88		69		81		191		155		39		73		90		91		81		103		62		45
102		168		78		163		162		85		98		92		67		81		196		114		108		30		99		93		123		139		101		141		134		112		136		175		112		86		165		54		72		187		84		85		99		66		76		128		115		84		139		45		89		12		19		19		160		105		54		38		140		113		55		69		54		62		115		121		139		109		107		81		94		58		79		45		100		38		105		127		91		180		139		30		188		123		78		91		137		143		37		125		105		64		41		34		103		62		103		113		147		131		0		69		95		147		49		44		177		31		101		159		98		124		109		86		129		190		170		70		130		49		101		128		17		171		101		162		78		112		98		126		167		125		78		84		23		189		152		43		174		112		68		142		92		58		61		82		130		108		69		116
121		119		71		94		113		78		99		75		74		32		147		65		49		57		50		136		74		90		74		92		85		43		67		126		121		155		116		103		39		138		17		60		50		17		13		79		46		143		90		58		60		57		86		62		91		56		113		93		91		64		16		138		73		57		70		72		90		60		72		150		129		51		10		36		45		33		56		78		78		131		90		51		139		74		17		84		100		74		62		56		36		49		100		41		54		47		54		64		98		62		69		0		122		78		56		111		128		80		52		110		31		55		60		99		80		141		121		69		81		20		132		59		62		102		52		113		121		63		49		63		118		56		19		61		72		140		83		26		125		43		129		93		29		11		28		33		61		59		8		47
7		93		51		216		117		44		23		47		48		110		121		93		161		65		96		14		118		150		48		126		45		165		189		80		17		33		126		149		83		126		137		62		152		117		129		73		168		21		44		64		62		87		76		108		213		120		41		57		101		162		108		32		49		115		52		114		112		118		50		28		7		71		132		86		153		91		102		164		44		85		90		71		93		90		131		38		42		196		108		178		158		117		54		81		126		115		74		70		94		184		95		122		0		200		102		51		82		126		100		64		151		177		110		23		90		121		75		53		141		102		10		181		108		224		122		107		17		141		113		179		72		178		131		137		118		128		205		96		133		165		27		47		145		111		94		93		183		81		122		169
199		107		149		22		83		156		177		153		152		90		83		107		113		135		104		214		82		50		152		74		155		67		13		132		199		233		74		167		117		74		81		138		114		83		77		127		54		221		158		136		138		135		164		128		55		80		191		171		99		38		92		216		151		121		148		86		88		82		150		228		207		129		72		114		47		109		98		36		156		119		110		129		111		110		69		162		178		62		126		22		48		113		178		119		74		111		126		130		106		16		147		78		200		0		120		189		126		144		100		150		95		79		90		177		110		79		143		147		59		98		210		63		130		24		78		93		199		59		87		21		144		54		83		125		136		76		31		104		67		89		207		171		55		89		106		107		89		119		78		53
109		175		85		114		169		92		105		99		74		88		203		121		59		37		106		116		130		146		108		148		141		63		107		182		119		135		172		47		79		194		39		92		50		73		43		135		66		123		146		52		96		37		66		30		111		112		93		73		147		120		40		118		61		13		122		128		146		116		114		130		109		65		48		52		101		23		112		134		98		187		146		37		195		130		73		98		144		94		12		98		72		15		80		41		110		13		110		120		154		112		49		56		102		120		0		91		184		26		108		166		49		75		116		93		136		197		177		77		137		46		112		79		32		122		108		169		101		119		105		119		174		76		37		35		36		196		103		50		181		63		109		149		85		45		68		89		81		115		64		67
58		124		40		205		118		41		54		48		37		99		152		82		150		54		85		49		107		139		57		115		90		154		178		131		68		44		121		98		72		143		126		51		141		106		118		84		157		40		95		53		51		54		25		61		202		109		10		18		96		151		97		27		38		104		71		103		101		107		63		39		50		60		121		75		142		80		91		153		47		136		95		60		144		79		120		47		93		185		79		167		147		106		11		70		115		104		63		69		103		173		44		111		51		189		91		0		133		75		89		115		140		166		99		42		85		146		126		42		130		91		57		170		59		213		111		118		34		130		102		168		123		167		120		126		67		145		194		85		130		154		24		98		134		100		83		82		172		70		111		158
75		19		99		142		43		92		79		85		110		96		47		63		177		147		78		88		54		76		76		52		43		131		115		6		73		107		52		231		105		52		145		92		178		111		141		49		118		95		38		132		88		169		158		190		139		72		123		139		37		88		144		114		123		185		62		56		38		68		70		106		83		119		136		132		83		161		72		90		86		7		38		147		15		54		111		86		52		126		190		104		112		177		136		143		74		175		74		64		30		110		177		128		82		126		184		133		0		208		76		24		159		143		68		91		48		47		17		107		67		138		84		127		190		150		76		33		99		67		79		105		18		118		147		189		200		54		131		134		59		153		109		45		99		139		116		95		153		69		120		117
133		199		109		140		193		116		129		123		98		112		227		145		85		61		130		124		154		170		132		172		165		89		131		206		143		113		196		29		103		218		63		116		76		97		67		159		92		115		170		76		120		39		50		18		137		136		85		69		171		144		64		94		85		39		146		152		170		140		138		104		125		89		72		76		125		47		136		158		122		211		170		61		219		154		97		122		168		120		18		122		96		41		72		65		134		39		134		144		178		136		31		80		126		144		26		75		208		0		132		190		75		101		140		117		160		221		201		101		161		70		132		105		18		148		132		193		109		143		129		143		198		102		61		61		10		220		129		74		205		89		99		173		109		69		92		113		107		139		88		93
99		67		49		116		61		56		77		53		52		20		95		13		101		71		4		114		22		50		52		40		55		65		89		74		99		133		64		155		29		86		69		38		102		35		65		27		68		121		58		56		38		93		82		114		113		20		91		71		39		62		68		116		51		109		48		20		38		18		50		128		107		43		60		56		53		85		4		64		56		79		38		71		87		22		35		62		78		96		114		78		58		101		78		67		26		99		26		30		46		84		101		52		100		100		108		89		76		132		0		58		83		77		10		77		28		89		69		47		41		62		110		81		114		124		22		61		99		41		13		79		66		78		71		113		124		88		105		58		73		77		107		71		45		63		40		19		83		19		44		69
57		43		81		166		67		74		61		67		92		78		71		45		159		129		60		66		68		100		58		76		25		115		139		18		49		83		76		213		87		76		127		74		160		93		123		31		118		75		20		114		70		151		140		172		163		70		105		121		51		112		126		96		105		167		44		64		62		68		52		88		65		101		118		114		103		143		54		114		68		31		40		129		39		40		93		68		28		146		172		128		108		159		118		125		76		157		56		46		44		134		159		110		64		150		166		115		24		190		58		0		141		127		60		73		40		71		11		89		91		120		60		131		172		174		72		57		81		91		63		129		8		128		129		171		182		78		155		116		83		135		91		21		95		121		98		77		135		51		102		119
150		150		100		73		144		107		128		104		103		63		178		96		18		86		81		165		105		121		103		123		116		28		82		157		150		184		147		72		68		169		14		89		19		48		22		110		41		172		121		87		89		86		115		79		62		87		142		122		122		95		43		167		102		36		99		103		121		91		101		179		158		80		23		65		76		60		87		109		107		162		121		80		170		105		48		113		129		45		61		73		47		34		129		70		85		36		85		95		129		87		98		31		151		95		49		140		159		75		83		141		0		26		91		128		111		172		152		98		112		49		161		32		81		73		83		144		150		94		80		94		149		41		20		30		85		171		64		55		156		14		158		124		60		40		57		64		32		90		39		42
176		134		126		57		128		133		154		130		129		67		162		84		34		112		81		191		89		105		129		107		132		12		66		141		176		210		131		88		94		153		40		115		35		60		48		104		25		198		135		113		115		112		141		105		36		71		168		148		106		79		69		193		128		62		125		87		105		75		127		205		184		106		45		91		60		86		75		93		133		146		105		106		154		89		46		139		155		19		87		57		31		60		155		96		69		62		103		107		113		71		124		55		177		79		75		166		143		101		77		127		26		0		75		154		95		156		136		124		96		75		187		16		107		57		67		128		176		78		64		78		133		25		46		46		111		155		48		81		140		12		184		148		44		66		83		84		10		96		55		26
109		59		59		106		53		66		87		63		62		28		87		17		109		79		14		124		14		40		62		32		65		63		79		66		109		143		56		163		37		78		77		48		110		43		73		37		58		131		68		64		48		101		90		122		103		10		101		81		31		52		76		126		61		117		58		12		30		8		60		138		117		51		68		64		43		93		8		54		66		71		30		79		79		20		43		72		88		86		122		68		48		109		88		75		16		107		36		40		38		74		109		60		110		90		116		99		68		140		10		60		91		75		0		87		20		81		61		57		31		70		120		71		122		114		12		53		109		31		11		69		58		68		79		121		132		80		95		66		65		85		117		81		35		71		48		27		85		29		52		59
22		82		28		193		94		21		12		24		25		87		110		70		138		56		73		37		95		127		25		103		48		142		166		89		26		56		103		140		60		103		114		39		129		94		106		50		145		44		53		41		39		78		67		99		190		97		32		48		78		139		85		39		32		94		29		91		89		95		27		51		30		48		109		63		130		70		79		141		21		94		67		56		102		67		108		15		51		173		99		155		135		94		45		58		103		92		51		47		71		161		86		99		23		177		93		42		91		117		77		73		128		154		87		0		67		104		84		30		118		79		33		158		99		201		99		84		22		118		90		156		81		155		108		114		109		105		182		73		110		142		30		56		122		88		71		70		160		58		99		146
89		39		51		126		33		46		67		43		62		48		67		15		129		99		30		104		28		60		42		36		45		83		99		46		89		123		36		183		57		58		97		44		130		63		93		17		78		111		48		84		40		121		110		142		123		30		81		91		11		72		96		106		75		137		38		24		22		28		40		118		97		71		88		84		63		113		24		74		46		51		10		99		59		6		63		52		68		106		142		88		68		129		88		95		36		127		26		20		18		94		129		80		90		110		136		85		48		160		28		40		111		95		20		67		0		61		41		59		51		90		100		91		142		134		32		33		89		51		31		89		38		88		99		141		152		60		115		86		45		105		97		61		55		91		68		47		105		21		72		79
120		28		112		99		28		105		98		98		123		109		6		76		190		160		91		135		67		51		89		49		76		144		90		53		120		154		25		244		118		5		158		105		191		124		154		62		131		142		79		145		101		182		171		203		132		85		136		152		50		77		157		137		136		198		75		69		51		81		83		149		128		132		149		145		96		174		85		63		99		40		51		160		32		67		124		99		99		139		203		99		125		190		149		156		87		188		87		77		43		85		190		141		121		79		197		146		47		221		89		71		172		156		81		104		61		0		64		120		60		151		131		140		203		103		89		28		120		78		92		78		65		131		160		202		213		7		108		147		16		166		128		92		112		152		129		108		166		82		133		130
68		36		92		159		60		85		72		78		103		89		64		56		170		140		71		77		61		93		69		69		36		124		132		11		58		90		69		224		98		69		138		85		171		104		134		42		111		86		31		125		81		162		151		183		156		65		116		132		44		105		137		107		116		178		55		57		55		61		63		99		76		112		129		125		96		154		65		107		79		24		33		140		32		47		104		79		35		139		183		121		105		170		129		136		69		168		67		57		37		127		170		121		75		143		177		126		17		201		69		11		152		136		61		84		41		64		0		100		84		131		69		124		183		167		69		50		92		84		72		122		3		121		140		182		193		71		148		127		76		146		102		28		92		132		109		88		146		62		113		112
52		98		8		163		92		15		30		22		5		57		126		44		108		40		43		67		65		97		31		73		64		112		136		105		52		86		95		124		30		117		84		15		99		64		76		58		115		74		69		25		19		62		51		83		160		67		44		32		70		109		55		69		16		78		45		61		69		65		37		81		60		18		79		33		100		54		49		111		21		110		69		40		118		53		78		21		67		143		83		125		105		70		31		36		73		68		33		43		77		131		70		69		53		147		77		42		107		101		47		89		98		124		57		30		59		120		100		0		88		49		63		128		83		171		69		92		52		88		60		126		97		125		78		84		93		119		152		43		104		112		60		72		92		58		41		40		130		38		69		116
140		48		90		75		32		97		118		94		93		49		66		48		130		100		45		155		23		9		93		15		96		84		48		73		140		174		35		184		58		57		98		79		131		64		94		68		71		162		99		85		79		122		111		143		72		25		132		112		40		21		97		157		92		138		89		27		29		23		91		169		148		72		89		85		36		114		39		23		97		60		51		100		58		51		64		103		119		79		143		39		65		130		119		96		27		128		67		71		47		43		130		81		141		59		137		130		67		161		41		91		112		96		31		118		51		60		84		88		0		91		151		80		143		83		29		34		140		18		32		38		85		71		100		142		153		59		64		87		44		106		148		112		52		92		69		48		106		60		73		70
101		129		51		114		123		58		79		55		54		42		157		75		59		37		60		116		84		100		62		102		95		63		87		136		101		135		126		93		33		148		35		46		50		27		27		89		66		123		100		38		50		37		66		52		111		66		93		73		101		74		6		118		53		47		76		82		100		70		68		130		109		31		30		16		55		23		66		88		58		141		100		31		149		84		29		64		98		94		52		76		56		39		80		21		64		37		64		74		108		82		49		20		102		98		46		91		138		70		62		120		49		75		70		79		90		151		131		49		91		0		112		79		52		122		62		123		101		73		59		77		128		76		29		51		62		150		103		6		135		63		109		103		43		9		22		43		81		69		20		67
11		103		61		226		127		54		33		57		58		120		131		103		171		75		106		8		128		160		58		136		55		175		199		78		11		23		136		155		93		136		147		72		162		127		139		83		178		17		52		74		72		93		82		114		223		130		47		63		111		172		118		38		59		125		62		124		122		128		60		30		7		81		142		96		163		101		112		174		54		91		100		81		99		100		141		48		36		206		114		188		168		127		60		91		136		125		84		80		104		194		101		132		10		210		112		57		84		132		110		60		161		187		120		33		100		131		69		63		151		112		0		191		114		234		132		117		23		151		123		189		66		188		141		147		124		138		215		106		143		175		33		41		155		121		104		103		193		91		132		179
180		118		130		41		112		137		158		134		133		71		146		88		50		116		85		195		73		89		133		91		136		16		50		125		180		214		115		104		98		137		44		119		51		64		52		108		13		202		139		117		119		116		145		109		32		61		172		152		90		63		73		197		132		66		129		71		89		63		131		209		188		110		49		95		44		90		79		77		137		130		91		110		138		91		50		143		159		15		91		41		23		64		159		100		55		66		107		111		97		55		128		59		181		63		79		170		127		105		81		131		32		16		71		158		91		140		124		128		80		79		191		0		111		43		59		112		180		62		68		62		125		9		50		62		115		139		32		85		124		26		188		152		36		70		87		88		26		100		59		12
115		181		91		146		175		98		111		105		80		94		209		127		91		43		112		106		136		152		114		154		147		95		119		188		125		103		178		41		85		200		67		98		82		79		59		141		98		97		152		58		102		21		34		2		143		118		67		51		153		126		46		86		67		45		128		134		152		122		120		98		107		71		62		58		107		29		118		140		104		193		152		43		201		136		79		104		150		126		20		108		88		47		54		47		116		45		116		126		160		118		17		62		108		130		32		59		190		18		114		172		81		107		122		99		142		203		183		83		143		52		114		111		0		154		114		175		91		125		111		125		180		108		61		67		10		202		135		56		187		95		81		155		91		51		74		95		113		121		70		99
223		131		173		8		107		180		201		177		176		114		105		131		91		159		128		238		106		74		176		98		179		59		35		156		223		257		98		145		141		98		87		162		92		107		95		151		56		245		182		160		162		159		188		152		33		104		215		195		123		62		116		240		175		109		172		110		112		106		174		252		231		153		92		138		71		133		122		60		180		143		134		153		135		134		93		186		202		40		134		46		66		107		202		143		98		109		150		154		130		40		171		102		224		24		122		213		150		148		124		174		73		57		114		201		134		103		167		171		83		122		234		43		154		0		102		117		223		83		111		45		168		46		93		103		158		98		19		128		91		67		231		195		79		113		130		131		67		143		102		55
121		67		71		94		61		78		99		75		74		20		95		29		101		71		26		136		22		38		74		40		77		55		67		74		121		155		64		155		39		86		69		60		102		35		65		49		46		143		80		58		60		93		86		114		91		4		113		93		39		40		68		138		73		109		70		20		38		8		72		150		129		51		60		56		31		85		20		42		78		79		38		71		87		32		35		84		100		74		114		56		36		101		100		67		4		99		48		52		46		62		101		52		122		78		108		111		76		132		22		72		83		67		12		99		32		89		69		69		29		62		132		59		114		102		0		61		121		19		9		57		66		56		71		113		124		88		83		58		73		77		129		93		23		63		40		29		77		41		44		47
106		14		84		109		10		77		84		70		95		81		34		48		162		132		63		121		39		43		61		21		62		116		82		39		106		140		19		216		90		25		130		77		163		96		126		34		103		128		65		117		73		154		143		175		106		57		108		124		22		55		129		123		108		170		55		41		23		53		57		135		114		104		121		117		68		146		57		57		71		26		23		132		26		39		96		71		85		111		175		71		97		162		121		128		59		160		59		49		15		77		162		113		107		93		169		118		33		193		61		57		144		128		53		84		33		28		50		92		34		123		117		112		175		117		61		0		106		50		64		72		51		103		132		174		185		27		98		119		26		138		114		78		84		124		101		80		138		54		105		102
24		92		50		215		116		43		22		46		47		109		120		92		160		64		95		15		117		149		47		125		56		164		188		97		34		34		125		132		82		125		136		61		151		116		128		72		167		22		61		63		61		70		59		91		212		119		24		40		100		161		107		17		48		114		51		113		111		117		49		29		16		70		131		85		152		90		101		163		43		102		89		70		110		89		130		37		59		195		91		177		157		116		37		80		125		114		73		69		93		183		78		121		17		199		101		34		99		109		99		81		150		176		109		22		89		120		92		52		140		101		23		180		91		223		121		106		0		140		112		178		89		177		130		136		101		127		204		95		132		164		10		64		144		110		93		92		182		80		121		168
140		56		90		75		50		97		118		94		93		31		84		48		112		82		45		155		23		27		93		29		96		66		48		73		140		174		53		166		58		75		80		79		113		46		76		68		53		162		99		77		79		104		105		125		72		21		132		112		40		21		79		157		92		120		89		27		29		23		91		169		148		70		71		67		18		96		39		23		97		68		51		82		76		51		46		103		119		61		125		37		47		112		119		78		15		110		67		71		47		43		112		63		141		59		119		130		67		143		41		91		94		78		31		118		51		78		84		88		18		73		151		62		125		83		19		50		140		0		28		38		85		53		82		124		135		77		64		69		62		88		148		112		34		74		51		48		88		60		55		52
112		70		62		103		64		69		90		66		65		17		98		20		98		68		17		127		25		41		65		43		68		52		76		77		112		146		67		152		30		89		66		51		99		32		62		40		55		134		71		53		51		90		79		111		100		7		104		84		42		49		65		129		64		106		61		23		41		11		63		141		120		42		57		53		40		82		11		51		69		82		41		68		90		25		32		75		91		83		111		65		45		98		91		64		13		96		39		43		49		71		98		49		113		87		105		102		79		129		13		63		80		64		11		90		31		92		72		60		32		59		123		68		111		111		9		64		112		28		0		66		69		65		68		110		121		91		92		55		76		74		120		84		32		60		37		20		74		32		41		56
178		86		128		37		62		135		156		132		131		69		84		86		112		114		83		193		61		29		131		53		134		66		12		111		178		212		53		166		96		75		80		117		113		62		76		106		53		200		137		115		117		114		143		125		54		59		170		150		78		17		79		195		130		120		127		65		67		61		129		207		186		108		71		93		26		96		77		15		135		98		89		108		90		89		48		141		157		61		125		21		47		112		157		98		53		110		105		109		85		7		126		63		179		21		119		168		105		143		79		129		94		78		69		156		89		78		122		126		38		77		189		62		125		45		57		72		178		38		66		0		123		53		82		124		135		77		30		83		62		88		186		150		34		74		85		86		88		98		57		52
65		37		89		160		61		82		69		75		100		86		65		53		167		137		68		74		62		94		66		70		33		121		133		12		55		89		70		221		95		70		135		82		168		101		131		39		112		83		28		122		78		159		148		180		157		64		113		129		45		106		134		104		113		175		52		58		56		62		60		96		73		109		126		122		97		151		62		108		76		25		34		137		33		44		101		76		34		140		180		122		102		167		126		133		70		165		64		54		38		128		167		118		72		144		174		123		18		198		66		8		149		133		58		81		38		65		3		97		85		128		66		125		180		168		66		51		89		85		69		123		0		122		137		179		190		72		149		124		77		143		99		27		89		129		106		85		143		59		110		113
177		109		127		38		103		134		155		131		130		68		137		85		59		113		82		192		64		80		130		82		133		13		41		116		177		211		106		113		95		128		41		116		60		61		49		105		10		199		136		114		116		113		142		106		35		58		169		149		81		54		70		194		129		67		126		64		80		60		128		206		185		107		46		92		35		87		76		68		134		121		88		107		129		88		47		140		156		18		88		32		20		61		156		97		52		63		104		108		88		46		125		56		178		54		76		167		118		102		78		128		41		25		68		155		88		131		121		125		71		76		188		9		108		46		56		103		177		53		65		53		122		0		47		71		112		130		27		82		115		35		185		149		33		67		84		85		35		97		56		9
130		138		80		85		132		87		108		84		83		51		166		84		30		66		69		145		93		109		83		111		104		34		70		145		130		164		135		84		48		157		6		69		31		36		6		98		37		152		109		67		69		66		95		59		82		75		122		102		110		83		23		147		82		38		85		91		109		79		81		159		138		60		11		45		64		40		75		97		87		150		109		60		158		93		36		93		109		65		43		61		35		30		109		50		73		28		73		83		117		75		78		19		131		83		37		120		147		61		71		129		20		46		79		108		99		160		140		78		100		29		141		50		61		93		71		132		130		82		68		82		137		47		0		42		65		159		74		35		144		34		138		112		48		20		37		52		52		78		27		38
136		180		90		103		174		97		114		104		89		93		208		126		24		72		111		151		135		151		113		153		146		58		112		187		136		170		177		42		84		199		44		97		15		78		48		140		71		158		151		73		101		72		101		65		76		117		128		108		152		125		45		153		88		22		127		133		151		121		119		165		144		70		53		57		106		46		117		139		103		192		151		66		200		135		78		103		149		63		47		103		77		20		115		56		115		22		115		125		159		117		84		61		137		125		35		126		189		61		113		171		30		46		121		114		141		202		182		84		142		51		147		62		67		103		113		174		136		124		110		124		179		71		42		0		71		201		94		55		186		36		144		154		90		50		73		94		46		120		69		72
125		191		101		150		185		108		121		115		90		104		219		137		95		53		122		116		146		162		124		164		157		99		123		198		135		105		188		39		95		210		71		108		86		89		63		151		102		107		162		68		112		31		42		10		147		128		77		61		163		136		56		86		77		49		138		144		162		132		130		94		117		81		66		68		117		39		128		150		114		203		162		53		211		146		89		114		160		130		24		114		92		51		64		57		126		49		126		136		170		128		23		72		118		136		36		67		200		10		124		182		85		111		132		109		152		213		193		93		153		62		124		115		10		158		124		185		101		135		121		135		190		112		65		71		0		212		139		66		197		99		91		165		101		61		84		105		117		131		80		103
127		35		111		98		27		104		105		97		122		108		7		75		189		159		90		142		66		50		88		48		83		143		89		60		127		161		24		243		117		2		157		104		190		123		153		61		130		149		86		144		100		181		170		202		131		84		135		151		49		76		156		144		135		197		76		68		50		80		82		156		135		131		148		144		95		173		84		62		98		47		50		159		39		66		123		98		106		138		202		98		124		189		148		155		86		187		86		76		42		84		189		140		128		76		196		145		54		220		88		78		171		155		80		105		60		7		71		119		59		150		138		139		202		98		88		27		127		77		91		77		72		130		159		201		212		0		107		146		15		165		135		99		111		151		128		107		165		81		132		129
204		112		154		11		88		161		182		158		157		95		114		112		82		140		109		219		87		57		157		79		160		40		18		137		204		238		83		136		122		105		68		143		83		88		76		132		37		226		163		141		143		140		169		133		24		85		196		176		104		43		97		221		156		90		153		91		93		87		155		233		212		134		73		119		52		114		103		45		161		124		115		134		116		115		74		167		183		31		115		27		47		88		183		124		79		90		131		135		111		23		152		83		205		31		103		194		131		129		105		155		64		48		95		182		115		108		148		152		64		103		215		32		135		19		83		98		204		64		92		30		149		27		74		94		139		107		0		109		92		58		212		176		60		94		111		112		58		124		83		36
95		125		45		120		119		52		73		49		48		38		153		71		65		31		56		110		80		96		58		98		91		69		93		132		95		129		122		97		29		144		41		42		56		23		33		85		72		117		96		32		46		35		60		56		117		62		87		67		97		70		12		112		47		51		72		78		96		66		64		124		103		25		36		10		57		27		62		84		52		137		96		25		145		80		35		58		94		100		56		82		62		43		74		15		60		41		60		70		104		88		43		26		96		104		50		85		134		74		58		116		55		81		66		73		86		147		127		43		87		6		106		85		56		128		58		119		95		69		55		83		124		82		35		55		66		146		109		0		131		69		103		99		49		15		18		39		87		65		26		73
132		40		96		83		16		89		110		86		107		93		22		60		174		144		75		147		51		35		85		33		88		128		74		65		132		166		9		228		102		13		142		89		175		108		138		60		115		154		91		129		85		166		155		187		116		69		124		136		34		61		141		149		120		182		81		53		35		65		83		161		140		116		133		129		80		158		69		47		89		52		43		144		44		51		108		95		111		123		187		83		109		174		133		140		71		172		71		63		39		69		174		125		133		67		181		130		59		205		73		83		156		140		65		110		45		16		76		104		44		135		143		124		187		91		73		26		132		62		76		62		77		115		144		186		197		15		92		131		0		150		140		104		96		136		113		92		150		66		117		114
164		144		114		67		138		121		142		118		117		57		172		90		24		100		75		179		99		115		117		117		120		22		76		151		164		198		141		78		82		163		28		103		25		48		36		104		35		186		123		101		103		100		129		93		48		81		156		136		116		89		57		181		116		50		113		97		115		85		115		193		172		94		33		79		70		74		81		103		121		156		115		94		164		99		42		127		143		31		75		67		41		48		143		84		79		50		91		95		123		81		112		43		165		89		63		154		153		89		77		135		14		12		85		142		105		166		146		112		106		63		175		26		95		67		77		138		164		88		74		88		143		35		34		36		99		165		58		69		150		0		172		136		54		54		71		72		18		84		43		36
34		100		58		223		124		51		30		54		55		117		128		100		168		72		103		25		125		157		55		133		66		172		196		107		44		26		133		122		90		133		144		69		159		124		136		80		175		16		71		71		69		72		49		81		220		127		16		36		108		169		115		9		56		122		59		121		119		125		57		21		26		78		139		93		160		98		109		171		51		112		97		78		120		97		138		45		69		203		97		185		165		124		29		88		133		122		81		77		101		191		68		129		27		207		109		24		109		99		107		91		158		184		117		30		97		128		102		60		148		109		33		188		81		231		129		114		10		148		120		186		99		185		138		144		91		135		212		103		140		172		0		74		152		118		101		100		190		88		129		176
40		64		64		187		88		57		44		50		75		81		92		64		142		112		67		49		89		121		41		97		16		136		160		39		30		62		97		196		70		97		110		57		143		88		106		44		139		58		13		97		53		134		123		155		184		91		88		104		72		133		109		79		88		150		27		85		83		89		35		71		48		84		103		97		124		126		73		135		51		52		61		112		60		61		102		51		7		167		155		149		129		142		101		108		97		140		45		41		65		155		142		93		47		171		149		98		45		173		71		21		124		148		81		56		61		92		28		72		112		103		41		152		155		195		93		78		64		112		84		150		27		149		112		154		165		99		176		99		104		136		74		0		116		104		81		64		154		52		93		140
144		90		94		71		84		101		122		98		97		35		118		52		78		80		49		159		45		61		97		63		100		32		44		97		144		178		87		132		62		109		46		83		79		28		42		72		23		166		103		81		83		80		109		91		68		27		136		116		62		35		45		161		96		86		93		43		61		31		95		173		152		74		37		59		16		62		43		49		101		102		61		74		110		55		14		107		123		51		91		33		13		78		123		64		25		76		71		75		69		39		92		29		145		55		85		134		99		109		45		95		60		44		35		122		55		112		92		92		52		43		155		36		91		79		23		84		144		34		32		34		89		33		48		90		101		111		60		49		96		54		152		116		0		40		51		52		54		64		23		24
110		130		60		105		124		67		88		64		63		43		158		76		50		46		61		125		85		101		63		103		96		54		78		137		110		144		127		92		34		149		26		49		41		28		18		90		57		132		101		47		51		46		75		51		102		67		102		82		102		75		5		127		62		46		77		83		101		71		69		139		118		40		21		25		56		22		67		89		67		142		101		40		150		85		28		73		99		85		51		67		47		38		89		30		65		36		65		75		109		73		58		11		111		89		45		100		139		69		63		121		40		66		71		88		91		152		132		58		92		9		121		70		51		113		63		124		110		74		60		74		129		67		20		50		61		151		94		15		136		54		118		104		40		0		23		44		72		70		19		58
93		107		43		122		101		50		71		47		46		20		135		53		67		31		38		108		62		78		46		80		73		71		95		114		93		127		104		115		11		126		43		32		62		23		35		67		74		115		78		30		32		53		58		74		119		44		85		65		79		68		28		110		45		69		54		60		78		48		46		122		101		23		38		16		59		45		44		70		50		119		78		31		127		62		37		56		76		102		74		84		64		61		72		27		42		59		42		52		86		90		61		28		94		106		68		83		116		92		40		98		57		83		48		71		68		129		109		41		69		22		104		87		74		130		40		101		93		51		37		85		106		84		37		73		84		128		111		18		113		71		101		81		51		23		0		21		89		47		28		75
92		86		42		123		80		49		70		46		45		17		114		32		82		52		17		107		41		57		45		59		52		72		96		93		92		126		83		136		10		105		50		31		83		24		46		46		75		114		57		37		31		74		63		95		120		27		84		64		58		69		49		109		44		90		41		39		57		27		43		121		100		24		41		37		60		66		23		71		49		98		57		52		106		41		38		55		71		103		95		85		65		82		71		48		33		80		21		31		65		91		82		33		93		107		89		82		95		113		19		77		64		84		27		70		47		108		88		40		48		43		103		88		95		131		29		80		92		48		20		86		85		85		52		94		105		107		112		39		92		72		100		64		52		44		21		0		90		26		29		76
182		144		132		67		138		139		160		136		135		73		172		90		24		118		87		197		99		115		135		117		138		22		76		151		182		216		141		78		100		163		46		121		31		66		54		110		35		204		141		119		121		118		147		111		34		81		174		154		116		89		75		199		134		68		131		97		115		85		133		211		190		112		51		97		70		92		81		103		139		156		115		112		164		99		52		145		161		27		93		67		41		66		161		102		79		68		109		113		123		81		130		61		183		89		81		172		153		107		83		135		32		10		85		160		105		166		146		130		106		81		193		26		113		67		77		138		182		88		74		88		143		35		52		46		117		165		58		87		150		18		190		154		54		72		89		90		0		102		61		36
80		60		30		135		54		37		58		34		41		29		88		12		108		78		15		95		37		69		33		45		36		84		108		67		80		114		57		162		36		79		76		23		109		42		72		20		87		102		39		63		19		100		89		121		132		39		72		70		32		81		75		97		54		116		29		33		31		37		31		109		88		50		67		63		72		92		21		83		37		72		31		78		80		15		50		43		59		115		121		97		77		108		67		74		45		106		7		11		39		103		108		59		81		119		115		70		69		139		19		51		90		96		29		58		21		82		62		38		60		69		91		100		121		143		41		54		80		60		32		98		59		97		78		120		131		81		124		65		66		84		88		52		64		70		47		26		102		0		51		88
121		111		71		94		105		78		99		75		74		24		139		57		57		57		42		136		66		82		74		84		77		43		67		118		121		155		108		111		39		130		25		60		58		9		21		71		46		143		82		58		60		57		86		70		91		48		113		93		83		56		24		138		73		65		70		64		82		52		72		150		129		51		16		36		37		41		48		70		78		123		82		51		131		66		9		84		100		74		70		56		36		57		100		41		46		55		48		56		90		62		69		8		122		78		64		111		120		88		44		102		39		55		52		99		72		133		113		69		73		20		132		59		70		102		44		105		121		55		41		57		110		56		27		69		80		132		83		26		117		43		129		93		23		19		28		29		61		51		0		47
168		108		118		47		102		125		146		122		121		59		136		76		60		104		73		183		63		79		121		81		124		14		40		115		168		202		105		114		86		127		32		107		61		52		40		96		1		190		127		105		107		104		133		97		44		49		160		140		80		53		61		185		120		68		117		61		79		51		119		197		176		98		37		83		34		78		67		67		125		120		79		98		128		79		38		131		147		27		79		31		11		60		147		88		43		58		95		99		87		45		116		47		169		53		67		158		117		93		69		119		42		26		59		146		79		130		112		116		70		67		179		12		99		55		47		102		168		52		56		52		113		9		38		72		103		129		36		73		114		36		176		140		24		58		75		76		36		88		47		0
