140
0		145		205		145		38		162		158		83		71		128		157		88		112		54		80		135		21		35		132		222		149		127		58		101		153		26		165		89		202		131		204		103		114		47		105		159		82		170		89		115		133		72		12		54		11		100		89		160		109		200		107		103		136		107		17		35		209		69		137		51		169		146		27		94		68		160		144		39		27		95		53		46		137		186		102		93		142		100		175		5		80		81		134		103		106		19		108		154		108		121		142		140		83		137		94		67		75		157		160		169		12		99		91		170		96		116		165		65		107		157		113		69		179		114		32		132		133		63		146		150		137		233		145		20		163		11		21		103		176		151		137		186		37		148		85		85		153		44		46		157
145		0		106		64		111		87		211		136		124		155		68		57		131		107		109		10		124		110		133		105		162		24		147		76		62		129		74		142		57		184		65		156		31		158		134		34		63		157		142		158		186		73		157		93		156		153		104		19		80		63		116		112		189		160		152		170		66		122		76		94		114		19		118		143		141		85		91		184		118		148		154		107		112		137		139		146		93		105		104		146		133		134		187		148		103		144		107		139		37		92		117		193		64		84		107		78		128		112		143		68		133		46		54		223		49		169		128		80		38		140		74		76		44		135		113		43		12		154		199		139		136		94		4		153		82		136		124		150		107		110		172		71		116		201		60		88		206		105		99		44
205		106		0		60		171		43		105		150		168		77		48		117		93		167		125		116		184		170		73		17		56		130		207		104		52		189		40		174		51		110		41		122		123		218		100		72		123		51		168		90		116		133		217		153		216		167		116		87		96		43		98		102		91		120		212		230		40		166		68		154		36		87		178		111		201		45		61		244		178		124		214		167		68		31		103		138		63		105		30		206		135		146		81		102		99		204		97		51		113		84		63		135		122		68		111		138		152		48		45		38		193		106		114		117		109		155		40		140		126		48		92		136		62		91		173		73		114		214		93		55		68		28		102		213		42		196		184		102		29		54		68		35		176		125		120		120		116		165		159		62
145		64		60		0		111		23		147		90		108		91		12		57		67		107		65		74		124		110		69		77		98		88		147		44		8		129		20		114		57		120		59		92		81		158		70		30		81		93		108		94		122		73		157		93		156		107		56		45		36		55		52		48		125		96		152		170		64		106		12		94		50		45		118		79		141		21		27		184		118		84		154		107		48		73		75		82		29		45		40		146		75		86		123		84		39		144		43		75		71		28		53		129		62		20		51		78		92		48		79		24		133		46		54		159		49		105		64		80		84		76		32		76		34		71		113		21		72		154		135		75		72		88		60		153		18		136		124		86		43		46		108		41		116		137		60		60		142		105		99		20
38		111		171		111		0		128		120		45		33		94		123		54		78		16		46		101		29		9		98		188		115		115		36		67		119		18		131		51		168		93		170		65		108		47		71		125		108		136		51		81		95		38		46		92		45		62		55		126		75		166		73		69		98		69		41		59		175		31		103		77		135		112		53		60		30		126		110		73		41		57		43		8		103		152		68		55		108		66		141		35		42		43		96		69		72		33		74		120		98		87		108		102		49		103		60		91		37		123		126		135		42		71		65		132		66		78		131		31		111		123		79		35		145		80		36		98		99		43		108		116		103		199		111		42		129		27		47		69		142		117		103		152		5		110		51		51		115		6		64		123
162		87		43		23		128		0		124		107		125		68		19		74		50		124		82		97		141		127		46		60		75		111		164		61		25		146		13		131		40		97		42		79		104		175		57		53		104		70		125		71		99		90		174		110		173		124		73		68		53		38		55		59		102		77		169		187		47		123		25		111		27		68		135		68		158		2		18		201		135		81		171		124		25		50		60		95		20		62		17		163		92		103		100		61		56		161		54		52		94		41		30		106		79		25		68		95		109		25		56		19		150		67		71		136		66		112		41		97		107		53		49		93		43		48		130		44		95		171		112		52		49		71		83		170		5		153		141		63		20		23		85		24		133		114		77		77		119		122		116		43
158		211		105		147		120		124		0		75		87		56		143		154		80		104		102		221		149		129		78		118		49		235		106		135		149		132		137		73		156		27		146		55		228		117		77		177		228		66		69		53		25		146		148		212		151		66		107		192		131		148		95		99		22		51		141		129		145		89		135		197		97		192		173		68		100		126		120		143		161		63		113		112		99		82		72		65		118		106		107		153		78		77		24		63		108		139		104		72		218		119		94		34		147		127		104		211		83		99		68		143		162		191		185		12		186		54		83		151		231		71		137		143		167		76		156		168		219		113		12		72		75		129		207		138		129		147		167		61		104		101		39		140		121		24		167		123		15		114		184		167
83		136		150		90		45		107		75		0		18		73		102		79		57		29		27		146		74		54		77		167		94		160		57		60		98		57		110		24		147		48		149		28		153		68		50		104		153		115		18		60		50		71		73		137		76		17		34		117		56		145		52		48		59		30		66		80		154		16		82		122		114		117		98		39		51		105		89		94		86		26		64		37		82		131		47		12		87		45		120		78		15		4		71		48		51		64		53		99		143		66		87		57		72		82		39		136		8		102		105		114		87		116		110		87		111		33		110		76		156		102		62		68		124		59		81		93		144		64		63		95		82		178		132		63		108		72		92		48		121		96		82		131		46		65		92		48		70		39		109		102
71		124		168		108		33		125		87		18		0		91		120		67		75		17		43		134		62		42		95		185		112		148		39		64		116		45		128		18		165		60		167		46		141		50		68		122		141		133		18		78		62		59		61		125		64		29		52		123		72		163		70		66		77		48		54		62		172		2		100		110		132		109		86		57		33		123		107		76		74		44		46		25		100		149		65		30		105		63		138		66		33		22		89		66		69		52		71		117		131		84		105		69		60		100		57		124		16		120		123		132		75		104		98		99		99		45		128		64		144		120		76		56		142		77		69		95		132		46		77		113		100		196		120		51		126		60		80		66		139		114		100		149		34		77		80		48		82		27		97		120
128		155		77		91		94		68		56		73		91		0		87		98		24		90		48		165		107		93		22		94		21		179		130		79		93		112		81		97		100		33		90		45		172		141		23		121		172		42		91		13		39		90		140		156		139		90		51		136		75		92		39		43		34		43		135		153		89		89		79		141		41		136		117		34		124		70		64		167		105		47		137		90		43		58		26		61		62		50		51		129		58		69		32		25		52		127		48		26		162		63		38		58		91		71		48		155		75		43		32		87		116		135		129		68		130		78		37		95		175		29		81		87		111		20		100		112		163		137		44		22		19		105		151		136		73		119		111		25		48		45		17		84		99		48		111		67		51		88		128		111
157		68		48		12		123		19		143		102		120		87		0		69		63		119		77		78		136		122		65		65		94		92		159		56		6		141		8		126		45		116		47		88		85		170		66		34		85		89		120		90		118		85		169		105		168		119		68		49		48		43		50		54		121		92		164		182		52		118		20		106		46		49		130		75		153		17		23		196		130		80		166		119		44		69		71		90		25		57		36		158		87		98		119		80		51		156		49		71		75		36		49		125		74		20		63		90		104		44		75		12		145		58		66		155		61		107		60		92		88		72		44		88		24		67		125		25		76		166		131		71		68		76		64		165		14		148		136		82		39		42		104		29		128		133		72		72		138		117		111		24
88		57		117		57		54		74		154		79		67		98		69		0		74		50		52		67		67		53		76		134		105		81		90		19		65		72		77		85		114		127		116		99		74		101		77		71		74		100		85		101		129		16		100		58		99		96		47		72		23		112		59		55		132		103		95		113		121		65		49		43		81		58		61		86		84		72		56		127		61		91		97		50		55		98		82		89		54		48		87		89		76		77		130		91		46		87		50		82		64		35		60		136		7		49		50		57		71		69		86		81		76		37		31		166		32		112		77		23		77		83		25		19		91		78		56		44		65		97		142		82		79		145		57		96		75		79		67		93		88		63		115		98		59		144		13		31		149		48		42		69
112		131		93		67		78		50		80		57		75		24		63		74		0		74		32		141		91		77		20		110		37		155		114		55		69		96		57		81		90		53		92		29		148		125		7		97		148		58		75		27		55		66		124		132		123		74		27		112		51		88		15		19		58		29		119		137		97		73		55		117		57		112		93		18		108		48		40		151		85		31		121		74		25		74		10		45		38		26		63		113		42		53		56		17		28		111		24		42		138		39		30		62		67		47		24		131		59		45		48		63		100		111		105		92		106		62		53		71		151		45		57		63		87		4		80		88		139		121		68		38		25		121		127		120		51		103		91		19		64		39		41		74		83		70		87		43		75		72		104		87
54		107		167		107		16		124		104		29		17		90		119		50		74		0		42		117		45		25		94		184		111		131		40		63		115		28		127		35		164		77		166		49		124		51		67		121		124		132		35		77		79		42		50		108		49		46		51		122		71		162		69		65		82		53		45		63		171		15		99		93		131		108		69		56		34		122		106		77		57		43		47		8		99		148		64		39		104		62		137		49		32		27		88		65		68		37		70		116		114		83		104		86		45		99		56		107		21		119		122		131		58		87		81		116		82		62		127		47		127		119		75		39		141		76		52		94		115		47		92		112		99		195		107		46		125		43		63		65		138		113		99		148		17		94		63		47		99		10		80		119
80		109		125		65		46		82		102		27		43		48		77		52		32		42		0		119		59		45		52		142		69		133		82		33		73		64		85		49		122		75		124		47		126		93		25		79		126		90		43		49		77		44		92		110		91		44		9		90		29		120		27		23		80		51		87		105		129		41		57		95		89		90		71		34		76		80		64		119		59		39		89		42		57		106		30		37		62		20		95		81		24		25		78		39		26		79		28		74		116		41		62		84		45		57		14		109		27		77		80		89		68		89		83		114		84		60		85		49		129		77		35		41		99		34		54		66		117		89		90		70		57		153		105		88		83		71		65		41		96		71		63		106		51		92		65		21		97		40		82		77
135		10		116		74		101		97		221		146		134		165		78		67		141		117		119		0		114		100		143		115		172		14		137		86		72		119		84		152		67		194		75		166		21		148		144		44		53		167		152		168		196		75		147		83		146		163		114		29		90		73		126		122		199		170		142		160		76		132		86		84		124		29		108		153		131		95		101		174		108		158		144		109		122		147		149		156		103		115		114		136		143		144		197		158		113		134		117		149		27		102		127		203		74		94		117		68		138		122		153		78		123		36		44		233		39		179		138		70		28		150		84		78		54		145		103		53		2		144		209		149		146		104		14		143		92		126		114		160		117		120		182		81		106		211		54		98		216		107		89		54
21		124		184		124		29		141		149		74		62		107		136		67		91		45		59		114		0		20		111		201		128		106		49		80		132		17		144		80		181		122		183		94		93		38		84		138		79		149		80		96		124		51		33		63		32		91		68		139		88		179		86		82		127		98		28		46		188		60		116		48		148		125		24		81		59		139		123		60		12		86		44		37		116		165		81		84		121		79		154		22		71		72		125		86		85		20		87		133		87		100		121		131		62		116		73		62		66		136		139		148		13		78		70		161		75		107		144		44		86		136		92		48		158		93		11		111		112		54		137		129		116		212		124		29		142		12		18		88		155		130		116		165		28		139		64		64		144		35		35		136
35		110		170		110		9		127		129		54		42		93		122		53		77		25		45		100		20		0		97		187		114		106		37		66		118		19		130		60		167		102		169		74		99		48		70		124		99		135		60		80		104		37		47		83		46		71		54		125		74		165		72		68		107		78		42		60		174		40		102		68		134		111		44		61		39		125		109		74		32		66		44		17		102		151		67		64		107		65		140		36		51		52		105		68		71		34		73		119		89		86		107		111		48		102		59		82		46		122		125		134		33		64		56		141		61		87		130		30		102		122		78		34		144		79		27		97		98		44		117		115		102		198		110		43		128		26		38		68		141		116		102		151		8		119		50		50		124		15		55		122
132		133		73		69		98		46		78		77		95		22		65		76		20		94		52		143		111		97		0		90		29		157		134		57		71		116		59		101		78		51		72		49		150		145		27		99		150		38		95		25		53		68		144		134		143		94		43		114		53		70		25		29		56		47		139		157		77		93		57		119		37		114		105		38		128		48		42		171		105		51		141		94		21		54		30		65		40		32		43		133		62		73		54		29		30		131		26		22		140		41		16		62		69		49		38		133		79		25		28		65		120		113		107		90		108		82		33		73		153		25		59		65		89		18		100		90		141		141		66		18		5		101		129		140		51		123		111		29		44		23		39		62		103		68		89		47		73		92		106		89
222		105		17		77		188		60		118		167		185		94		65		134		110		184		142		115		201		187		90		0		73		129		224		121		69		206		57		191		50		127		40		139		122		235		117		71		140		52		185		107		133		150		234		170		233		184		133		86		113		42		115		119		108		137		229		247		39		183		85		171		53		86		195		128		218		62		78		261		195		141		231		184		85		36		120		155		80		122		47		223		152		163		96		119		116		221		114		68		114		101		80		152		139		85		128		155		169		65		62		53		210		123		131		124		126		172		57		157		125		65		109		153		61		108		190		90		113		231		108		72		85		11		101		230		59		213		201		119		46		71		85		36		193		142		137		137		133		182		176		65
149		162		56		98		115		75		49		94		112		21		94		105		37		111		69		172		128		114		29		73		0		186		151		86		100		133		88		118		107		54		97		66		179		162		44		128		179		21		112		34		60		97		161		163		160		111		60		143		82		99		46		50		35		64		156		174		96		110		86		148		48		143		124		55		145		77		71		188		122		68		158		111		50		37		47		82		69		57		58		150		79		90		25		46		59		148		55		23		169		70		45		79		98		78		55		162		96		50		19		94		137		142		136		61		137		99		34		102		182		22		88		94		118		35		117		119		170		158		37		23		26		84		158		157		80		140		128		46		55		52		12		91		120		69		118		74		60		109		135		118
127		24		130		88		115		111		235		160		148		179		92		81		155		131		133		14		106		106		157		129		186		0		135		100		86		111		98		166		79		208		89		180		13		140		158		58		45		181		166		182		210		89		139		75		138		177		128		43		104		87		140		136		213		184		134		152		90		146		100		76		138		43		100		167		145		109		115		166		100		172		136		123		136		161		163		170		117		129		128		128		157		158		211		172		127		126		131		163		19		116		141		217		88		108		131		60		152		136		167		92		115		44		50		247		49		193		152		84		20		164		98		92		68		159		95		67		16		140		223		163		160		118		28		135		106		118		106		174		131		134		196		95		114		225		68		112		230		121		81		68
58		147		207		147		36		164		106		57		39		130		159		90		114		40		82		137		49		37		134		224		151		135		0		103		155		32		167		33		204		97		206		85		128		11		107		161		128		172		39		117		91		74		48		112		51		42		91		162		111		202		109		105		116		87		41		23		211		41		139		97		171		148		73		96		10		162		146		37		61		83		7		40		139		188		104		69		144		102		177		53		72		61		128		105		108		39		110		156		118		123		144		82		85		139		96		111		55		159		162		171		62		101		93		112		98		58		167		67		131		159		115		71		181		116		56		134		135		7		116		152		139		235		147		38		165		47		67		105		178		153		139		188		31		90		87		87		95		42		84		159
101		76		104		44		67		61		135		60		64		79		56		19		55		63		33		86		80		66		57		121		86		100		103		0		52		85		64		70		101		108		103		80		93		114		58		58		93		81		66		82		110		29		113		77		112		77		28		59		8		99		40		36		113		84		108		126		108		62		36		62		68		57		74		67		97		59		43		140		74		72		110		63		36		85		63		70		41		29		74		102		57		58		111		72		27		100		31		63		83		20		41		117		18		36		31		76		52		56		67		68		89		56		50		147		51		93		64		36		96		64		12		32		78		59		69		33		84		110		123		63		60		132		72		109		62		92		80		74		75		50		96		85		72		125		32		16		130		61		55		56
153		62		52		8		119		25		149		98		116		93		6		65		69		115		73		72		132		118		71		69		100		86		155		52		0		137		12		122		49		122		51		94		79		166		72		28		79		95		116		96		124		81		165		101		164		115		64		43		44		47		54		50		127		98		160		178		56		114		16		102		52		43		126		81		149		23		29		192		126		86		162		115		50		75		77		86		31		53		42		154		83		94		125		86		47		152		45		77		69		32		55		131		70		22		59		86		100		50		81		16		141		54		62		161		57		107		66		88		82		78		40		84		26		73		121		21		70		162		137		77		74		80		58		161		20		144		132		88		45		48		110		33		124		139		68		68		144		113		107		18
26		129		189		129		18		146		132		57		45		112		141		72		96		28		64		119		17		19		116		206		133		111		32		85		137		0		149		63		186		105		188		77		98		29		89		143		96		154		63		99		107		56		28		80		27		74		73		144		93		184		91		87		110		81		23		41		193		43		121		65		153		130		41		78		42		144		128		55		29		69		27		22		121		170		86		67		126		84		159		21		54		55		110		87		90		15		92		138		92		105		126		114		67		121		78		79		49		141		144		153		30		83		75		144		80		90		149		49		99		141		97		53		163		98		24		116		117		37		120		134		121		217		129		24		147		15		35		87		160		135		121		170		13		122		69		69		127		24		52		141
165		74		40		20		131		13		137		110		128		81		8		77		57		127		85		84		144		130		59		57		88		98		167		64		12		149		0		134		37		110		39		82		91		178		60		40		91		83		128		84		112		93		177		113		176		127		76		55		56		35		58		62		115		86		172		190		44		126		28		114		40		55		138		71		161		11		21		204		138		84		174		127		38		63		65		98		23		65		30		166		95		106		113		74		59		164		57		65		81		44		43		119		82		28		71		98		112		38		69		6		153		66		74		149		69		115		54		100		94		66		52		96		30		61		133		33		82		174		125		65		62		68		70		173		8		156		144		76		33		36		98		21		136		127		80		80		132		125		119		30
89		142		174		114		51		131		73		24		18		97		126		85		81		35		49		152		80		60		101		191		118		166		33		70		122		63		134		0		171		64		173		52		159		44		74		128		159		139		6		84		58		77		79		143		82		11		58		129		78		169		76		72		83		54		72		56		178		20		106		128		138		123		104		63		27		129		113		70		92		50		40		43		106		155		71		36		111		69		144		84		39		28		95		72		75		70		77		123		149		90		111		51		78		106		63		142		22		126		129		138		93		122		116		81		117		27		134		82		162		126		82		74		148		83		87		101		150		40		83		119		106		202		138		69		132		78		98		72		145		120		106		155		52		59		98		54		64		45		115		126
202		57		51		57		168		40		156		147		165		100		45		114		90		164		122		67		181		167		78		50		107		79		204		101		49		186		37		171		0		129		10		119		88		215		97		43		120		102		165		103		131		130		214		150		213		164		113		42		93		8		95		99		134		117		209		227		11		163		65		151		59		56		175		108		198		42		58		241		175		121		211		164		65		82		100		135		60		102		49		203		132		143		132		99		96		201		94		84		94		81		62		138		119		65		108		135		149		57		88		33		190		103		111		168		106		152		73		137		95		85		89		133		23		88		170		70		69		211		144		84		81		39		57		210		39		193		181		99		52		55		117		16		173		146		117		117		151		162		156		45
131		184		110		120		93		97		27		48		60		33		116		127		53		77		75		194		122		102		51		127		54		208		97		108		122		105		110		64		129		0		119		28		201		108		50		150		201		75		58		26		6		119		121		185		124		57		80		165		104		121		68		72		19		24		114		120		118		62		108		170		74		165		146		41		91		99		93		134		134		36		104		85		72		91		45		38		91		79		80		126		51		50		31		36		81		112		77		59		191		92		67		25		120		100		77		184		56		72		65		116		135		164		158		39		159		45		70		124		204		62		110		116		140		49		129		141		192		104		19		55		48		138		180		111		102		120		140		34		81		74		42		113		94		17		140		96		22		87		157		140
204		65		41		59		170		42		146		149		167		90		47		116		92		166		124		75		183		169		72		40		97		89		206		103		51		188		39		173		10		119		0		121		90		217		99		45		122		92		167		93		121		132		216		152		215		166		115		46		95		4		97		101		124		119		211		229		5		165		67		153		49		58		177		110		200		44		60		243		177		123		213		166		67		72		102		137		62		104		39		205		134		145		122		101		98		203		96		74		96		83		62		134		121		67		110		137		151		47		78		35		192		105		113		158		108		154		63		139		97		75		91		135		25		90		172		72		73		213		134		74		71		29		61		212		41		195		183		101		42		53		107		18		175		136		119		119		141		164		158		47
103		156		122		92		65		79		55		28		46		45		88		99		29		49		47		166		94		74		49		139		66		180		85		80		94		77		82		52		119		28		121		0		173		96		22		122		173		87		46		32		30		91		95		157		96		45		52		137		76		117		40		44		33		4		90		108		126		44		80		142		86		137		118		13		79		77		65		122		106		8		92		57		54		103		19		16		63		51		92		98		23		24		43		20		53		84		49		71		163		64		59		37		92		72		49		156		30		74		77		88		107		136		130		67		131		33		82		96		176		74		82		88		112		31		101		113		164		92		43		67		54		150		152		91		80		92		112		20		93		68		54		103		66		45		112		68		50		59		129		112
114		31		123		81		108		104		228		153		141		172		85		74		148		124		126		21		93		99		150		122		179		13		128		93		79		98		91		159		88		201		90		173		0		127		151		51		32		174		159		175		203		82		126		62		125		170		121		46		97		86		133		129		206		177		121		139		95		139		93		63		131		36		87		160		138		102		108		153		87		165		123		116		129		154		156		163		110		122		121		115		150		151		204		165		120		113		124		156		10		109		134		210		81		101		124		47		145		129		160		85		102		37		43		240		42		186		145		77		7		157		91		85		65		152		82		60		19		133		216		156		153		119		31		122		99		105		93		167		124		127		189		88		107		218		61		105		223		114		68		61
47		158		218		158		47		175		117		68		50		141		170		101		125		51		93		148		38		48		145		235		162		140		11		114		166		29		178		44		215		108		217		96		127		0		118		172		117		183		50		128		102		85		37		101		40		53		102		173		122		213		120		116		127		98		30		12		222		52		150		86		182		159		62		107		21		173		157		26		50		94		6		51		150		199		115		80		155		113		188		42		83		72		139		116		119		28		121		167		121		134		155		93		96		150		107		100		66		170		173		182		51		112		104		123		109		69		178		78		120		170		126		82		192		127		45		145		146		16		127		163		150		246		158		27		176		36		56		116		189		164		150		199		42		101		98		98		106		53		73		170
105		134		100		70		71		57		77		50		68		23		66		77		7		67		25		144		84		70		27		117		44		158		107		58		72		89		60		74		97		50		99		22		151		118		0		100		151		65		68		24		52		69		117		135		116		67		30		115		54		95		18		22		55		26		112		130		104		66		58		120		64		115		96		11		101		55		43		144		84		24		114		67		32		81		5		38		41		29		70		106		35		46		53		14		31		104		27		49		141		42		37		59		70		50		27		134		52		52		55		66		93		114		108		89		109		55		60		74		154		52		60		66		90		9		79		91		142		114		65		45		32		128		130		113		58		96		90		16		71		46		38		81		76		67		90		46		72		65		107		90
159		34		72		30		125		53		177		104		122		121		34		71		97		121		79		44		138		124		99		71		128		58		161		58		28		143		40		128		43		150		45		122		51		172		100		0		77		123		122		124		152		87		171		107		170		121		70		15		50		41		82		78		155		126		166		184		50		120		42		108		80		15		132		109		155		51		57		198		132		114		168		121		78		103		105		112		59		71		70		160		99		100		153		114		69		158		73		105		51		58		83		159		76		50		73		92		106		78		109		34		147		60		68		189		63		135		94		94		54		106		46		90		20		101		127		27		42		168		165		105		102		74		30		167		48		150		138		116		73		76		138		37		130		167		74		74		172		119		113		10
82		63		123		81		108		104		228		153		141		172		85		74		148		124		126		53		79		99		150		140		179		45		128		93		79		96		91		159		120		201		122		173		32		117		151		77		0		174		159		175		203		82		94		30		93		170		121		78		97		118		133		129		206		177		89		107		127		139		93		31		131		64		55		160		138		102		108		121		67		165		123		116		129		154		156		163		110		122		121		83		150		151		204		165		120		89		124		156		26		109		134		210		81		101		124		17		145		129		160		87		70		37		43		240		42		186		145		77		25		157		91		85		97		152		72		60		51		133		216		156		153		151		63		90		99		81		61		167		124		127		189		104		107		218		61		105		223		114		44		75
170		157		51		93		136		70		66		115		133		42		89		100		58		132		90		167		149		135		38		52		21		181		172		81		95		154		83		139		102		75		92		87		174		183		65		123		174		0		133		55		81		98		182		158		181		132		81		138		77		94		63		67		56		85		177		195		91		131		81		143		43		138		143		76		166		72		66		209		143		89		179		132		45		20		68		103		64		70		53		171		100		111		44		67		64		169		62		18		164		65		40		100		93		73		76		157		117		45		14		89		158		137		131		72		132		120		29		105		177		17		83		101		113		56		138		114		165		179		56		20		33		63		153		178		75		161		149		67		50		47		33		86		141		90		113		85		81		130		130		113
89		142		168		108		51		125		69		18		18		91		120		85		75		35		43		152		80		60		95		185		112		166		39		66		116		63		128		6		165		58		167		46		159		50		68		122		159		133		0		78		52		77		79		143		82		11		52		123		72		163		70		66		77		48		72		62		172		20		100		128		132		123		104		57		33		123		107		76		92		44		46		43		100		149		65		30		105		63		138		84		33		22		89		66		69		70		71		117		149		84		105		51		78		100		57		142		16		120		123		132		93		122		116		81		117		27		128		82		162		120		76		74		142		77		87		99		150		46		77		113		100		196		138		69		126		78		98		66		139		114		100		149		52		59		98		54		64		45		115		120
115		158		90		94		81		71		53		60		78		13		90		101		27		77		49		168		96		80		25		107		34		182		117		82		96		99		84		84		103		26		93		32		175		128		24		124		175		55		78		0		28		93		127		159		126		77		54		139		78		95		42		46		31		30		122		140		94		76		82		144		54		139		120		21		111		73		67		154		108		34		124		77		46		71		19		48		65		53		60		116		45		56		29		12		55		114		51		39		165		66		41		45		94		74		51		158		62		46		45		90		109		138		132		65		133		65		50		98		178		42		84		90		114		23		103		115		166		124		41		35		22		118		154		123		76		106		114		12		61		48		22		87		86		43		114		70		48		75		131		114
133		186		116		122		95		99		25		50		62		39		118		129		55		79		77		196		124		104		53		133		60		210		91		110		124		107		112		58		131		6		121		30		203		102		52		152		203		81		52		28		0		121		123		187		126		51		82		167		106		123		70		74		25		26		116		114		120		64		110		172		80		167		148		43		85		101		95		128		136		38		98		87		74		97		47		40		93		81		86		128		53		52		37		38		83		114		79		65		193		94		69		19		122		102		79		186		58		74		71		118		137		166		160		37		161		39		76		126		206		68		112		118		142		51		131		143		194		98		25		61		50		144		182		113		104		122		142		36		87		76		48		115		96		15		142		98		20		89		159		142
72		73		133		73		38		90		146		71		59		90		85		16		66		42		44		75		51		37		68		150		97		89		74		29		81		56		93		77		130		119		132		91		82		85		69		87		82		98		77		93		121		0		84		66		83		88		39		88		37		128		51		47		124		95		79		97		137		57		65		51		97		74		45		78		68		88		72		111		45		83		81		34		65		114		74		81		70		40		103		73		68		69		122		83		38		71		42		82		72		49		70		128		11		65		42		65		63		85		88		97		60		45		39		158		40		104		93		7		85		85		41		3		107		70		40		60		73		81		134		78		71		161		73		80		91		63		51		85		104		79		107		114		43		136		21		23		141		32		38		85
12		157		217		157		46		174		148		73		61		140		169		100		124		50		92		147		33		47		144		234		161		139		48		113		165		28		177		79		214		121		216		95		126		37		117		171		94		182		79		127		123		84		0		64		3		90		101		172		121		212		119		115		126		97		7		25		221		59		149		63		181		158		39		106		58		172		156		27		39		93		43		50		149		198		114		83		154		112		187		11		82		71		138		115		118		13		120		166		120		133		154		130		95		149		106		79		65		169		172		181		24		111		103		160		108		106		177		77		119		169		125		81		191		126		44		144		145		53		136		162		149		245		157		10		175		21		33		115		188		163		149		198		41		138		97		97		143		52		58		169
54		93		153		93		92		110		212		137		125		156		105		58		132		108		110		83		63		83		134		170		163		75		112		77		101		80		113		143		150		185		152		157		62		101		135		107		30		158		143		159		187		66		64		0		63		154		105		108		81		148		117		113		190		161		71		89		157		123		85		15		117		94		39		144		122		108		92		91		51		149		107		100		113		138		140		147		94		106		123		59		134		135		188		149		104		73		108		140		56		93		118		194		65		85		108		15		129		113		144		117		50		47		39		224		44		170		129		61		55		141		75		69		127		136		56		80		81		117		200		140		137		181		93		74		111		65		45		151		124		111		173		134		91		202		45		89		207		98		28		105
11		156		216		156		45		173		151		76		64		139		168		99		123		49		91		146		32		46		143		233		160		138		51		112		164		27		176		82		213		124		215		96		125		40		116		170		93		181		82		126		126		83		3		63		0		93		100		171		120		211		118		114		129		100		10		28		220		62		148		62		180		157		38		105		61		171		155		28		38		92		46		49		148		197		113		86		153		111		186		10		81		74		137		114		117		12		119		165		119		132		153		133		94		148		105		78		68		168		171		180		23		110		102		163		107		109		176		76		118		168		124		80		190		125		43		143		144		56		139		161		148		244		156		13		174		20		32		114		187		162		148		197		40		141		96		96		146		51		57		168
100		153		167		107		62		124		66		17		29		90		119		96		74		46		44		163		91		71		94		184		111		177		42		77		115		74		127		11		164		57		166		45		170		53		67		121		170		132		11		77		51		88		90		154		93		0		51		134		73		162		69		65		76		47		83		65		171		31		99		139		131		134		115		56		34		122		106		77		103		43		47		54		99		148		64		29		104		62		137		95		32		21		88		65		68		81		70		116		160		83		104		40		89		99		56		153		25		119		122		131		104		133		127		70		128		16		127		93		173		119		79		85		141		76		98		110		161		47		76		112		99		195		149		80		125		89		109		65		138		113		99		148		63		48		109		65		53		56		126		119
89		104		116		56		55		73		107		34		52		51		68		47		27		51		9		114		68		54		43		133		60		128		91		28		64		73		76		58		113		80		115		52		121		102		30		70		121		81		52		54		82		39		101		105		100		51		0		85		24		111		18		14		85		56		96		114		120		50		48		90		80		85		66		39		85		71		55		128		62		44		98		51		48		97		35		42		53		11		86		90		29		30		83		44		17		88		19		65		111		32		53		89		40		48		5		104		36		68		71		80		77		84		78		119		79		65		76		44		124		68		30		36		90		31		57		61		112		98		95		61		48		144		100		97		74		80		68		46		87		62		68		97		60		97		60		16		102		49		77		68
160		19		87		45		126		68		192		117		123		136		49		72		112		122		90		29		139		125		114		86		143		43		162		59		43		144		55		129		42		165		46		137		46		173		115		15		78		138		123		139		167		88		172		108		171		134		85		0		61		44		97		93		170		141		167		185		49		121		57		109		95		14		133		124		156		66		72		199		133		129		169		122		93		118		120		127		74		86		85		161		114		115		168		129		84		159		88		120		52		73		98		174		77		65		88		93		109		93		124		49		148		61		69		204		64		150		109		95		53		121		55		91		25		116		128		28		27		169		180		120		117		75		15		168		63		151		139		131		88		91		153		52		131		182		75		75		187		120		114		25
109		80		96		36		75		53		131		56		72		75		48		23		51		71		29		90		88		74		53		113		82		104		111		8		44		93		56		78		93		104		95		76		97		122		54		50		97		77		72		78		106		37		121		81		120		73		24		61		0		91		36		32		109		80		116		134		100		70		28		66		60		61		82		63		105		51		35		148		82		68		118		71		32		77		59		66		33		25		66		110		53		54		107		68		23		108		27		59		87		12		37		113		26		28		27		80		56		48		63		60		97		60		54		143		55		89		56		44		100		60		6		40		70		55		77		37		88		118		119		59		56		124		76		117		54		100		88		70		67		42		92		77		80		121		36		24		126		69		63		48
200		63		43		55		166		38		148		145		163		92		43		112		88		162		120		73		179		165		70		42		99		87		202		99		47		184		35		169		8		121		4		117		86		213		95		41		118		94		163		95		123		128		212		148		211		162		111		44		91		0		93		97		126		115		207		225		9		161		63		149		51		54		173		106		196		40		56		239		173		119		209		162		63		74		98		133		58		100		41		201		130		141		124		97		94		199		92		76		92		79		58		130		117		63		106		133		147		49		80		31		188		101		109		160		104		150		65		135		93		77		87		131		21		86		168		68		71		209		136		76		73		33		59		208		37		191		179		97		44		49		109		14		171		138		115		115		143		160		154		43
107		116		98		52		73		55		95		52		70		39		50		59		15		69		27		126		86		72		25		115		46		140		109		40		54		91		58		76		95		68		97		40		133		120		18		82		133		63		70		42		70		51		119		117		118		69		18		97		36		93		0		4		73		44		114		132		102		68		40		102		62		97		80		27		103		53		37		146		80		32		116		69		30		79		23		40		35		11		68		108		37		48		71		32		13		106		9		47		123		24		35		77		52		32		13		116		54		50		53		62		95		96		90		107		91		57		58		56		136		50		42		48		72		19		75		73		124		116		83		43		30		126		112		115		56		98		86		34		69		44		56		79		78		85		72		28		90		67		89		72
103		112		102		48		69		59		99		48		66		43		54		55		19		65		23		122		82		68		29		119		50		136		105		36		50		87		62		72		99		72		101		44		129		116		22		78		129		67		66		46		74		47		115		113		114		65		14		93		32		97		4		0		77		48		110		128		106		64		36		98		66		93		76		31		99		57		41		142		76		36		112		65		34		83		27		36		39		7		72		104		33		44		75		36		9		102		5		51		119		20		39		81		48		34		9		112		50		54		57		66		91		92		86		111		87		57		62		52		132		54		38		44		76		23		71		69		120		112		87		47		34		130		108		111		60		94		82		38		73		48		60		83		74		89		68		24		94		63		85		68
136		189		91		125		98		102		22		59		77		34		121		132		58		82		80		199		127		107		56		108		35		213		116		113		127		110		115		83		134		19		124		33		206		127		55		155		206		56		77		31		25		124		126		190		129		76		85		170		109		126		73		77		0		29		121		139		123		75		113		175		75		170		151		46		110		104		98		153		139		41		123		90		77		72		50		47		96		84		85		131		56		55		12		41		86		117		82		50		196		97		72		44		125		105		82		189		61		77		46		121		140		169		163		34		164		64		61		129		209		49		115		121		145		54		134		146		197		123		10		50		53		119		185		122		107		125		145		39		82		79		23		118		99		34		145		101		25		92		162		145
107		160		120		96		69		77		51		30		48		43		92		103		29		53		51		170		98		78		47		137		64		184		87		84		98		81		86		54		117		24		119		4		177		98		26		126		177		85		48		30		26		95		97		161		100		47		56		141		80		115		44		48		29		0		92		110		124		46		84		146		84		141		122		17		81		75		69		124		110		12		94		61		52		101		21		18		67		55		90		102		27		26		41		18		57		88		53		69		167		68		57		33		96		76		53		160		32		72		75		92		111		140		134		63		135		35		80		100		180		72		86		92		116		29		105		117		168		94		39		65		52		148		156		93		78		96		116		18		91		66		52		101		70		41		116		72		46		63		133		116
17		152		212		152		41		169		141		66		54		135		164		95		119		45		87		142		28		42		139		229		156		134		41		108		160		23		172		72		209		114		211		90		121		30		112		166		89		177		72		122		116		79		7		71		10		83		96		167		116		207		114		110		121		92		0		18		216		52		144		58		176		153		34		101		51		167		151		32		34		88		36		45		144		193		109		76		149		107		182		12		77		66		133		110		113		8		115		161		115		128		149		123		90		144		101		74		60		164		167		176		21		106		98		153		103		99		172		72		114		164		120		76		186		121		39		139		140		46		129		157		144		240		152		3		170		16		28		110		183		158		144		193		36		131		92		92		136		47		53		164
35		170		230		170		59		187		129		80		62		153		182		113		137		63		105		160		46		60		157		247		174		152		23		126		178		41		190		56		227		120		229		108		139		12		130		184		107		195		62		140		114		97		25		89		28		65		114		185		134		225		132		128		139		110		18		0		234		64		162		76		194		171		52		119		33		185		169		14		52		106		18		63		162		211		127		92		167		125		200		30		95		84		151		128		131		26		133		179		133		146		167		105		108		162		119		92		78		182		185		194		39		124		116		135		121		81		190		90		132		182		138		94		204		139		57		157		158		28		139		175		162		258		170		17		188		34		46		128		201		176		162		211		54		113		110		110		118		65		71		182
209		66		40		64		175		47		145		154		172		89		52		121		97		171		129		76		188		174		77		39		96		90		211		108		56		193		44		178		11		118		5		126		95		222		104		50		127		91		172		94		120		137		221		157		220		171		120		49		100		9		102		106		123		124		216		234		0		170		72		158		48		63		182		115		205		49		65		248		182		128		218		171		72		71		107		142		67		109		38		210		139		150		121		106		103		208		101		73		101		88		67		139		126		72		115		142		156		52		77		40		197		110		118		157		113		159		62		144		102		74		96		140		30		95		177		77		76		218		133		73		72		28		64		217		46		200		188		106		41		58		106		23		180		135		124		124		140		169		163		52
69		122		166		106		31		123		89		16		2		89		118		65		73		15		41		132		60		40		93		183		110		146		41		62		114		43		126		20		163		62		165		44		139		52		66		120		139		131		20		76		64		57		59		123		62		31		50		121		70		161		68		64		75		46		52		64		170		0		98		108		130		107		84		55		35		121		105		78		72		42		48		23		98		147		63		28		103		61		136		64		31		20		87		64		67		50		69		115		129		82		103		71		58		98		55		122		14		118		121		130		73		102		96		101		97		47		126		62		142		118		74		54		140		75		67		93		130		48		77		111		98		194		118		49		124		58		78		64		137		112		98		147		32		79		78		46		84		25		95		118
137		76		68		12		103		25		135		82		100		79		20		49		55		99		57		86		116		102		57		85		86		100		139		36		16		121		28		106		65		108		67		80		93		150		58		42		93		81		100		82		110		65		149		85		148		99		48		57		28		63		40		36		113		84		144		162		72		98		0		86		38		57		110		67		133		23		15		176		110		72		146		99		36		61		63		70		17		37		38		138		67		78		111		72		31		136		31		63		83		16		41		117		54		8		43		76		84		36		67		32		125		56		50		147		51		93		52		72		96		64		24		68		42		59		105		33		84		146		123		63		60		96		72		145		26		128		116		74		39		34		96		49		108		125		52		52		130		97		91		32
51		94		154		94		77		111		197		122		110		141		106		43		117		93		95		84		48		68		119		171		148		76		97		62		102		65		114		128		151		170		153		142		63		86		120		108		31		143		128		144		172		51		63		15		62		139		90		109		66		149		102		98		175		146		58		76		158		108		86		0		118		95		24		129		107		109		93		90		36		134		92		85		98		135		125		132		91		91		124		52		119		120		173		134		89		58		93		125		57		78		103		179		50		86		93		16		114		106		129		118		39		48		40		209		45		155		114		46		56		126		62		54		128		121		41		81		82		102		185		125		122		182		94		59		112		50		30		136		125		100		158		135		76		187		34		74		192		83		13		106
169		114		36		50		135		27		97		114		132		41		46		81		57		131		89		124		148		134		37		53		48		138		171		68		52		153		40		138		59		74		49		86		131		182		64		80		131		43		132		54		80		97		181		117		180		131		80		95		60		51		62		66		75		84		176		194		48		130		38		118		0		95		142		75		165		29		25		208		142		88		178		131		32		23		67		102		27		69		10		170		99		110		73		66		63		168		61		25		121		48		27		99		86		32		75		114		116		12		29		46		157		94		88		109		89		119		14		104		134		26		56		100		70		55		137		71		122		178		85		25		32		64		110		177		32		160		148		66		7		18		58		43		140		89		84		84		92		129		123		70
146		19		87		45		112		68		192		117		109		136		49		58		112		108		90		29		125		111		114		86		143		43		148		57		43		130		55		123		56		165		58		137		36		159		115		15		64		138		123		139		167		74		158		94		157		134		85		14		61		54		97		93		170		141		153		171		63		107		57		95		95		0		119		124		142		66		72		185		119		129		155		108		93		118		120		127		74		86		85		147		114		115		168		129		84		145		88		120		38		73		98		174		63		65		88		79		109		93		124		49		134		47		55		204		50		150		109		81		39		121		55		77		33		116		114		24		27		155		180		120		117		87		15		154		63		137		125		131		88		91		153		52		117		182		61		69		187		106		100		25
27		118		178		118		53		135		173		98		86		117		130		61		93		69		71		108		24		44		105		195		124		100		73		74		126		41		138		104		175		146		177		118		87		62		96		132		55		143		104		120		148		45		39		39		38		115		66		133		82		173		80		76		151		122		34		52		182		84		110		24		142		119		0		105		83		133		117		66		12		110		68		61		110		159		101		108		115		73		148		28		95		96		149		110		79		34		81		127		81		94		115		155		56		110		69		40		90		130		133		142		15		72		64		185		69		131		138		38		80		130		86		42		152		97		17		105		106		78		161		123		110		206		118		35		136		26		6		112		149		124		134		159		52		163		58		58		168		59		19		130
94		143		111		79		60		68		68		39		57		34		75		86		18		56		34		153		81		61		38		128		55		167		96		67		81		78		71		63		108		41		110		13		160		107		11		109		160		76		57		21		43		78		106		144		105		56		39		124		63		106		27		31		46		17		101		119		115		55		67		129		75		124		105		0		90		66		52		133		93		13		103		56		43		92		8		27		50		38		81		95		24		35		44		9		40		93		36		60		150		51		48		50		79		59		36		143		41		63		66		75		94		123		117		80		118		44		71		83		163		63		69		75		99		20		88		100		151		103		56		56		43		139		139		102		69		85		99		9		82		57		43		92		65		58		99		55		63		54		116		99
68		141		201		141		30		158		100		51		33		124		153		84		108		34		76		131		59		39		128		218		145		145		10		97		149		42		161		27		198		91		200		79		138		21		101		155		138		166		33		111		85		68		58		122		61		34		85		156		105		196		103		99		110		81		51		33		205		35		133		107		165		142		83		90		0		156		140		43		71		77		15		34		133		182		98		63		138		96		171		63		66		55		122		99		102		49		104		150		128		117		138		72		79		133		90		121		49		153		156		165		72		101		95		102		96		48		161		61		141		153		109		65		175		110		66		128		129		13		110		146		133		229		141		48		159		57		77		99		172		147		133		182		31		80		81		81		85		36		94		153
160		85		45		21		126		2		126		105		123		70		17		72		48		122		80		95		139		125		48		62		77		109		162		59		23		144		11		129		42		99		44		77		102		173		55		51		102		72		123		73		101		88		172		108		171		122		71		66		51		40		53		57		104		75		167		185		49		121		23		109		29		66		133		66		156		0		16		199		133		79		169		122		27		52		58		93		18		60		19		161		90		101		102		63		54		159		52		54		92		39		32		108		77		23		66		93		107		27		58		17		148		65		69		138		64		110		43		95		105		55		47		91		41		50		128		42		93		169		114		54		51		73		81		168		3		151		139		65		22		25		87		26		131		116		75		75		121		120		114		41
144		91		61		27		110		18		120		89		107		64		23		56		40		106		64		101		123		109		42		78		71		115		146		43		29		128		21		113		58		93		60		65		108		157		43		57		108		66		107		67		95		72		156		92		155		106		55		72		35		56		37		41		98		69		151		169		65		105		15		93		25		72		117		52		140		16		0		183		117		63		153		106		21		46		48		77		2		44		31		145		74		85		96		57		38		143		36		48		98		23		26		102		61		7		50		91		91		21		52		25		132		71		65		132		66		94		37		79		111		49		31		75		47		44		112		48		99		153		108		48		45		89		87		152		19		135		123		59		32		19		81		42		115		110		59		59		115		104		98		47
39		184		244		184		73		201		143		94		76		167		196		127		151		77		119		174		60		74		171		261		188		166		37		140		192		55		204		70		241		134		243		122		153		26		144		198		121		209		76		154		128		111		27		91		28		77		128		199		148		239		146		142		153		124		32		14		248		78		176		90		208		185		66		133		43		199		183		0		66		120		30		77		176		225		141		106		181		139		214		38		109		98		165		142		145		40		147		193		147		160		181		109		122		176		133		106		92		196		199		208		51		138		130		137		135		89		204		104		146		196		152		108		218		153		71		171		172		30		153		189		176		272		184		31		202		48		60		142		215		190		176		225		68		119		124		124		128		79		85		196
27		118		178		118		41		135		161		86		74		105		130		61		85		57		59		108		12		32		105		195		122		100		61		74		126		29		138		92		175		134		177		106		87		50		84		132		67		143		92		108		136		45		39		51		38		103		62		133		82		173		80		76		139		110		34		52		182		72		110		36		142		119		12		93		71		133		117		66		0		98		56		49		110		159		89		96		115		73		148		28		83		84		137		98		79		26		81		127		81		94		115		143		56		110		67		50		78		130		133		142		15		72		64		173		69		119		138		38		80		130		86		42		152		87		5		105		106		66		149		123		110		206		118		35		136		18		6		100		149		124		122		159		40		151		58		58		156		47		23		130
95		148		124		84		57		81		63		26		44		47		80		91		31		43		39		158		86		66		51		141		68		172		83		72		86		69		84		50		121		36		123		8		165		94		24		114		165		89		44		34		38		83		93		149		92		43		44		129		68		119		32		36		41		12		88		106		128		42		72		134		88		129		110		13		77		79		63		120		98		0		90		49		56		105		21		14		61		43		94		90		15		22		45		22		45		80		41		73		155		56		61		45		84		64		41		148		28		76		79		88		99		128		122		75		123		31		84		88		168		76		74		80		104		33		93		105		156		90		51		69		56		152		144		89		82		84		104		22		95		70		56		105		58		53		104		60		58		51		121		104
53		154		214		154		43		171		113		64		46		137		166		97		121		47		89		144		44		44		141		231		158		136		7		110		162		27		174		40		211		104		213		92		123		6		114		168		123		179		46		124		98		81		43		107		46		47		98		169		118		209		116		112		123		94		36		18		218		48		146		92		178		155		68		103		15		169		153		30		56		90		0		47		146		195		111		76		151		109		184		48		79		68		135		112		115		34		117		163		117		130		151		87		92		146		103		106		62		166		169		178		57		108		100		117		105		63		174		74		126		166		122		78		188		123		51		141		142		10		123		159		146		242		154		33		172		42		62		112		185		160		146		195		38		95		94		94		100		49		79		166
46		107		167		107		8		124		112		37		25		90		119		50		74		8		42		109		37		17		94		184		111		123		40		63		115		22		127		43		164		85		166		57		116		51		67		121		116		132		43		77		87		34		50		100		49		54		51		122		71		162		69		65		90		61		45		63		171		23		99		85		131		108		61		56		34		122		106		77		49		49		47		0		99		148		64		47		104		62		137		41		34		35		88		65		68		37		70		116		106		83		104		94		45		99		56		99		29		119		122		131		50		79		73		124		74		70		127		39		119		119		75		31		141		76		44		94		107		47		100		112		99		195		107		46		125		35		55		65		138		113		99		148		9		102		55		47		107		2		72		119
137		112		68		48		103		25		99		82		100		43		44		55		25		99		57		122		116		102		21		85		50		136		139		36		50		121		38		106		65		72		67		54		129		150		32		78		129		45		100		46		74		65		149		113		148		99		48		93		32		63		30		34		77		52		144		162		72		98		36		98		32		93		110		43		133		27		21		176		110		56		146		99		0		49		35		70		19		37		38		138		67		78		75		36		31		136		29		27		119		20		5		81		54		28		43		112		84		20		31		44		125		92		86		111		87		87		28		72		132		28		38		68		68		23		105		69		120		146		87		27		24		96		108		145		30		128		116		38		39		14		60		49		108		89		68		52		94		97		91		68
186		137		31		73		152		50		82		131		149		58		69		98		74		148		106		147		165		151		54		36		37		161		188		85		75		170		63		155		82		91		72		103		154		199		81		103		154		20		149		71		97		114		198		138		197		148		97		118		77		74		79		83		72		101		193		211		71		147		61		135		23		118		159		92		182		52		46		225		159		105		195		148		49		0		84		119		44		86		33		187		116		127		60		83		80		185		78		32		144		65		44		116		103		53		92		137		133		29		26		69		174		117		111		88		112		136		21		121		157		29		73		117		93		72		154		94		145		195		72		36		49		47		133		194		55		177		165		83		30		35		49		66		157		106		101		101		97		146		140		93
102		139		103		75		68		60		72		47		65		26		71		82		10		64		30		149		81		67		30		120		47		163		104		63		77		86		65		71		100		45		102		19		156		115		5		105		156		68		65		19		47		74		114		140		113		64		35		120		59		98		23		27		50		21		109		127		107		63		63		125		67		120		101		8		98		58		48		141		89		21		111		64		35		84		0		35		46		34		73		103		32		43		48		9		36		101		32		52		146		47		40		54		75		55		32		139		49		55		58		71		90		119		113		84		114		52		63		79		159		55		65		71		95		12		84		96		147		111		60		48		35		131		135		110		61		93		95		11		74		49		35		84		73		62		95		51		67		62		112		95
93		146		138		82		55		95		65		12		30		61		90		89		45		39		37		156		84		64		65		155		82		170		69		70		86		67		98		36		135		38		137		16		163		80		38		112		163		103		30		48		40		81		83		147		86		29		42		127		66		133		40		36		47		18		76		92		142		28		70		132		102		127		108		27		63		93		77		106		96		14		76		47		70		119		35		0		75		41		108		88		13		12		59		36		43		74		41		87		153		54		75		47		82		70		39		146		18		90		93		102		97		126		120		77		121		23		98		86		166		90		72		78		112		47		91		103		154		76		53		83		70		166		142		75		96		82		102		36		109		84		70		119		56		55		102		58		60		49		119		102
142		93		63		29		108		20		118		87		105		62		25		54		38		104		62		103		121		107		40		80		69		117		144		41		31		126		23		111		60		91		62		63		110		155		41		59		110		64		105		65		93		70		154		94		153		104		53		74		33		58		35		39		96		67		149		167		67		103		17		91		27		74		115		50		138		18		2		181		115		61		151		104		19		44		46		75		0		42		33		143		72		83		94		55		36		141		34		46		100		21		24		100		59		9		48		93		89		19		50		27		130		73		67		130		68		92		35		77		113		47		29		73		49		42		110		50		101		151		106		46		43		91		89		150		21		133		121		57		34		17		79		44		113		108		57		57		113		102		96		49
100		105		105		45		66		62		106		45		63		50		57		48		26		62		20		115		79		65		32		122		57		129		102		29		53		84		65		69		102		79		104		51		122		113		29		71		122		70		63		53		81		40		112		106		111		62		11		86		25		100		11		7		84		55		107		125		109		61		37		91		69		86		73		38		96		60		44		139		73		43		109		62		37		86		34		41		42		0		75		101		30		41		82		43		6		99		8		54		112		21		42		88		41		37		6		105		47		57		60		69		88		85		79		118		80		64		65		45		125		57		31		37		79		30		68		62		113		109		94		50		37		133		101		108		63		91		79		45		76		51		67		86		71		96		61		17		101		60		78		61
175		104		30		40		141		17		107		120		138		51		36		87		63		137		95		114		154		140		43		47		58		128		177		74		42		159		30		144		49		80		39		92		121		188		70		70		121		53		138		60		86		103		187		123		186		137		86		85		66		41		68		72		85		90		182		200		38		136		38		124		10		85		148		81		171		19		31		214		148		94		184		137		38		33		73		108		33		75		0		176		105		116		83		72		69		174		67		35		111		54		33		105		92		38		81		108		122		18		39		36		163		84		84		119		79		125		24		110		124		36		62		106		60		61		143		61		112		184		95		35		38		58		100		183		22		166		154		72		3		24		68		33		146		97		90		90		102		135		129		60
5		146		206		146		35		163		153		78		66		129		158		89		113		49		81		136		22		36		133		223		150		128		53		102		154		21		166		84		203		126		205		98		115		42		106		160		83		171		84		116		128		73		11		59		10		95		90		161		110		201		108		104		131		102		12		30		210		64		138		52		170		147		28		95		63		161		145		38		28		90		48		41		138		187		103		88		143		101		176		0		75		76		129		104		107		14		109		155		109		122		143		135		84		138		95		68		70		158		161		170		13		100		92		165		97		111		166		66		108		158		114		70		180		115		33		133		134		58		141		151		138		234		146		15		164		10		22		104		177		152		138		187		32		143		86		86		148		41		47		158
80		133		135		75		42		92		78		15		33		58		87		76		42		32		24		143		71		51		62		152		79		157		72		57		83		54		95		39		132		51		134		23		150		83		35		99		150		100		33		45		53		68		82		134		81		32		29		114		53		130		37		33		56		27		77		95		139		31		67		119		99		114		95		24		66		90		74		109		83		15		79		34		67		116		32		13		72		30		105		75		0		11		56		33		36		69		38		84		140		51		72		60		69		67		26		133		17		87		90		99		84		113		107		90		108		36		95		73		153		87		59		65		109		44		78		90		141		79		66		80		67		163		129		78		93		69		89		33		106		81		67		116		43		68		89		45		73		36		106		89
81		134		146		86		43		103		77		4		22		69		98		77		53		27		25		144		72		52		73		163		90		158		61		58		94		55		106		28		143		50		145		24		151		72		46		100		151		111		22		56		52		69		71		135		74		21		30		115		54		141		48		44		55		26		66		84		150		20		78		120		110		115		96		35		55		101		85		98		84		22		68		35		78		127		43		12		83		41		116		76		11		0		67		44		47		62		49		95		141		62		83		59		70		78		35		134		6		98		101		110		85		114		108		89		109		35		106		74		154		98		60		66		120		55		79		91		142		68		65		91		78		174		130		67		104		70		90		44		117		92		78		127		44		67		90		46		72		37		107		98
134		187		81		123		96		100		24		71		89		32		119		130		56		88		78		197		125		105		54		96		25		211		128		111		125		110		113		95		132		31		122		43		204		139		53		153		204		44		89		29		37		122		138		188		137		88		83		168		107		124		71		75		12		41		133		151		121		87		111		173		73		168		149		44		122		102		96		165		137		45		135		88		75		60		48		59		94		82		83		129		56		67		0		39		84		125		80		48		194		95		70		56		123		103		80		187		73		75		44		119		138		167		161		36		162		76		59		127		207		47		113		119		143		52		132		144		195		135		12		48		51		107		183		134		105		123		143		37		80		77		15		116		97		46		143		99		37		90		160		143
103		148		102		84		69		61		63		48		66		25		80		91		17		65		39		158		86		68		29		119		46		172		105		72		86		87		74		72		99		36		101		20		165		116		14		114		165		67		66		12		38		83		115		149		114		65		44		129		68		97		32		36		41		18		110		128		106		64		72		134		66		129		110		9		99		63		57		142		98		22		112		65		36		83		9		36		55		43		72		104		33		44		39		0		45		102		41		51		155		56		39		45		84		64		41		148		50		54		57		80		99		128		122		75		123		53		62		88		168		54		74		80		104		13		93		105		156		112		51		47		34		130		144		111		66		94		104		2		73		48		34		83		74		53		104		60		58		63		121		104
106		103		99		39		72		56		108		51		69		52		51		46		28		68		26		113		85		71		30		116		59		127		108		27		47		90		59		75		96		81		98		53		120		119		31		69		120		64		69		55		83		38		118		104		117		68		17		84		23		94		13		9		86		57		113		131		103		67		31		89		63		84		79		40		102		54		38		145		79		45		115		68		31		80		36		43		36		6		69		107		36		47		84		45		0		105		4		48		110		15		36		90		39		31		12		103		53		51		54		63		94		83		77		120		78		66		59		43		123		51		29		37		73		32		74		60		111		115		96		44		33		127		99		114		57		97		85		47		70		45		69		80		77		98		59		21		103		66		76		59
19		144		204		144		33		161		139		64		52		127		156		87		111		37		79		134		20		34		131		221		148		126		39		100		152		15		164		70		201		112		203		84		113		28		104		158		89		169		70		114		114		71		13		73		12		81		88		159		108		199		106		102		117		88		8		26		208		50		136		58		168		145		34		93		49		159		143		40		26		80		34		37		136		185		101		74		141		99		174		14		69		62		125		102		105		0		107		153		107		120		141		121		82		136		93		72		56		156		159		168		23		98		90		151		95		97		164		64		106		156		112		68		178		113		31		131		132		44		127		149		136		232		144		9		162		8		28		102		175		150		136		185		28		129		84		84		134		39		45		156
108		107		97		43		74		54		104		53		71		48		49		50		24		70		28		117		87		73		26		114		55		131		110		31		45		92		57		77		94		77		96		49		124		121		27		73		124		62		71		51		79		42		120		108		119		70		19		88		27		92		9		5		82		53		115		133		101		69		31		93		61		88		81		36		104		52		36		147		81		41		117		70		29		78		32		41		34		8		67		109		38		49		80		41		4		107		0		46		114		15		34		86		43		29		14		107		55		49		52		61		96		87		81		116		82		62		57		47		127		49		33		39		71		28		76		64		115		117		92		42		29		125		103		116		55		99		87		43		68		43		65		78		79		94		63		23		99		68		80		63
154		139		51		75		120		52		72		99		117		26		71		82		42		116		74		149		133		119		22		68		23		163		156		63		77		138		65		123		84		59		74		71		156		167		49		105		156		18		117		39		65		82		166		140		165		116		65		120		59		76		47		51		50		69		161		179		73		115		63		125		25		120		127		60		150		54		48		193		127		73		163		116		27		32		52		87		46		54		35		155		84		95		48		51		48		153		46		0		146		47		22		84		75		55		60		139		101		27		6		71		142		119		113		84		114		104		11		89		159		3		65		85		95		40		122		96		147		163		60		4		17		79		135		162		57		145		133		51		32		29		33		68		125		74		95		69		67		114		112		95
108		37		113		71		98		94		218		143		131		162		75		64		138		114		116		27		87		89		140		114		169		19		118		83		69		92		81		149		94		191		96		163		10		121		141		51		26		164		149		165		193		72		120		56		119		160		111		52		87		92		123		119		196		167		115		133		101		129		83		57		121		38		81		150		128		92		98		147		81		155		117		106		119		144		146		153		100		112		111		109		140		141		194		155		110		107		114		146		0		99		124		200		71		91		114		41		135		119		150		75		96		27		33		230		32		176		135		67		13		147		81		75		71		142		76		50		25		123		206		146		143		125		37		116		89		99		87		157		114		117		179		78		97		208		51		95		213		104		62		51
121		92		84		28		87		41		119		66		84		63		36		35		39		83		41		102		100		86		41		101		70		116		123		20		32		105		44		90		81		92		83		64		109		134		42		58		109		65		84		66		94		49		133		93		132		83		32		73		12		79		24		20		97		68		128		146		88		82		16		78		48		73		94		51		117		39		23		160		94		56		130		83		20		65		47		54		21		21		54		122		51		62		95		56		15		120		15		47		99		0		25		101		38		16		27		92		68		36		51		48		109		72		66		131		67		77		44		56		112		48		18		52		58		43		89		49		100		130		107		47		44		112		88		129		42		112		100		58		55		30		80		65		92		109		48		36		114		81		75		48
142		117		63		53		108		30		94		87		105		38		49		60		30		104		62		127		121		107		16		80		45		141		144		41		55		126		43		111		62		67		62		59		134		155		37		83		134		40		105		41		69		70		154		118		153		104		53		98		37		58		35		39		72		57		149		167		67		103		41		103		27		98		115		48		138		32		26		181		115		61		151		104		5		44		40		75		24		42		33		143		72		83		70		39		36		141		34		22		124		25		0		76		59		33		48		117		89		15		26		49		130		97		91		106		92		92		23		77		137		23		43		73		73		28		110		74		125		151		82		22		19		91		113		150		35		133		121		39		34		9		55		46		113		84		73		57		89		102		96		73
140		193		135		129		102		106		34		57		69		58		125		136		62		86		84		203		131		111		62		152		79		217		82		117		131		114		119		51		138		25		134		37		210		93		59		159		210		100		51		45		19		128		130		194		133		40		89		174		113		130		77		81		44		33		123		105		139		71		117		179		99		174		155		50		72		108		102		109		143		45		87		94		81		116		54		47		100		88		105		135		60		59		56		45		90		121		86		84		200		101		76		0		129		109		86		193		65		87		90		125		144		173		167		30		168		24		95		133		213		87		119		125		149		58		138		150		201		79		44		80		67		163		189		120		111		129		149		43		106		83		67		122		103		10		149		105		19		96		166		149
83		64		122		62		49		79		147		72		60		91		74		7		67		45		45		74		62		48		69		139		98		88		85		18		70		67		82		78		119		120		121		92		81		96		70		76		81		93		78		94		122		11		95		65		94		89		40		77		26		117		52		48		125		96		90		108		126		58		54		50		86		63		56		79		79		77		61		122		56		84		92		45		54		103		75		82		59		41		92		84		69		70		123		84		39		82		43		75		71		38		59		129		0		54		43		64		64		74		79		86		71		44		38		159		39		105		82		18		84		76		30		14		96		71		51		49		72		92		135		75		72		150		62		91		80		74		62		86		93		68		108		103		54		137		20		24		142		43		37		74
137		84		68		20		103		25		127		82		100		71		20		49		47		99		57		94		116		102		49		85		78		108		139		36		22		121		28		106		65		100		67		72		101		150		50		50		101		73		100		74		102		65		149		85		148		99		48		65		28		63		32		34		105		76		144		162		72		98		8		86		32		65		110		59		133		23		7		176		110		64		146		99		28		53		55		70		9		37		38		138		67		78		103		64		31		136		29		55		91		16		33		109		54		0		43		84		84		28		59		32		125		64		58		139		59		87		44		72		104		56		24		68		42		51		105		41		92		146		115		55		52		96		80		145		26		128		116		66		39		26		88		49		108		117		52		52		122		97		91		40
94		107		111		51		60		68		104		39		57		48		63		50		24		56		14		117		73		59		38		128		55		131		96		31		59		78		71		63		108		77		110		49		124		107		27		73		124		76		57		51		79		42		106		108		105		56		5		88		27		106		13		9		82		53		101		119		115		55		43		93		75		88		69		36		90		66		50		133		67		41		103		56		43		92		32		39		48		6		81		95		26		35		80		41		12		93		14		60		114		27		48		86		43		43		0		107		41		63		66		75		82		87		81		116		82		62		71		47		127		63		33		39		85		28		62		64		115		103		92		56		43		139		103		102		69		85		73		43		82		57		65		92		65		94		63		19		99		54		80		63
67		78		138		78		91		95		211		136		124		155		90		57		131		107		109		68		62		82		133		155		162		60		111		76		86		79		98		142		135		184		137		156		47		100		134		92		17		157		142		158		186		65		79		15		78		153		104		93		80		133		116		112		189		160		74		92		142		122		76		16		114		79		40		143		121		93		91		106		50		148		106		99		112		137		139		146		93		105		108		68		133		134		187		148		103		72		107		139		41		92		117		193		64		84		107		0		128		112		143		102		55		32		26		223		29		169		128		60		40		140		74		68		112		135		55		65		66		116		199		139		136		166		78		75		96		64		46		150		109		110		172		119		90		201		44		88		206		97		27		90
75		128		152		92		37		109		83		8		16		75		104		71		59		21		27		138		66		46		79		169		96		152		55		52		100		49		112		22		149		56		151		30		145		66		52		106		145		117		16		62		58		63		65		129		68		25		36		109		56		147		54		50		61		32		60		78		156		14		84		114		116		109		90		41		49		107		91		92		78		28		62		29		84		133		49		18		89		47		122		70		17		6		73		50		53		56		55		101		135		68		89		65		64		84		41		128		0		104		107		116		79		108		102		95		103		41		112		68		148		104		60		60		126		61		73		85		136		62		71		97		84		180		124		61		110		64		84		50		123		98		84		133		38		73		84		40		78		31		101		104
157		112		48		48		123		25		99		102		120		43		44		69		45		119		77		122		136		122		25		65		50		136		159		56		50		141		38		126		57		72		47		74		129		170		52		78		129		45		120		46		74		85		169		113		168		119		68		93		48		49		50		54		77		72		164		182		52		118		36		106		12		93		130		63		153		27		21		196		130		76		166		119		20		29		55		90		19		57		18		158		87		98		75		54		51		156		49		27		119		36		15		87		74		28		63		112		104		0		31		44		145		92		86		111		87		107		16		92		132		28		44		88		68		43		125		69		120		166		87		27		24		76		108		165		30		148		136		54		19		6		60		41		128		89		72		72		94		117		111		68
160		143		45		79		126		56		68		105		123		32		75		86		48		122		80		153		139		125		28		62		19		167		162		67		81		144		69		129		88		65		78		77		160		173		55		109		160		14		123		45		71		88		172		144		171		122		71		124		63		80		53		57		46		75		167		185		77		121		67		129		29		124		133		66		156		58		52		199		133		79		169		122		31		26		58		93		50		60		39		161		90		101		44		57		54		159		52		6		150		51		26		90		79		59		66		143		107		31		0		75		148		123		117		80		118		110		15		95		163		3		69		91		99		46		128		100		151		169		56		10		23		73		139		168		61		151		139		57		36		33		29		72		131		80		99		75		71		120		116		99
169		68		38		24		135		19		143		114		132		87		12		81		63		131		89		78		148		134		65		53		94		92		171		68		16		153		6		138		33		116		35		88		85		182		66		34		87		89		132		90		118		97		181		117		180		131		80		49		60		31		62		66		121		92		176		194		40		130		32		118		46		49		142		75		165		17		25		208		142		88		178		131		44		69		71		102		27		69		36		170		99		110		119		80		63		168		61		71		75		48		49		125		86		32		75		102		116		44		75		0		157		70		78		155		73		119		60		104		88		72		56		100		24		67		137		37		76		178		131		71		68		64		64		177		14		160		148		82		39		42		104		17		140		133		84		84		138		129		123		24
12		133		193		133		42		150		162		87		75		116		145		76		100		58		68		123		13		33		120		210		137		115		62		89		141		30		153		93		190		135		192		107		102		51		93		147		70		158		93		109		137		60		24		50		23		104		77		148		97		188		95		91		140		111		21		39		197		73		125		39		157		134		15		94		72		148		132		51		15		99		57		50		125		174		90		97		130		88		163		13		84		85		138		99		94		23		96		142		96		109		130		144		71		125		82		55		79		145		148		157		0		87		79		174		84		120		153		53		95		145		101		57		167		102		20		120		121		67		150		138		125		221		133		24		151		15		9		101		164		139		125		174		41		152		73		73		157		48		34		145
99		46		106		46		71		67		191		116		104		135		58		37		111		87		89		36		78		64		113		123		142		44		101		56		54		83		66		122		103		164		105		136		37		112		114		60		37		137		122		138		166		45		111		47		110		133		84		61		60		101		96		92		169		140		106		124		110		102		56		48		94		47		72		123		101		65		71		138		72		128		108		79		92		117		119		126		73		85		84		100		113		114		167		128		83		98		87		119		27		72		97		173		44		64		87		32		108		92		123		70		87		0		8		203		5		149		108		40		40		120		54		48		80		115		67		33		34		108		179		119		116		134		46		107		64		90		78		130		87		90		152		87		70		181		24		68		186		77		53		58
91		54		114		54		65		71		185		110		98		129		66		31		105		81		83		44		70		56		107		131		136		50		93		50		62		75		74		116		111		158		113		130		43		104		108		68		43		131		116		132		160		39		103		39		102		127		78		69		54		109		90		86		163		134		98		116		118		96		50		40		88		55		64		117		95		69		65		130		64		122		100		73		86		111		113		120		67		79		84		92		107		108		161		122		77		90		81		113		33		66		91		167		38		58		81		26		102		86		117		78		79		8		0		197		5		143		102		34		46		114		48		42		88		109		59		41		42		100		173		113		110		142		54		99		72		82		70		124		85		84		146		95		64		175		18		62		180		71		45		66
170		223		117		159		132		136		12		87		99		68		155		166		92		116		114		233		161		141		90		124		61		247		112		147		161		144		149		81		168		39		158		67		240		123		89		189		240		72		81		65		37		158		160		224		163		70		119		204		143		160		107		111		34		63		153		135		157		101		147		209		109		204		185		80		102		138		132		137		173		75		117		124		111		88		84		77		130		118		119		165		90		89		36		75		120		151		116		84		230		131		106		30		159		139		116		223		95		111		80		155		174		203		197		0		198		54		95		163		243		83		149		155		179		88		168		180		231		107		24		84		87		135		219		150		141		159		179		73		116		113		51		152		133		22		179		135		17		126		196		179
96		49		109		49		66		66		186		111		99		130		61		32		106		82		84		39		75		61		108		126		137		49		98		51		57		80		69		117		106		159		108		131		42		109		109		63		42		132		117		133		161		40		108		44		107		128		79		64		55		104		91		87		164		135		103		121		113		97		51		45		89		50		69		118		96		64		66		135		69		123		105		74		87		112		114		121		68		80		79		97		108		109		162		123		78		95		82		114		32		67		92		168		39		59		82		29		103		87		118		73		84		5		5		198		0		144		103		35		45		115		49		43		83		110		64		36		37		105		174		114		111		137		49		104		67		87		75		125		82		85		147		90		67		176		19		63		181		72		50		61
116		169		155		105		78		112		54		33		45		78		107		112		62		62		60		179		107		87		82		172		99		193		58		93		107		90		115		27		152		45		154		33		186		69		55		135		186		120		27		65		39		104		106		170		109		16		65		150		89		150		57		57		64		35		99		81		159		47		93		155		119		150		131		44		48		110		94		89		119		31		63		70		87		136		52		23		92		64		125		111		36		35		76		53		66		97		62		104		176		77		92		24		105		87		62		169		41		107		110		119		120		149		143		54		144		0		115		109		189		107		95		101		129		64		114		126		177		59		64		100		87		183		165		96		113		105		125		53		126		101		87		136		79		32		125		81		39		72		142		125
165		128		40		64		131		41		83		110		128		37		60		77		53		127		85		138		144		130		33		57		34		152		167		64		66		149		54		134		73		70		63		82		145		178		60		94		145		29		128		50		76		93		177		129		176		127		76		109		56		65		58		62		61		80		172		190		62		126		52		114		14		109		138		71		161		43		37		204		138		84		174		127		28		21		63		98		35		65		24		166		95		106		59		62		59		164		57		11		135		44		23		95		82		44		71		128		112		16		15		60		153		108		102		95		103		115		0		100		148		12		54		96		84		51		133		85		136		174		71		15		28		68		124		173		46		156		144		62		21		18		44		57		136		85		84		80		78		125		119		84
65		80		140		80		31		97		151		76		64		95		92		23		71		47		49		70		44		30		73		157		102		84		67		36		88		49		100		82		137		124		139		96		77		78		74		94		77		105		82		98		126		7		77		61		76		93		44		95		44		135		56		52		129		100		72		90		144		62		72		46		104		81		38		83		61		95		79		104		38		88		74		39		72		121		79		86		77		45		110		66		73		74		127		88		43		64		47		89		67		56		77		133		18		72		47		60		68		92		95		104		53		40		34		163		35		109		100		0		80		92		48		8		114		75		33		67		68		74		139		85		76		168		80		73		98		56		44		90		111		86		112		121		36		141		20		28		146		37		33		92
107		38		126		84		111		107		231		156		144		175		88		77		151		127		129		28		86		102		153		125		182		20		131		96		82		99		94		162		95		204		97		176		7		120		154		54		25		177		162		178		206		85		119		55		118		173		124		53		100		93		136		132		209		180		114		132		102		142		96		56		134		39		80		163		141		105		111		146		80		168		126		119		132		157		159		166		113		125		124		108		153		154		207		168		123		106		127		159		13		112		137		213		84		104		127		40		148		132		163		88		95		40		46		243		45		189		148		80		0		160		94		88		72		155		75		63		26		136		219		159		156		126		38		115		102		98		86		170		127		130		192		91		110		221		64		108		226		117		61		64
157		140		48		76		123		53		71		102		120		29		72		83		45		119		77		150		136		122		25		65		22		164		159		64		78		141		66		126		85		62		75		74		157		170		52		106		157		17		120		42		68		85		169		141		168		119		68		121		60		77		50		54		49		72		164		182		74		118		64		126		26		121		130		63		153		55		49		196		130		76		166		119		28		29		55		90		47		57		36		158		87		98		47		54		51		156		49		3		147		48		23		87		76		56		63		140		104		28		3		72		145		120		114		83		115		107		12		92		160		0		66		88		96		43		125		97		148		166		59		7		20		76		136		165		58		148		136		54		33		30		32		69		128		77		96		72		68		117		113		96
113		74		92		32		79		49		137		62		76		81		44		25		57		75		35		84		92		78		59		109		88		98		115		12		40		97		52		82		89		110		91		82		91		126		60		46		91		83		76		84		112		41		125		75		124		79		30		55		6		87		42		38		115		86		120		138		96		74		24		62		56		55		86		69		109		47		31		152		86		74		122		75		38		73		65		72		29		31		62		114		59		60		113		74		29		112		33		65		81		18		43		119		30		24		33		74		60		44		69		56		101		54		48		149		49		95		54		48		94		66		0		44		66		61		81		31		82		122		125		65		62		120		70		121		50		104		92		76		63		38		98		73		84		127		30		28		132		73		67		44
69		76		136		76		35		93		143		68		56		87		88		19		63		39		41		78		48		34		65		153		94		92		71		32		84		53		96		74		133		116		135		88		85		82		66		90		85		101		74		90		118		3		81		69		80		85		36		91		40		131		48		44		121		92		76		94		140		54		68		54		100		77		42		75		65		91		75		108		42		80		78		31		68		117		71		78		73		37		106		70		65		66		119		80		37		68		39		85		75		52		73		125		14		68		39		68		60		88		91		100		57		48		42		155		43		101		96		8		88		88		44		0		110		67		37		63		76		78		131		81		68		164		76		77		94		60		48		82		107		82		104		117		40		133		24		20		138		29		41		88
179		44		62		34		145		43		167		124		142		111		24		91		87		141		99		54		158		144		89		61		118		68		181		78		26		163		30		148		23		140		25		112		65		192		90		20		97		113		142		114		142		107		191		127		190		141		90		25		70		21		72		76		145		116		186		204		30		140		42		128		70		33		152		99		175		41		47		218		152		104		188		141		68		93		95		112		49		79		60		180		109		120		143		104		73		178		71		95		71		58		73		149		96		42		85		112		126		68		99		24		167		80		88		179		83		129		84		114		72		96		66		110		0		91		147		47		52		188		155		95		92		54		40		187		38		170		158		106		63		66		128		27		150		157		94		94		162		139		133		22
114		135		91		71		80		48		76		59		77		20		67		78		4		76		34		145		93		79		18		108		35		159		116		59		73		98		61		83		88		49		90		31		152		127		9		101		152		56		77		23		51		70		126		136		125		76		31		116		55		86		19		23		54		29		121		139		95		75		59		121		55		116		97		20		110		50		44		153		87		33		123		76		23		72		12		47		42		30		61		115		44		55		52		13		32		113		28		40		142		43		28		58		71		51		28		135		61		43		46		67		102		115		109		88		110		64		51		75		155		43		61		67		91		0		82		92		143		123		64		36		23		119		131		122		53		105		93		15		62		37		37		72		85		66		91		47		71		74		108		91
32		113		173		113		36		130		156		81		69		100		125		56		80		52		54		103		11		27		100		190		117		95		56		69		121		24		133		87		170		129		172		101		82		45		79		127		72		138		87		103		131		40		44		56		43		98		57		128		77		168		75		71		134		105		39		57		177		67		105		41		137		114		17		88		66		128		112		71		5		93		51		44		105		154		84		91		110		68		143		33		78		79		132		93		74		31		76		122		76		89		110		138		51		105		62		55		73		125		128		137		20		67		59		168		64		114		133		33		75		125		81		37		147		82		0		100		101		61		144		118		105		201		113		40		131		23		11		95		144		119		117		154		35		146		53		53		151		42		28		125
132		43		73		21		98		44		168		93		95		112		25		44		88		94		66		53		111		97		90		90		119		67		134		33		21		116		33		101		70		141		72		113		60		145		91		27		60		114		99		115		143		60		144		80		143		110		61		28		37		68		73		69		146		117		139		157		77		93		33		81		71		24		105		100		128		42		48		171		105		105		141		94		69		94		96		103		50		62		61		133		90		91		144		105		60		131		64		96		50		49		74		150		49		41		64		65		85		69		100		37		120		33		41		180		36		126		85		67		63		97		31		63		47		92		100		0		51		141		156		96		93		101		39		140		39		123		111		107		64		67		129		54		103		158		47		47		163		92		86		25
133		12		114		72		99		95		219		144		132		163		76		65		139		115		117		2		112		98		141		113		170		16		135		84		70		117		82		150		69		192		73		164		19		146		142		42		51		165		150		166		194		73		145		81		144		161		112		27		88		71		124		120		197		168		140		158		76		130		84		82		122		27		106		151		129		93		99		172		106		156		142		107		120		145		147		154		101		113		112		134		141		142		195		156		111		132		115		147		25		100		125		201		72		92		115		66		136		120		151		76		121		34		42		231		37		177		136		68		26		148		82		76		52		143		101		51		0		142		207		147		144		102		12		141		90		124		112		158		115		118		180		79		104		209		52		96		214		105		87		52
63		154		214		154		43		171		113		64		46		137		166		97		121		47		89		144		54		44		141		231		158		140		7		110		162		37		174		40		211		104		213		92		133		16		114		168		133		179		46		124		98		81		53		117		56		47		98		169		118		209		116		112		123		94		46		28		218		48		146		102		178		155		78		103		13		169		153		30		66		90		10		47		146		195		111		76		151		109		184		58		79		68		135		112		115		44		117		163		123		130		151		79		92		146		103		116		62		166		169		178		67		108		100		107		105		59		174		74		136		166		122		78		188		123		61		141		142		0		123		159		146		242		154		43		172		52		72		112		185		160		146		195		38		89		94		94		98		49		89		166
146		199		93		135		108		112		12		63		77		44		131		142		68		92		90		209		137		117		66		108		37		223		116		123		137		120		125		83		144		19		134		43		216		127		65		165		216		56		77		41		25		134		136		200		139		76		95		180		119		136		83		87		10		39		129		139		133		77		123		185		85		180		161		56		110		114		108		153		149		51		123		100		87		72		60		53		106		94		95		141		66		65		12		51		96		127		92		60		206		107		82		44		135		115		92		199		71		87		56		131		150		179		173		24		174		64		71		139		219		59		125		131		155		64		144		156		207		123		0		60		63		119		195		126		117		135		155		49		92		89		27		128		109		34		155		111		25		102		172		155
150		139		55		75		116		52		72		95		113		22		71		82		38		112		70		149		129		115		18		72		23		163		152		63		77		134		65		119		84		55		74		67		156		163		45		105		156		20		113		35		61		78		162		140		161		112		61		120		59		76		43		47		50		65		157		175		73		111		63		125		25		120		123		56		146		54		48		189		123		69		159		112		27		36		48		83		46		50		35		151		80		91		48		47		44		149		42		4		146		47		22		80		75		55		56		139		97		27		10		71		138		119		113		84		114		100		15		85		159		7		65		81		95		36		118		96		147		159		60		0		13		83		135		158		57		141		129		47		32		29		33		68		121		70		95		65		67		110		112		95
137		136		68		72		103		49		75		82		100		19		68		79		25		99		57		146		116		102		5		85		26		160		139		60		74		121		62		106		81		48		71		54		153		150		32		102		153		33		100		22		50		71		149		137		148		99		48		117		56		73		30		34		53		52		144		162		72		98		60		122		32		117		110		43		133		51		45		176		110		56		146		99		24		49		35		70		43		37		38		138		67		78		51		34		33		136		29		17		143		44		19		67		72		52		43		136		84		24		23		68		125		116		110		87		111		87		28		76		156		20		62		68		92		23		105		93		144		146		63		13		0		96		132		145		54		128		116		34		39		26		36		65		108		65		92		52		70		97		109		92
233		94		28		88		199		71		129		178		196		105		76		145		121		195		153		104		212		198		101		11		84		118		235		132		80		217		68		202		39		138		29		150		119		246		128		74		151		63		196		118		144		161		245		181		244		195		144		75		124		33		126		130		119		148		240		258		28		194		96		182		64		87		206		139		229		73		89		272		206		152		242		195		96		47		131		166		91		133		58		234		163		174		107		130		127		232		125		79		125		112		91		163		150		96		139		166		180		76		73		64		221		134		142		135		137		183		68		168		126		76		120		164		54		119		201		101		102		242		119		83		96		0		90		241		70		224		212		130		57		82		96		47		204		153		148		148		144		193		187		76
145		4		102		60		111		83		207		132		120		151		64		57		127		107		105		14		124		110		129		101		158		28		147		72		58		129		70		138		57		180		61		152		31		158		130		30		63		153		138		154		182		73		157		93		156		149		100		15		76		59		112		108		185		156		152		170		64		118		72		94		110		15		118		139		141		81		87		184		118		144		154		107		108		133		135		142		89		101		100		146		129		130		183		144		99		144		103		135		37		88		113		189		62		80		103		78		124		108		139		64		133		46		54		219		49		165		124		80		38		136		70		76		40		131		113		39		12		154		195		135		132		90		0		153		78		136		124		146		103		106		168		67		116		197		60		84		202		105		99		40
20		153		213		153		42		170		138		63		51		136		165		96		120		46		88		143		29		43		140		230		157		135		38		109		161		24		173		69		210		111		212		91		122		27		113		167		90		178		69		123		113		80		10		74		13		80		97		168		117		208		115		111		122		93		3		17		217		49		145		59		177		154		35		102		48		168		152		31		35		89		33		46		145		194		110		75		150		108		183		15		78		67		134		111		114		9		116		162		116		129		150		120		91		145		102		75		61		165		168		177		24		107		99		150		104		96		173		73		115		165		121		77		187		122		40		140		141		43		126		158		145		241		153		0		171		17		29		111		184		159		145		194		37		128		93		93		133		48		54		165
163		82		42		18		129		5		129		108		126		73		14		75		51		125		83		92		142		128		51		59		80		106		165		62		20		147		8		132		39		102		41		80		99		176		58		48		99		75		126		76		104		91		175		111		174		125		74		63		54		37		56		60		107		78		170		188		46		124		26		112		32		63		136		69		159		3		19		202		136		82		172		125		30		55		61		96		21		63		22		164		93		104		105		66		57		162		55		57		89		42		35		111		80		26		69		96		110		30		61		14		151		64		72		141		67		113		46		98		102		58		50		94		38		53		131		39		90		172		117		57		54		70		78		171		0		154		142		68		25		28		90		23		134		119		78		78		124		123		117		38
11		136		196		136		27		153		147		72		60		119		148		79		103		43		71		126		12		26		123		213		140		118		47		92		144		15		156		78		193		120		195		92		105		36		96		150		81		161		78		106		122		63		21		65		20		89		80		151		100		191		98		94		125		96		16		34		200		58		128		50		160		137		26		85		57		151		135		48		18		84		42		35		128		177		93		82		133		91		166		10		69		70		123		94		97		8		99		145		99		112		133		129		74		128		85		64		64		148		151		160		15		90		82		159		87		105		156		56		98		148		104		60		170		105		23		123		124		52		135		141		128		224		136		17		154		0		20		94		167		142		128		177		26		137		76		76		142		33		37		148
21		124		184		124		47		141		167		92		80		111		136		67		91		63		65		114		18		38		111		201		128		106		67		80		132		35		144		98		181		140		183		112		93		56		90		138		61		149		98		114		142		51		33		45		32		109		68		139		88		179		86		82		145		116		28		46		188		78		116		30		148		125		6		99		77		139		123		60		6		104		62		55		116		165		95		102		121		79		154		22		89		90		143		104		85		28		87		133		87		100		121		149		62		116		73		46		84		136		139		148		9		78		70		179		75		125		144		44		86		136		92		48		158		93		11		111		112		72		155		129		116		212		124		29		142		20		0		106		155		130		128		165		46		157		64		64		162		53		25		136
103		150		102		86		69		63		61		48		66		25		82		93		19		65		41		160		88		68		29		119		46		174		105		74		88		87		76		72		99		34		101		20		167		116		16		116		167		67		66		12		36		85		115		151		114		65		46		131		70		97		34		38		39		18		110		128		106		64		74		136		66		131		112		9		99		65		59		142		100		22		112		65		38		83		11		36		57		45		72		104		33		44		37		2		47		102		43		51		157		58		39		43		86		66		43		150		50		54		57		82		101		130		124		73		125		53		62		90		170		54		76		82		106		15		95		107		158		112		49		47		34		130		146		111		68		94		106		0		73		48		34		83		74		51		106		62		56		63		123		106
176		107		29		43		142		20		104		121		139		48		39		88		64		138		96		117		155		141		44		46		55		131		178		75		45		160		33		145		52		81		42		93		124		189		71		73		124		50		139		61		87		104		188		124		187		138		87		88		67		44		69		73		82		91		183		201		41		137		39		125		7		88		149		82		172		22		32		215		149		95		185		138		39		30		74		109		34		76		3		177		106		117		80		73		70		175		68		32		114		55		34		106		93		39		82		109		123		19		36		39		164		87		85		116		82		126		21		111		127		33		63		107		63		62		144		64		115		185		92		32		39		57		103		184		25		167		155		73		0		25		65		36		147		96		91		91		99		136		130		63
151		110		54		46		117		23		101		96		114		45		42		63		39		113		71		120		130		116		23		71		52		134		153		50		48		135		36		120		55		74		53		68		127		164		46		76		127		47		114		48		76		79		163		111		162		113		62		91		42		49		44		48		79		66		158		176		58		112		34		100		18		91		124		57		147		25		19		190		124		70		160		113		14		35		49		84		17		51		24		152		81		92		77		48		45		150		43		29		117		30		9		83		68		26		57		110		98		6		33		42		139		90		84		113		85		101		18		86		130		30		38		82		66		37		119		67		118		160		89		29		26		82		106		159		28		142		130		48		25		0		62		39		122		91		66		66		96		111		105		66
137		172		68		108		103		85		39		82		100		17		104		115		41		99		63		182		116		102		39		85		12		196		139		96		110		121		98		106		117		42		107		54		189		150		38		138		189		33		100		22		48		107		149		173		148		99		68		153		92		109		56		60		23		52		144		162		106		98		96		158		58		153		134		43		133		87		81		176		122		56		146		99		60		49		35		70		79		67		68		138		67		78		15		34		69		136		65		33		179		80		55		67		108		88		65		172		84		60		29		104		125		152		146		51		147		87		44		112		192		32		98		104		128		37		117		129		180		146		27		33		36		96		168		145		90		128		128		34		65		62		0		101		108		57		128		84		48		97		145		128
186		71		35		41		152		24		140		131		149		84		29		98		74		148		106		81		165		151		62		36		91		95		188		85		33		170		21		155		16		113		18		103		88		199		81		37		104		86		149		87		115		114		198		134		197		148		97		52		77		14		79		83		118		101		193		211		23		147		49		135		43		52		159		92		182		26		42		225		159		105		195		148		49		66		84		119		44		86		33		187		116		127		116		83		80		185		78		68		78		65		46		122		103		49		92		119		133		41		72		17		174		87		95		152		90		136		57		121		91		69		73		117		27		72		154		54		79		195		128		68		65		47		67		194		23		177		165		83		36		39		101		0		157		130		101		101		135		146		140		29
37		116		176		116		5		133		121		46		34		99		128		59		83		17		51		106		28		8		103		193		120		114		31		72		124		13		136		52		173		94		175		66		107		42		76		130		107		141		52		86		96		43		41		91		40		63		60		131		80		171		78		74		99		70		36		54		180		32		108		76		140		117		52		65		31		131		115		68		40		58		38		9		108		157		73		56		113		71		146		32		43		44		97		74		77		28		79		125		97		92		113		103		54		108		65		90		38		128		131		140		41		70		64		133		67		79		136		36		110		128		84		40		150		85		35		103		104		38		109		121		108		204		116		37		134		26		46		74		147		122		108		157		0		111		56		56		116		11		63		128
148		201		125		137		110		114		24		65		77		48		133		144		70		94		92		211		139		119		68		142		69		225		90		125		139		122		127		59		146		17		136		45		218		101		67		167		218		90		59		43		15		136		138		202		141		48		97		182		121		138		85		89		34		41		131		113		135		79		125		187		89		182		163		58		80		116		110		119		151		53		95		102		89		106		62		55		108		96		97		143		68		67		46		53		98		129		94		74		208		109		84		10		137		117		94		201		73		89		80		133		152		181		175		22		176		32		85		141		221		77		127		133		157		66		146		158		209		89		34		70		65		153		197		128		119		137		157		51		96		91		57		130		111		0		157		113		9		104		174		157
85		60		120		60		51		77		167		92		80		111		72		13		87		63		65		54		64		50		89		137		118		68		87		32		68		69		80		98		117		140		119		112		61		98		90		74		61		113		98		114		142		21		97		45		96		109		60		75		36		115		72		68		145		116		92		110		124		78		52		34		84		61		58		99		81		75		59		124		58		104		94		55		68		101		95		102		57		61		90		86		89		90		143		104		59		84		63		95		51		48		73		149		20		52		63		44		84		72		99		84		73		24		18		179		19		125		84		20		64		96		30		24		94		91		53		47		52		94		155		95		92		148		60		93		78		76		64		106		91		66		128		101		56		157		0		44		162		53		39		72
85		88		120		60		51		77		123		48		48		67		72		31		43		47		21		98		64		50		47		137		74		112		87		16		68		69		80		54		117		96		119		68		105		98		46		74		105		85		54		70		98		23		97		89		96		65		16		75		24		115		28		24		101		72		92		110		124		46		52		74		84		69		58		55		81		75		59		124		58		60		94		47		52		101		51		58		57		17		90		86		45		46		99		60		21		84		23		69		95		36		57		105		24		52		19		88		40		72		75		84		73		68		62		135		63		81		80		28		108		72		28		20		94		47		53		47		96		94		111		65		52		148		84		93		78		76		64		62		91		66		84		101		56		113		44		0		118		45		61		72
153		206		116		142		115		119		15		70		82		51		138		149		75		99		97		216		144		124		73		133		60		230		95		130		144		127		132		64		151		22		141		50		223		106		72		172		223		81		64		48		20		141		143		207		146		53		102		187		126		143		90		94		25		46		136		118		140		84		130		192		92		187		168		63		85		121		115		128		156		58		100		107		94		97		67		60		113		101		102		148		73		72		37		58		103		134		99		67		213		114		89		19		142		122		99		206		78		94		71		138		157		186		180		17		181		39		78		146		226		68		132		138		162		71		151		163		214		98		25		67		70		144		202		133		124		142		162		56		99		96		48		135		116		9		162		118		0		109		179		162
44		105		165		105		6		122		114		39		27		88		117		48		72		10		40		107		35		15		92		182		109		121		42		61		113		24		125		45		162		87		164		59		114		53		65		119		114		130		45		75		89		32		52		98		51		56		49		120		69		160		67		63		92		63		47		65		169		25		97		83		129		106		59		54		36		120		104		79		47		51		49		2		97		146		62		49		102		60		135		41		36		37		90		63		66		39		68		114		104		81		102		96		43		97		54		97		31		117		120		129		48		77		71		126		72		72		125		37		117		117		73		29		139		74		42		92		105		49		102		110		97		193		105		48		123		33		53		63		136		111		97		146		11		104		53		45		109		0		70		117
46		99		159		99		64		116		184		109		97		128		111		42		104		80		82		89		35		55		106		176		135		81		84		55		107		52		119		115		156		157		158		129		68		73		107		113		44		130		115		131		159		38		58		28		57		126		77		114		63		154		89		85		162		133		53		71		163		95		91		13		123		100		19		116		94		114		98		85		23		121		79		72		91		140		112		119		96		78		129		47		106		107		160		121		76		45		80		112		62		75		96		166		37		91		80		27		101		111		116		123		34		53		45		196		50		142		119		33		61		113		67		41		133		108		28		86		87		89		172		112		109		187		99		54		117		37		25		123		130		105		145		140		63		174		39		61		179		70		0		111
157		44		62		20		123		43		167		102		120		111		24		69		87		119		77		54		136		122		89		65		118		68		159		56		18		141		30		126		45		140		47		112		61		170		90		10		75		113		120		114		142		85		169		105		168		119		68		25		48		43		72		68		145		116		164		182		52		118		32		106		70		25		130		99		153		41		47		196		130		104		166		119		68		93		95		102		49		61		60		158		89		98		143		104		59		156		63		95		51		48		73		149		74		40		63		90		104		68		99		24		145		58		66		179		61		125		84		92		64		96		44		88		22		91		125		25		52		166		155		95		92		76		40		165		38		148		136		106		63		66		128		29		128		157		72		72		162		117		111		0
