140
0		132		47		140		108		158		121		195		62		72		193		35		65		73		126		134		49		70		68		130		116		28		99		178		52		72		85		44		79		109		183		135		161		75		145		117		179		33		130		67		33		151		150		71		94		82		126		198		96		44		202		43		152		139		154		106		132		163		72		93		124		131		18		76		217		57		208		88		87		220		173		52		25		41		125		107		35		42		156		61		60		56		95		168		115		122		142		164		150		127		66		38		132		43		61		76		102		165		55		99		118		201		17		145		141		93		26		130		85		115		54		111		192		25		145		185		93		171		61		33		90		60		130		122		67		89		134		87		35		213		146		124		29		79		122		82		80		169		191		11
132		0		85		78		30		26		59		63		70		86		61		101		71		59		108		24		83		86		64		92		132		114		61		46		80		60		79		116		67		77		51		61		29		75		21		61		47		135		80		65		125		27		76		61		110		76		102		66		36		92		70		105		68		89		22		26		90		31		76		39		60		101		122		92		85		75		76		104		71		88		41		80		139		91		17		65		97		112		56		107		80		96		87		36		45		86		10		32		60		81		76		94		94		89		101		56		86		39		77		33		84		69		121		13		9		61		106		30		47		57		78		103		60		115		39		53		63		39		71		99		42		72		108		106		65		43		100		45		97		81		72		108		161		73		54		50		68		45		59		143
47		85		0		109		61		111		90		148		51		55		146		50		40		66		139		87		52		55		21		83		101		29		52		131		15		61		48		59		36		62		136		92		114		44		98		70		132		50		83		58		40		104		103		66		79		97		79		151		49		59		155		58		105		120		107		59		85		116		45		46		91		132		37		61		170		38		161		73		102		173		126		53		54		22		78		60		50		57		109		76		75		71		56		121		68		75		95		117		103		112		45		31		125		34		76		33		117		118		28		52		71		154		36		98		94		92		33		83		38		68		39		72		145		40		98		138		46		124		74		30		43		19		83		137		66		42		131		40		16		166		103		139		76		42		75		35		37		122		144		58
140		78		109		0		48		86		19		73		78		164		67		109		149		67		30		54		91		164		96		170		210		122		139		104		94		68		157		124		145		155		117		17		53		153		57		139		41		143		158		73		133		51		154		69		188		84		180		88		114		100		84		113		12		11		66		74		168		71		154		79		18		23		130		170		77		147		96		182		61		80		83		88		147		99		95		143		105		120		134		115		88		104		165		110		123		164		88		98		18		13		154		102		16		97		109		76		74		117		137		81		162		105		129		83		87		47		114		108		105		135		148		181		72		123		39		67		141		39		79		107		112		128		186		28		73		69		22		69		105		73		6		58		169		151		132		82		146		123		51		151
108		30		61		48		0		50		29		87		46		116		85		77		101		35		78		26		59		116		48		122		162		90		91		70		56		36		109		92		97		107		75		31		53		105		37		91		71		111		110		41		101		43		106		37		140		52		132		90		66		68		94		81		44		59		46		26		120		55		106		31		30		71		98		122		109		99		100		134		41		112		65		56		115		67		47		95		73		88		86		83		56		72		117		62		75		116		40		56		42		51		106		70		64		65		77		32		56		69		89		33		114		93		97		37		39		31		82		60		57		87		100		133		84		91		37		77		93		63		47		75		64		80		138		76		41		21		70		21		73		105		42		78		137		103		84		34		98		75		83		119
158		26		111		86		50		0		67		37		96		86		35		127		93		85		116		32		109		96		90		84		124		140		59		20		106		86		73		142		79		69		31		69		33		83		29		53		45		161		72		91		151		35		68		87		102		102		94		40		62		118		44		131		76		97		20		52		82		15		86		65		68		109		148		88		59		101		50		96		79		62		15		106		165		117		33		57		123		138		48		133		106		122		79		24		43		78		16		12		68		89		92		120		102		115		127		82		94		31		103		59		76		43		147		13		17		69		132		28		73		49		104		95		34		141		47		27		65		47		97		125		68		98		100		114		91		69		108		71		123		55		80		116		187		79		46		76		78		37		41		169
121		59		90		19		29		67		0		74		59		145		72		90		130		48		49		35		72		145		77		151		191		103		120		85		75		49		138		105		126		136		98		14		40		134		38		120		58		124		139		54		114		32		135		50		169		65		161		77		95		81		81		94		31		30		47		55		149		52		135		60		3		42		111		151		96		128		87		163		42		99		64		69		128		80		76		124		86		101		115		96		69		85		146		91		104		145		69		79		29		22		135		83		35		78		90		57		55		98		118		62		143		86		110		64		68		28		95		89		86		116		129		162		71		104		24		64		122		50		60		88		93		109		167		47		54		50		41		50		86		92		25		49		150		132		113		63		127		104		70		132
195		63		148		73		87		37		74		0		133		123		6		164		130		122		103		61		146		133		127		97		137		177		96		31		143		123		110		179		116		86		44		60		34		120		50		78		32		198		85		128		188		44		81		124		115		139		107		15		99		155		11		168		63		84		41		89		95		32		123		102		71		96		185		125		22		138		23		109		116		25		22		143		202		154		70		88		160		175		61		170		143		159		100		37		80		91		53		31		55		76		129		157		89		152		164		119		129		44		140		96		89		32		184		50		54		102		169		65		110		80		141		108		3		178		50		10		102		34		134		162		105		135		113		101		128		106		95		108		160		18		67		113		224		116		73		113		115		50		28		206
62		70		51		78		46		96		59		133		0		106		131		31		91		15		88		72		13		106		38		112		152		64		81		116		36		10		99		46		87		97		121		73		99		95		83		81		117		65		100		7		69		89		96		15		130		46		122		136		56		22		140		35		90		77		92		44		110		101		96		31		62		81		54		112		155		89		146		124		51		158		111		10		69		29		63		85		27		42		94		37		24		26		107		106		65		106		80		102		88		65		96		24		74		19		31		18		66		103		79		37		104		139		53		83		79		41		36		68		47		77		90		123		130		45		83		123		83		109		23		29		54		70		128		86		15		27		80		25		35		151		84		88		91		93		74		24		88		107		129		73
72		86		55		164		116		86		145		123		106		0		121		105		15		121		194		110		107		10		68		58		46		54		27		106		70		116		13		114		19		37		111		147		111		11		107		45		123		103		58		113		65		113		78		121		24		152		54		126		50		114		130		113		154		175		98		90		60		93		10		85		146		187		62		6		145		17		136		18		157		148		101		108		95		77		69		35		105		112		84		131		130		126		23		96		43		50		76		92		146		167		10		86		180		89		131		88		172		93		27		83		46		129		61		81		77		147		88		58		59		43		18		39		120		95		125		113		23		125		129		85		52		36		58		192		121		95		186		95		71		141		158		194		101		13		50		82		18		97		119		83
193		61		146		67		85		35		72		6		131		121		0		162		128		120		97		59		144		131		125		103		143		175		94		37		141		121		108		177		114		88		50		58		32		118		48		76		26		196		91		126		186		42		87		122		121		137		113		21		97		153		17		166		57		78		39		87		101		30		121		100		69		90		183		123		24		136		29		115		114		27		20		141		200		152		68		86		158		173		67		168		141		157		98		43		78		97		51		31		49		70		127		155		83		150		162		117		127		50		138		94		95		38		182		48		52		100		167		63		108		78		139		114		5		176		48		8		100		28		132		160		103		133		119		95		126		104		89		106		158		20		61		111		222		114		71		111		113		56		22		204
35		101		50		109		77		127		90		164		31		105		162		0		90		42		95		103		18		105		37		111		151		63		80		147		35		41		98		15		86		96		152		104		130		94		114		86		148		34		99		36		68		120		119		40		129		47		121		167		65		9		171		8		121		108		123		75		109		132		95		62		93		100		53		111		186		88		177		123		52		189		142		21		38		28		94		84		4		11		125		26		25		21		106		137		84		105		111		133		119		96		95		19		101		16		26		45		67		134		78		68		103		170		52		114		110		62		17		99		54		84		89		122		161		14		114		154		82		140		30		20		59		69		127		87		36		58		103		56		34		182		115		89		60		92		91		51		87		138		160		42
65		71		40		149		101		93		130		130		91		15		128		90		0		106		179		95		92		15		53		65		61		47		34		113		55		101		20		99		14		44		118		132		96		10		92		52		114		88		65		98		58		98		85		106		39		137		61		133		35		99		137		98		139		160		89		75		67		98		7		70		131		172		55		21		152		8		143		33		142		155		108		93		80		62		60		42		90		97		91		116		115		111		30		103		50		57		77		99		131		152		5		71		165		74		116		73		157		100		12		68		53		136		54		80		76		132		73		65		44		50		11		46		127		80		110		120		28		110		114		70		37		21		65		177		106		80		171		80		56		148		143		179		94		14		57		67		15		104		126		76
73		59		66		67		35		85		48		122		15		121		120		42		106		0		73		61		24		121		53		127		167		79		96		105		51		5		114		57		102		112		110		62		88		110		72		96		106		76		115		8		84		78		111		2		145		31		137		125		71		33		129		46		79		66		81		33		125		90		111		36		51		66		69		127		144		104		135		139		36		147		100		21		80		44		52		100		38		53		91		48		21		37		122		95		80		121		69		91		77		54		111		35		59		32		42		33		51		92		94		38		119		128		68		72		68		26		47		65		62		92		105		138		119		56		72		112		98		98		12		40		69		85		143		71		6		26		65		26		50		140		73		73		102		108		89		39		103		96		118		84
126		108		139		30		78		116		49		103		88		194		97		95		179		73		0		84		87		194		126		200		240		152		169		134		124		78		187		110		175		185		147		47		83		183		87		169		71		129		188		81		157		81		184		73		218		70		210		118		144		86		114		99		40		19		96		104		198		101		184		109		48		7		142		200		105		177		126		212		47		100		113		86		133		117		125		173		91		106		164		101		74		90		195		140		153		194		118		128		48		27		184		108		14		105		95		106		60		147		167		111		192		135		141		113		117		47		106		138		135		165		178		211		102		109		69		97		171		69		65		109		142		158		216		12		73		99		8		99		123		87		36		44		155		181		162		112		176		153		75		137
134		24		87		54		26		32		35		61		72		110		59		103		95		61		84		0		85		110		66		116		156		116		85		50		82		62		103		118		91		101		63		37		27		99		11		85		45		137		104		67		127		17		100		63		134		78		126		64		60		94		68		107		44		65		20		28		114		29		100		41		36		77		124		116		83		93		74		128		55		86		39		82		141		93		41		89		99		114		80		109		82		98		111		56		69		110		34		44		36		57		100		96		70		91		103		58		68		63		83		35		108		67		123		29		33		41		108		54		51		81		94		127		58		117		15		51		87		37		73		101		58		74		132		82		67		45		76		47		99		79		48		84		163		97		78		52		92		69		57		145
49		83		52		91		59		109		72		146		13		107		144		18		92		24		87		85		0		107		39		113		153		65		82		129		37		23		100		33		88		98		134		86		112		96		96		82		130		52		101		18		70		102		101		22		131		45		123		149		57		9		153		22		103		90		105		57		111		114		97		44		75		82		55		113		168		90		159		125		50		171		124		3		56		30		76		86		14		29		107		24		23		19		108		119		66		107		93		115		101		78		97		21		83		18		24		27		65		116		80		50		105		152		54		96		92		44		23		81		48		78		91		124		143		32		96		136		84		122		22		22		55		71		129		85		18		40		85		38		36		164		97		87		78		94		75		33		89		120		142		60
70		86		55		164		116		96		145		133		106		10		131		105		15		121		194		110		107		0		68		68		46		44		37		116		70		116		23		114		19		47		121		147		111		13		107		55		123		103		68		113		55		113		88		121		24		152		64		136		50		114		140		113		154		175		98		90		70		101		10		85		146		187		52		8		155		17		146		26		157		158		111		108		95		77		69		45		105		112		94		131		130		126		33		106		53		60		80		102		146		167		10		86		180		89		131		88		172		103		27		83		56		139		53		83		79		147		88		68		59		53		16		49		130		95		125		123		31		125		129		85		52		36		68		192		121		95		186		95		71		151		158		194		91		17		60		82		18		107		129		73
68		64		21		96		48		90		77		127		38		68		125		37		53		53		126		66		39		68		0		74		114		50		43		110		16		48		61		52		49		59		115		79		93		57		77		49		111		71		62		45		61		83		82		53		92		84		84		130		28		46		134		45		86		107		86		38		72		95		58		25		78		119		58		74		149		51		140		86		89		152		105		40		75		27		57		47		37		48		88		63		62		58		69		100		47		68		74		96		82		99		58		30		112		25		63		20		104		97		41		31		66		133		57		77		73		79		42		62		17		47		52		85		124		51		77		117		45		103		61		35		22		32		90		124		53		27		118		27		33		145		90		126		97		55		54		14		50		101		123		79
130		92		83		170		122		84		151		97		112		58		103		111		65		127		200		116		113		68		74		0		40		112		31		66		78		122		45		120		51		21		53		153		117		55		113		31		129		133		12		119		123		119		20		127		50		158		10		82		56		120		86		119		160		181		104		96		2		99		58		91		152		193		120		60		95		73		78		42		163		100		87		114		137		89		75		27		111		118		36		137		136		132		35		60		47		8		82		72		152		173		64		92		186		95		137		94		178		53		75		89		12		71		119		87		83		153		104		62		65		35		76		19		98		113		131		103		37		131		135		97		58		70		16		198		127		101		192		101		95		113		164		200		159		51		38		88		50		47		125		141
116		132		101		210		162		124		191		137		152		46		143		151		61		167		240		156		153		46		114		40		0		88		71		106		116		162		53		160		65		55		93		193		157		57		153		71		169		149		52		159		89		159		56		167		22		198		30		122		96		160		126		159		200		221		144		136		42		139		56		131		192		233		98		40		135		63		114		28		203		140		127		154		141		123		115		67		151		158		76		177		176		172		45		100		87		46		122		112		192		213		56		132		226		135		177		134		218		93		73		129		48		105		99		127		123		193		134		102		105		75		62		29		138		141		171		143		69		171		175		131		98		82		34		238		167		141		232		141		117		153		204		240		129		59		78		128		64		87		165		115
28		114		29		122		90		140		103		177		64		54		175		63		47		79		152		116		65		44		50		112		88		0		81		160		34		74		67		72		61		91		165		117		143		57		127		99		161		61		112		71		11		133		132		79		66		110		108		180		78		72		184		71		134		133		136		88		114		145		54		75		106		145		10		52		199		39		190		70		115		202		155		66		53		35		107		89		63		70		138		89		88		84		77		150		97		104		124		146		132		125		48		44		138		47		89		58		130		147		37		81		100		183		11		127		123		105		46		112		67		97		36		93		174		53		127		167		75		153		87		43		72		42		112		150		79		71		144		69		29		195		128		152		47		61		104		64		62		151		173		29
99		61		52		139		91		59		120		96		81		27		94		80		34		96		169		85		82		37		43		31		71		81		0		79		47		91		18		89		20		16		84		122		86		24		82		18		98		102		31		88		92		88		51		96		49		127		41		99		25		89		103		88		129		150		73		65		33		68		27		60		121		162		89		31		118		42		109		43		132		121		74		83		106		58		44		8		80		87		57		106		105		101		26		69		16		25		51		65		121		142		33		61		155		64		106		63		147		66		44		58		23		102		88		56		52		122		73		31		34		16		45		42		93		82		100		86		6		100		104		66		27		39		47		167		96		70		161		70		64		114		133		169		128		20		23		57		19		70		94		110
178		46		131		104		70		20		85		31		116		106		37		147		113		105		134		50		129		116		110		66		106		160		79		0		126		106		93		162		99		69		13		87		51		103		47		61		63		181		54		111		171		53		50		107		98		122		76		20		82		138		24		151		94		115		38		72		64		33		106		85		86		127		168		108		39		121		30		90		99		42		21		126		185		137		53		71		143		158		30		153		126		142		83		10		63		60		36		14		86		107		112		140		120		135		147		102		112		13		123		79		60		23		167		33		37		87		152		48		93		63		124		77		32		161		65		37		85		65		117		145		88		118		82		132		111		89		126		91		143		47		98		134		207		99		56		96		98		19		59		189
52		80		15		94		56		106		75		143		36		70		141		35		55		51		124		82		37		70		16		78		116		34		47		126		0		46		63		44		51		61		131		83		109		59		93		65		127		55		78		43		45		99		98		51		94		82		86		146		44		44		150		43		100		105		102		54		80		111		60		41		76		117		42		76		165		53		156		88		87		168		121		38		59		11		73		55		35		42		104		61		60		56		71		116		63		70		90		112		98		97		60		16		110		19		61		24		102		113		43		47		68		149		41		93		89		77		26		78		33		63		54		87		140		35		93		133		47		119		59		19		38		34		92		122		51		37		116		35		17		161		94		124		81		57		70		30		52		117		139		63
72		60		61		68		36		86		49		123		10		116		121		41		101		5		78		62		23		116		48		122		162		74		91		106		46		0		109		56		97		107		111		63		89		105		73		91		107		75		110		5		79		79		106		5		140		36		132		126		66		32		130		45		80		67		82		34		120		91		106		31		52		71		64		122		145		99		136		134		41		148		101		20		79		39		53		95		37		52		86		47		20		36		117		96		75		116		70		92		78		55		106		34		64		29		41		28		56		93		89		33		114		129		63		73		69		31		46		60		57		87		100		133		120		55		73		113		93		99		13		39		64		80		138		76		5		21		70		21		45		141		74		78		101		103		84		34		98		97		119		83
85		79		48		157		109		73		138		110		99		13		108		98		20		114		187		103		100		23		61		45		53		67		18		93		63		109		0		107		12		24		98		140		104		10		100		32		116		96		45		106		78		106		65		114		31		145		41		113		43		107		117		106		147		168		91		83		47		86		13		78		139		180		75		15		132		28		123		25		150		135		88		101		92		70		62		22		98		105		71		124		123		119		10		83		34		37		69		79		139		160		19		79		173		82		124		81		165		80		30		76		33		116		74		74		70		140		81		49		52		30		31		26		107		88		118		100		16		118		122		78		45		29		45		185		114		88		179		88		64		128		151		187		114		6		37		75		11		84		112		96
44		116		59		124		92		142		105		179		46		114		177		15		99		57		110		118		33		114		52		120		160		72		89		162		44		56		107		0		95		105		167		119		145		103		129		101		163		19		114		51		77		135		134		55		138		40		130		182		80		24		186		11		136		123		138		90		118		147		104		77		108		115		62		120		201		97		192		132		63		204		157		36		23		37		109		93		19		4		140		17		36		20		115		152		99		114		126		148		134		111		104		28		116		27		17		60		58		149		87		83		112		185		61		129		125		77		26		114		69		99		98		131		176		19		129		169		91		155		45		29		74		78		136		98		51		73		118		71		43		197		130		80		45		101		106		66		96		153		175		45
79		67		36		145		97		79		126		116		87		19		114		86		14		102		175		91		88		19		49		51		65		61		20		99		51		97		12		95		0		30		104		128		92		8		88		38		104		84		51		94		72		94		71		102		43		133		47		119		31		95		123		94		135		156		79		71		53		84		9		66		127		168		69		25		138		22		129		37		138		141		94		89		86		58		50		28		86		93		77		112		111		107		20		89		36		43		63		85		127		148		13		67		161		70		112		69		153		86		24		64		39		122		68		66		62		128		69		51		40		36		25		36		113		76		106		106		14		106		110		66		33		19		51		173		102		76		167		76		52		134		139		175		108		6		43		63		1		90		112		90
109		77		62		155		107		69		136		86		97		37		88		96		44		112		185		101		98		47		59		21		55		91		16		69		61		107		24		105		30		0		74		138		102		34		98		16		114		112		21		104		102		104		41		112		33		143		25		89		41		105		93		104		145		166		89		81		23		84		37		76		137		178		99		39		108		52		99		27		148		111		72		99		116		68		60		12		96		103		47		122		121		117		14		59		32		13		67		57		137		158		43		77		171		80		122		79		163		56		54		74		9		92		98		72		68		138		83		47		50		20		55		26		83		92		116		88		16		116		120		76		43		49		31		183		112		86		177		86		74		104		149		185		138		30		23		73		29		60		110		120
183		51		136		117		75		31		98		44		121		111		50		152		118		110		147		63		134		121		115		53		93		165		84		13		131		111		98		167		104		74		0		100		64		108		60		66		76		186		53		116		176		66		37		112		103		127		63		29		87		143		33		156		107		128		51		77		51		46		111		90		99		140		173		113		42		126		25		95		110		47		34		131		190		142		58		76		148		163		27		158		131		147		88		15		68		61		41		19		99		120		117		145		133		140		152		107		125		18		128		84		65		18		172		38		42		100		157		53		98		68		129		72		45		166		78		50		90		78		122		150		93		123		69		145		116		94		139		96		148		60		111		147		212		104		61		101		103		14		72		194
135		61		92		17		31		69		14		60		73		147		58		104		132		62		47		37		86		147		79		153		193		117		122		87		83		63		140		119		128		138		100		0		36		136		40		122		44		138		141		68		128		34		137		64		171		79		163		71		97		95		67		108		17		28		49		57		151		54		137		62		11		40		125		153		82		130		79		165		56		85		66		83		142		94		78		126		100		115		117		110		83		99		148		93		106		147		71		81		15		20		137		97		33		92		104		59		69		100		120		64		145		88		124		66		70		42		109		91		88		118		131		164		57		118		22		50		124		36		74		102		95		111		169		45		68		52		39		52		100		78		11		53		164		134		115		65		129		106		56		146
161		29		114		53		53		33		40		34		99		111		32		130		96		88		83		27		112		111		93		117		157		143		86		51		109		89		104		145		92		102		64		36		0		100		16		86		18		164		105		94		154		10		101		90		135		105		127		37		65		121		41		134		43		64		13		55		115		18		101		68		37		76		151		117		56		104		47		129		82		59		30		109		168		120		42		90		126		141		81		136		109		125		112		57		70		111		35		45		35		56		101		123		69		118		130		85		95		64		106		62		109		52		150		30		34		68		135		55		76		82		107		128		31		144		16		24		88		14		100		128		71		101		133		81		94		72		75		74		126		52		47		83		190		98		79		79		93		70		30		172
75		75		44		153		105		83		134		120		95		11		118		94		10		110		183		99		96		13		57		55		57		57		24		103		59		105		10		103		8		34		108		136		100		0		96		42		112		92		55		102		68		102		75		110		35		141		51		123		39		103		127		102		143		164		87		79		57		88		3		74		135		176		65		17		142		18		133		29		146		145		98		97		84		66		58		32		94		101		81		120		119		115		20		93		40		47		67		89		135		156		9		75		169		78		120		77		161		90		20		72		43		126		64		70		66		136		77		55		48		40		21		36		117		84		114		110		18		114		118		74		41		25		55		181		110		84		175		84		60		138		147		183		104		4		47		71		7		94		116		86
145		21		98		57		37		29		38		50		83		107		48		114		92		72		87		11		96		107		77		113		153		127		82		47		93		73		100		129		88		98		60		40		16		96		0		82		34		148		101		78		138		6		97		74		131		89		123		53		57		105		57		118		47		68		9		39		111		18		97		52		39		80		135		113		72		90		63		125		66		75		28		93		152		104		38		86		110		125		77		120		93		109		108		53		66		107		31		41		39		60		97		107		73		102		114		69		79		60		90		46		105		56		134		26		30		52		119		51		60		78		91		124		47		128		18		40		84		26		84		112		55		85		129		85		78		56		79		58		110		68		51		87		174		94		75		63		89		66		46		156
117		61		70		139		91		53		120		78		81		45		76		86		52		96		169		85		82		55		49		31		71		99		18		61		65		91		32		101		38		16		66		122		86		42		82		0		98		120		19		88		110		88		33		96		49		127		41		81		25		89		85		90		129		150		73		65		29		68		45		60		121		162		107		47		100		60		91		43		132		103		56		83		124		76		44		10		82		97		39		106		105		101		26		51		16		25		51		47		121		142		51		79		155		74		106		63		147		48		62		58		23		84		106		56		52		122		91		31		34		4		63		42		75		100		100		72		24		100		104		84		27		57		47		167		96		70		161		70		82		96		133		169		146		38		7		57		37		52		94		128
179		47		132		41		71		45		58		32		117		123		26		148		114		106		71		45		130		123		111		129		169		161		98		63		127		107		116		163		104		114		76		44		18		112		34		98		0		182		117		112		172		28		113		108		147		123		139		47		83		139		43		152		31		52		25		73		127		30		113		86		55		64		169		129		38		122		55		141		100		41		42		127		186		138		54		102		144		159		93		154		127		143		124		69		82		123		47		57		29		52		113		141		57		136		148		103		113		76		124		80		121		64		168		42		46		86		153		67		94		94		125		140		31		162		34		26		100		8		118		146		89		119		145		69		112		90		63		92		144		34		35		97		208		110		91		97		105		82		12		190
33		135		50		143		111		161		124		198		65		103		196		34		88		76		129		137		52		103		71		133		149		61		102		181		55		75		96		19		84		112		186		138		164		92		148		120		182		0		133		70		66		154		153		74		127		59		129		201		99		43		205		30		155		142		157		109		135		166		93		96		127		134		51		109		220		86		211		121		82		223		176		55		8		44		128		110		38		23		159		28		55		39		104		171		118		125		145		167		153		130		93		41		135		46		34		79		69		168		76		102		121		204		50		148		144		96		29		133		88		118		87		120		195		20		148		188		96		174		64		36		93		67		133		117		70		92		137		90		38		216		149		91		26		90		125		85		85		172		194		34
130		80		83		158		110		72		139		85		100		58		91		99		65		115		188		104		101		68		62		12		52		112		31		54		78		110		45		114		51		21		53		141		105		55		101		19		117		133		0		107		123		107		20		115		50		146		22		70		44		108		74		107		148		169		92		84		10		87		58		79		140		181		120		60		87		73		78		42		151		90		75		102		137		89		63		23		99		110		26		125		124		120		35		48		35		8		70		60		140		161		64		92		174		87		125		82		166		41		75		77		12		71		119		75		71		141		104		50		53		23		76		23		86		113		119		91		37		119		123		97		46		70		28		186		115		89		180		89		95		101		152		188		159		51		26		76		50		39		113		141
67		65		58		73		41		91		54		128		7		113		126		36		98		8		81		67		18		113		45		119		159		71		88		111		43		5		106		51		94		104		116		68		94		102		78		88		112		70		107		0		76		84		103		8		137		39		129		131		63		27		135		40		85		72		87		39		117		96		103		28		57		74		61		119		150		96		141		131		44		153		106		15		74		36		58		92		32		47		89		42		17		31		114		101		72		113		75		97		83		60		103		29		67		24		36		25		59		98		86		32		111		134		60		78		74		34		41		63		54		84		97		130		125		50		78		118		90		104		16		34		61		77		135		79		8		22		73		20		42		146		79		81		96		100		81		31		95		102		124		78
33		125		40		133		101		151		114		188		69		65		186		68		58		84		157		127		70		55		61		123		89		11		92		171		45		79		78		77		72		102		176		128		154		68		138		110		172		66		123		76		0		144		143		84		73		115		119		191		89		77		195		76		145		138		147		99		125		156		65		86		117		150		15		63		210		50		201		81		120		213		166		71		58		40		118		100		68		75		149		94		93		89		88		161		108		115		135		157		143		130		59		49		143		52		94		69		135		158		48		92		111		194		16		138		134		110		51		123		78		108		47		104		185		58		138		178		86		164		92		48		83		53		123		155		84		82		149		80		34		206		139		157		46		72		115		75		73		162		184		32
151		27		104		51		43		35		32		44		89		113		42		120		98		78		81		17		102		113		83		119		159		133		88		53		99		79		106		135		94		104		66		34		10		102		6		88		28		154		107		84		144		0		103		80		137		95		129		47		63		111		51		124		41		62		15		45		117		20		103		58		33		74		141		119		66		96		57		131		72		69		32		99		158		110		44		92		116		131		83		126		99		115		114		59		72		113		37		47		33		54		103		113		67		108		120		75		85		66		96		52		111		54		140		32		36		58		125		57		66		84		97		130		41		134		12		34		90		20		90		118		61		91		135		79		84		62		73		64		116		62		45		81		180		100		81		69		95		72		40		162
150		76		103		154		106		68		135		81		96		78		87		119		85		111		184		100		101		88		82		20		56		132		51		50		98		106		65		134		71		41		37		137		101		75		97		33		113		153		20		103		143		103		0		111		70		142		26		66		54		110		70		123		144		165		88		80		18		83		78		75		136		177		140		80		79		93		58		62		147		84		71		98		157		109		59		43		115		130		20		125		120		116		55		44		35		28		66		56		136		157		84		112		170		107		121		78		162		37		95		73		32		51		139		71		67		137		124		46		65		35		96		39		82		133		115		87		57		115		119		117		60		90		32		182		111		85		176		85		115		97		148		184		179		71		28		72		70		31		109		161
71		61		66		69		37		87		50		124		15		121		122		40		106		2		73		63		22		121		53		127		167		79		96		107		51		5		114		55		102		112		112		64		90		110		74		96		108		74		115		8		84		80		111		0		145		31		137		127		71		31		131		44		81		68		83		35		125		92		111		36		53		66		69		127		146		104		137		139		36		149		102		19		78		44		54		100		36		51		91		46		19		35		122		97		80		121		71		93		79		56		111		35		61		32		40		33		51		94		94		38		119		130		68		74		70		26		45		65		62		92		105		138		121		54		74		114		98		100		10		38		69		85		143		71		4		26		65		26		50		142		75		73		100		108		89		39		103		98		120		82
94		110		79		188		140		102		169		115		130		24		121		129		39		145		218		134		131		24		92		50		22		66		49		98		94		140		31		138		43		33		103		171		135		35		131		49		147		127		50		137		73		137		70		145		0		176		46		118		74		138		122		137		178		199		122		114		52		117		34		109		170		211		76		18		137		41		128		8		181		140		105		132		119		101		93		45		129		136		76		155		154		150		23		88		65		42		100		90		170		191		34		110		204		113		155		112		196		85		51		107		38		121		77		105		101		171		112		80		83		53		40		31		116		119		149		121		47		149		153		109		76		60		50		216		145		119		210		119		95		133		182		218		109		37		56		106		42		89		143		93
82		76		97		84		52		102		65		139		46		152		137		47		137		31		70		78		45		152		84		158		198		110		127		122		82		36		145		40		133		143		127		79		105		141		89		127		123		59		146		39		115		95		142		31		176		0		168		142		102		38		146		39		96		83		98		62		156		107		142		67		68		75		100		158		161		135		152		170		23		164		117		44		63		75		83		131		47		40		122		31		22		26		153		112		111		152		86		108		94		71		142		66		76		63		25		64		20		109		125		69		150		145		99		89		85		37		64		96		93		123		136		169		136		57		89		129		129		115		23		67		100		116		174		58		31		57		78		57		81		157		90		42		85		139		120		70		134		113		135		83
126		102		79		180		132		94		161		107		122		54		113		121		61		137		210		126		123		64		84		10		30		108		41		76		86		132		41		130		47		25		63		163		127		51		123		41		139		129		22		129		119		129		26		137		46		168		0		92		66		130		96		129		170		191		114		106		12		109		54		101		162		203		116		56		105		69		84		38		173		110		97		124		133		93		85		37		121		128		46		147		146		142		31		70		57		16		92		82		162		183		60		102		196		105		147		104		188		63		71		99		18		75		115		97		93		163		104		72		75		45		72		15		108		111		141		113		39		141		145		101		68		66		6		208		137		111		202		111		91		123		174		210		155		47		48		98		46		57		135		137
198		66		151		88		90		40		77		15		136		126		21		167		133		125		118		64		149		136		130		82		122		180		99		20		146		126		113		182		119		89		29		71		37		123		53		81		47		201		70		131		191		47		66		127		118		142		92		0		102		158		4		171		78		99		44		92		80		35		126		105		74		111		188		128		19		141		10		110		119		22		25		146		205		157		73		91		163		178		46		173		146		162		103		30		83		76		56		34		70		91		132		160		104		155		167		122		132		33		143		99		80		17		187		53		57		105		172		68		113		83		144		93		16		181		53		21		105		49		137		165		108		138		98		116		131		109		110		111		163		31		82		118		227		119		76		116		118		35		43		209
96		36		49		114		66		62		95		99		56		50		97		65		35		71		144		60		57		50		28		56		96		78		25		82		44		66		43		80		31		41		87		97		65		39		57		25		83		99		44		63		89		63		54		71		74		102		66		102		0		64		106		69		104		125		58		40		54		67		40		35		96		137		86		56		121		39		112		68		107		124		77		58		103		55		29		29		61		76		60		81		80		76		51		72		19		50		46		68		96		117		40		58		130		53		81		38		122		69		41		33		48		105		85		49		45		97		70		34		11		21		42		67		96		79		75		89		27		75		79		63		6		36		72		142		71		45		136		45		61		117		108		144		125		37		26		32		32		73		95		107
44		92		59		100		68		118		81		155		22		114		153		9		99		33		86		94		9		114		46		120		160		72		89		138		44		32		107		24		95		105		143		95		121		103		105		89		139		43		108		27		77		111		110		31		138		38		130		158		64		0		162		13		112		99		114		66		118		123		104		53		84		91		62		120		177		97		168		132		43		180		133		12		47		37		85		93		9		20		116		17		16		12		115		128		75		114		102		124		110		87		104		28		92		25		17		36		58		125		87		59		112		161		61		105		101		53		26		90		55		85		98		131		152		23		105		145		91		131		21		29		62		78		136		78		27		49		94		47		43		173		106		80		69		101		82		42		96		129		151		51
202		70		155		84		94		44		81		11		140		130		17		171		137		129		114		68		153		140		134		86		126		184		103		24		150		130		117		186		123		93		33		67		41		127		57		85		43		205		74		135		195		51		70		131		122		146		96		4		106		162		0		175		74		95		48		96		84		39		130		109		78		107		192		132		15		145		12		114		123		18		29		150		209		161		77		95		167		182		50		177		150		166		107		34		87		80		60		38		66		87		136		164		100		159		171		126		136		37		147		103		84		21		191		57		61		109		176		72		117		87		148		97		12		185		57		17		109		45		141		169		112		142		102		112		135		113		106		115		167		27		78		120		231		123		80		120		122		39		39		213
43		105		58		113		81		131		94		168		35		113		166		8		98		46		99		107		22		113		45		119		159		71		88		151		43		45		106		11		94		104		156		108		134		102		118		90		152		30		107		40		76		124		123		44		137		39		129		171		69		13		175		0		125		112		127		79		117		136		103		66		97		104		61		119		190		96		181		131		52		193		146		25		34		36		98		92		8		7		129		18		25		13		114		141		88		113		115		137		123		100		103		27		105		24		18		49		59		138		86		72		111		174		60		118		114		66		25		103		58		88		97		130		165		18		118		158		90		144		34		28		63		77		135		87		40		62		107		60		42		186		119		81		56		100		95		55		95		142		164		44
152		68		105		12		44		76		31		63		90		154		57		121		139		79		40		44		103		154		86		160		200		134		129		94		100		80		147		136		135		145		107		17		43		143		47		129		31		155		148		85		145		41		144		81		178		96		170		78		104		112		74		125		0		21		56		64		158		61		144		69		28		33		142		160		65		137		86		172		73		68		73		100		159		111		85		133		117		132		124		127		100		116		155		100		113		154		78		88		8		25		144		114		26		109		121		76		86		107		127		71		152		95		141		73		77		59		126		98		95		125		138		171		62		135		29		57		131		29		91		119		102		118		176		38		85		63		32		65		117		61		6		70		181		141		122		72		136		113		39		163
139		89		120		11		59		97		30		84		77		175		78		108		160		66		19		65		90		175		107		181		221		133		150		115		105		67		168		123		156		166		128		28		64		164		68		150		52		142		169		72		138		62		165		68		199		83		191		99		125		99		95		112		21		0		77		85		179		82		165		90		29		12		129		181		86		158		107		193		60		81		94		87		146		98		106		154		104		119		145		114		87		103		176		121		134		175		99		109		29		12		165		101		7		96		108		87		73		128		148		92		173		116		128		94		98		46		113		119		116		146		159		192		83		122		50		78		152		50		78		106		123		139		197		25		72		80		11		80		104		74		17		57		168		162		143		93		157		134		56		150
154		22		107		66		46		20		47		41		92		98		39		123		89		81		96		20		105		98		86		104		144		136		73		38		102		82		91		138		79		89		51		49		13		87		9		73		25		157		92		87		147		15		88		83		122		98		114		44		58		114		48		127		56		77		0		48		102		9		88		61		48		89		144		104		63		97		54		116		75		66		19		102		161		113		29		77		119		134		68		129		102		118		99		44		57		98		22		32		48		69		88		116		82		111		123		78		88		51		99		55		96		47		143		17		21		61		128		42		69		69		100		115		38		137		27		31		75		27		93		121		64		94		120		94		87		65		88		67		119		59		60		96		183		85		66		72		80		57		37		165
106		26		59		74		26		52		55		89		44		90		87		75		75		33		104		28		57		90		38		96		136		88		65		72		54		34		83		90		71		81		77		57		55		79		39		65		73		109		84		39		99		45		80		35		114		62		106		92		40		66		96		79		64		85		48		0		94		57		80		13		56		97		96		96		111		73		102		108		67		114		67		54		113		65		21		69		71		86		60		81		54		70		91		62		49		90		36		58		56		77		80		68		90		63		75		30		82		59		63		7		88		95		95		39		35		57		80		34		31		61		74		107		86		89		39		79		67		65		45		73		38		54		112		102		39		17		96		19		71		107		68		104		135		77		58		24		72		63		85		117
132		90		85		168		120		82		149		95		110		60		101		109		67		125		198		114		111		70		72		2		42		114		33		64		80		120		47		118		53		23		51		151		115		57		111		29		127		135		10		117		125		117		18		125		52		156		12		80		54		118		84		117		158		179		102		94		0		97		60		89		150		191		122		62		93		75		76		44		161		98		85		112		139		91		73		25		109		116		34		135		134		130		37		58		45		10		80		70		150		171		66		94		184		93		135		92		176		51		77		87		14		69		121		85		81		151		106		60		63		33		78		21		96		115		129		101		39		129		133		99		56		72		18		196		125		99		190		99		97		111		162		198		161		53		36		86		52		45		123		143
163		31		116		71		55		15		52		32		101		93		30		132		98		90		101		29		114		101		95		99		139		145		68		33		111		91		86		147		84		84		46		54		18		88		18		68		30		166		87		96		156		20		83		92		117		107		109		35		67		123		39		136		61		82		9		57		97		0		91		70		53		94		153		99		54		106		45		111		84		57		12		111		170		122		38		72		128		143		63		138		111		127		94		39		52		93		21		27		53		74		97		125		87		120		132		87		97		46		108		64		91		38		152		18		22		70		137		37		78		64		109		110		29		146		32		22		70		32		102		130		73		103		115		99		96		74		93		76		128		50		65		101		192		84		61		81		83		52		28		174
72		76		45		154		106		86		135		123		96		10		121		95		7		111		184		100		97		10		58		58		56		54		27		106		60		106		13		104		9		37		111		137		101		3		97		45		113		93		58		103		65		103		78		111		34		142		54		126		40		104		130		103		144		165		88		80		60		91		0		75		136		177		62		16		145		15		136		28		147		148		101		98		85		67		59		35		95		102		84		121		120		116		23		96		43		50		70		92		136		157		6		76		170		79		121		78		162		93		17		73		46		129		61		73		69		137		78		58		49		43		18		39		120		85		115		113		21		115		119		75		42		26		58		182		111		85		176		85		61		141		148		184		101		7		50		72		8		97		119		83
93		39		46		79		31		65		60		102		31		85		100		62		70		36		109		41		44		85		25		91		131		75		60		85		41		31		78		77		66		76		90		62		68		74		52		60		86		96		79		28		86		58		75		36		109		67		101		105		35		53		109		66		69		90		61		13		89		70		75		0		61		102		83		91		124		68		115		103		72		127		80		41		100		52		32		64		58		73		63		68		45		57		86		75		44		85		49		71		61		82		75		55		95		50		62		17		87		72		58		6		83		108		82		52		48		62		67		37		26		56		69		102		99		76		52		92		62		78		44		60		33		49		107		107		36		10		101		10		58		120		73		109		122		72		53		11		67		76		98		104
124		60		91		18		30		68		3		71		62		146		69		93		131		51		48		36		75		146		78		152		192		106		121		86		76		52		139		108		127		137		99		11		37		135		39		121		55		127		140		57		117		33		136		53		170		68		162		74		96		84		78		97		28		29		48		56		150		53		136		61		0		41		114		152		93		129		84		164		45		96		65		72		131		83		77		125		89		104		116		99		72		88		147		92		105		146		70		80		26		21		136		86		34		81		93		58		58		99		119		63		144		87		113		65		69		31		98		90		87		117		130		163		68		107		21		61		123		47		63		91		94		110		168		46		57		51		40		51		89		89		22		48		153		133		114		64		128		105		67		135
131		101		132		23		71		109		42		96		81		187		90		100		172		66		7		77		82		187		119		193		233		145		162		127		117		71		180		115		168		178		140		40		76		176		80		162		64		134		181		74		150		74		177		66		211		75		203		111		137		91		107		104		33		12		89		97		191		94		177		102		41		0		135		193		98		170		119		205		52		93		106		79		138		110		118		166		96		111		157		106		79		95		188		133		146		187		111		121		41		20		177		101		7		98		100		99		65		140		160		104		185		128		134		106		110		40		105		131		128		158		171		204		95		114		62		90		164		62		70		102		135		151		209		17		66		92		3		92		116		82		29		49		160		174		155		105		169		146		68		142
18		122		37		130		98		148		111		185		54		62		183		53		55		69		142		124		55		52		58		120		98		10		89		168		42		64		75		62		69		99		173		125		151		65		135		107		169		51		120		61		15		141		140		69		76		100		116		188		86		62		192		61		142		129		144		96		122		153		62		83		114		135		0		60		207		47		198		78		105		210		163		56		43		31		115		97		53		60		146		79		78		74		85		158		105		112		132		154		140		117		56		34		128		37		79		66		120		155		45		89		108		191		1		135		131		95		36		120		75		105		44		101		182		43		135		175		83		161		77		33		80		50		120		140		69		79		134		77		25		203		136		142		39		69		112		72		70		159		181		21
76		92		61		170		122		88		151		125		112		6		123		111		21		127		200		116		113		8		74		60		40		52		31		108		76		122		15		120		25		39		113		153		117		17		113		47		129		109		60		119		63		119		80		127		18		158		56		128		56		120		132		119		160		181		104		96		62		99		16		91		152		193		60		0		147		23		138		18		163		150		103		114		101		83		75		37		111		118		86		137		136		132		25		98		47		52		82		94		152		173		16		92		186		95		137		94		178		95		33		89		48		131		59		87		83		153		94		62		65		45		22		41		122		101		131		115		29		131		135		91		58		42		60		198		127		101		192		101		77		143		164		200		99		19		52		88		24		99		125		81
217		85		170		77		109		59		96		22		155		145		24		186		152		144		105		83		168		155		149		95		135		199		118		39		165		145		132		201		138		108		42		82		56		142		72		100		38		220		87		150		210		66		79		146		137		161		105		19		121		177		15		190		65		86		63		111		93		54		145		124		93		98		207		147		0		160		21		129		138		5		44		165		224		176		92		110		182		197		61		192		165		181		122		49		102		95		75		53		67		90		151		179		91		174		186		141		151		52		162		118		99		30		206		72		76		124		191		87		132		102		163		106		25		200		72		32		124		46		156		184		127		157		111		103		150		128		97		130		182		18		71		135		246		138		95		135		137		48		30		228
57		75		38		147		99		101		128		138		89		17		136		88		8		104		177		93		90		17		51		73		63		39		42		121		53		99		28		97		22		52		126		130		104		18		90		60		122		86		73		96		50		96		93		104		41		135		69		141		39		97		145		96		137		158		97		73		75		106		15		68		129		170		47		23		160		0		151		35		140		163		116		91		78		60		68		50		88		95		99		114		113		109		38		111		58		65		85		107		129		150		9		69		163		72		114		71		155		108		10		66		61		144		46		88		84		130		71		73		42		58		3		54		135		78		108		128		36		114		112		68		35		19		73		175		104		78		169		78		54		156		141		177		86		22		65		65		23		112		134		68
208		76		161		96		100		50		87		23		146		136		29		177		143		135		126		74		159		146		140		78		114		190		109		30		156		136		123		192		129		99		25		79		47		133		63		91		55		211		78		141		201		57		58		137		128		152		84		10		112		168		12		181		86		107		54		102		76		45		136		115		84		119		198		138		21		151		0		120		129		26		35		156		215		167		83		101		173		188		52		183		156		172		113		40		93		86		66		44		78		99		142		170		112		165		177		132		142		43		153		109		90		9		197		63		67		115		182		78		123		93		154		97		24		191		63		29		115		57		147		175		118		148		90		124		141		119		118		121		173		39		90		126		237		129		86		126		128		39		51		219
88		104		73		182		134		96		163		109		124		18		115		123		33		139		212		128		125		26		86		42		28		70		43		90		88		134		25		132		37		27		95		165		129		29		125		43		141		121		42		131		81		131		62		139		8		170		38		110		68		132		114		131		172		193		116		108		44		111		28		103		164		205		78		18		129		35		120		0		175		132		99		126		113		95		87		39		123		130		68		149		148		144		17		80		59		34		94		84		164		185		28		104		198		107		149		106		190		77		45		101		30		113		77		99		95		165		106		74		77		47		34		23		110		113		143		115		41		143		147		103		70		54		42		210		139		113		204		113		89		125		176		212		117		31		50		100		36		81		137		99
87		71		102		61		41		79		42		116		51		157		114		52		142		36		47		55		50		157		89		163		203		115		132		99		87		41		150		63		138		148		110		56		82		146		66		132		100		82		151		44		120		72		147		36		181		23		173		119		107		43		123		52		73		60		75		67		161		84		147		72		45		52		105		163		138		140		129		175		0		141		94		49		86		80		88		136		52		59		127		54		27		43		158		103		116		157		81		91		71		48		147		71		53		68		48		69		15		110		130		74		155		122		104		76		80		14		69		101		98		128		141		174		113		62		66		106		134		92		28		72		105		121		179		35		36		62		55		62		86		134		67		37		108		144		125		75		139		116		112		90
220		88		173		80		112		62		99		25		158		148		27		189		155		147		100		86		171		158		152		100		140		202		121		42		168		148		135		204		141		111		47		85		59		145		75		103		41		223		90		153		213		69		84		149		140		164		110		22		124		180		18		193		68		81		66		114		98		57		148		127		96		93		210		150		5		163		26		132		141		0		47		168		227		179		95		113		185		200		64		195		168		184		125		52		105		98		78		56		70		93		154		182		88		177		189		144		154		55		165		121		102		35		209		75		79		127		194		90		135		105		166		111		28		203		75		35		127		49		159		187		130		160		116		106		153		131		92		133		185		13		74		138		249		141		98		138		140		53		29		231
173		41		126		83		65		15		64		22		111		101		20		142		108		100		113		39		124		111		105		87		127		155		74		21		121		101		88		157		94		72		34		66		30		98		28		56		42		176		75		106		166		32		71		102		105		117		97		25		77		133		29		146		73		94		19		67		85		12		101		80		65		106		163		103		44		116		35		99		94		47		0		121		180		132		48		66		138		153		51		148		121		137		82		27		58		81		31		15		65		86		107		135		99		130		142		97		107		34		118		74		79		28		162		28		32		80		147		43		88		58		119		98		19		156		44		16		80		44		112		140		83		113		103		111		106		84		105		86		138		40		77		113		202		94		51		91		93		40		38		184
52		80		53		88		56		106		69		143		10		108		141		21		93		21		86		82		3		108		40		114		154		66		83		126		38		20		101		36		89		99		131		83		109		97		93		83		127		55		102		15		71		99		98		19		132		44		124		146		58		12		150		25		100		87		102		54		112		111		98		41		72		79		56		114		165		91		156		126		49		168		121		0		59		31		73		87		17		32		104		27		22		18		109		116		67		108		90		112		98		75		98		22		80		19		23		24		64		113		81		47		106		149		55		93		89		41		26		78		49		79		92		125		140		35		93		133		85		119		21		23		56		72		130		84		15		37		82		35		37		161		94		86		81		95		76		30		90		117		139		63
25		139		54		147		115		165		128		202		69		95		200		38		80		80		133		141		56		95		75		137		141		53		106		185		59		79		92		23		86		116		190		142		168		84		152		124		186		8		137		74		58		158		157		78		119		63		133		205		103		47		209		34		159		146		161		113		139		170		85		100		131		138		43		101		224		78		215		113		86		227		180		59		0		48		132		114		42		27		163		36		59		43		102		175		122		129		149		171		157		134		85		45		139		50		38		83		77		172		68		106		125		208		42		152		148		100		33		137		92		122		79		118		199		24		152		192		100		178		68		40		97		67		137		121		74		96		141		94		42		220		153		99		22		86		129		89		87		176		198		26
41		91		22		99		67		117		80		154		29		77		152		28		62		44		117		93		30		77		27		89		123		35		58		137		11		39		70		37		58		68		142		94		120		66		104		76		138		44		89		36		40		110		109		44		101		75		93		157		55		37		161		36		111		98		113		65		91		122		67		52		83		110		31		83		176		60		167		95		80		179		132		31		48		0		84		66		28		35		115		54		53		49		78		127		74		81		101		123		109		90		67		9		103		12		54		35		95		124		50		58		77		160		30		104		100		70		15		89		44		74		61		94		151		24		104		144		54		130		52		8		49		41		99		115		44		48		109		46		6		172		105		117		70		64		81		41		59		128		150		52
125		17		78		95		47		33		76		70		63		69		68		94		60		52		125		41		76		69		57		75		115		107		44		53		73		53		62		109		50		60		58		78		42		58		38		44		54		128		63		58		118		44		59		54		93		83		85		73		29		85		77		98		85		106		29		21		73		38		59		32		77		118		115		75		92		68		83		87		88		95		48		73		132		84		0		48		90		105		39		100		73		89		70		43		28		69		17		39		77		98		59		87		111		82		94		49		103		40		70		26		67		76		114		20		16		78		99		13		40		40		71		86		67		108		56		60		46		56		64		92		35		65		91		123		58		36		117		38		90		88		89		125		154		56		37		43		51		44		66		136
107		65		60		143		95		57		124		88		85		35		86		84		42		100		173		89		86		45		47		27		67		89		8		71		55		95		22		93		28		12		76		126		90		32		86		10		102		110		23		92		100		92		43		100		45		131		37		91		29		93		95		92		133		154		77		69		25		72		35		64		125		166		97		37		110		50		101		39		136		113		66		87		114		66		48		0		84		91		49		110		109		105		22		61		20		21		55		57		125		146		41		69		159		68		110		67		151		58		52		62		19		94		96		60		56		126		81		35		38		8		53		38		85		90		104		78		14		104		108		74		31		47		43		171		100		74		165		74		72		106		137		173		136		28		15		61		27		62		98		118
35		97		50		105		73		123		86		160		27		105		158		4		90		38		91		99		14		105		37		111		151		63		80		143		35		37		98		19		86		96		148		100		126		94		110		82		144		38		99		32		68		116		115		36		129		47		121		163		61		9		167		8		117		104		119		71		109		128		95		58		89		96		53		111		182		88		173		123		52		185		138		17		42		28		90		84		0		15		121		26		25		21		106		133		80		105		107		129		115		92		95		19		97		16		26		41		67		130		78		64		103		166		52		110		106		58		17		95		50		80		89		122		157		18		110		150		82		136		26		20		55		69		127		87		32		54		99		52		34		178		111		89		64		92		87		47		87		134		156		46
42		112		57		120		88		138		101		175		42		112		173		11		97		53		106		114		29		112		48		118		158		70		87		158		42		52		105		4		93		103		163		115		141		101		125		97		159		23		110		47		75		131		130		51		136		40		128		178		76		20		182		7		132		119		134		86		116		143		102		73		104		111		60		118		197		95		188		130		59		200		153		32		27		35		105		91		15		0		136		19		32		16		113		148		95		112		122		144		130		107		102		26		112		23		19		56		60		145		85		79		110		181		59		125		121		73		24		110		65		95		96		129		172		17		125		165		89		151		41		27		70		76		134		94		47		69		114		67		41		193		126		82		49		99		102		62		94		149		171		43
156		56		109		134		86		48		115		61		94		84		67		125		91		91		164		80		107		94		88		36		76		138		57		30		104		86		71		140		77		47		27		117		81		81		77		39		93		159		26		89		149		83		20		91		76		122		46		46		60		116		50		129		124		145		68		60		34		63		84		63		116		157		146		86		61		99		52		68		127		64		51		104		163		115		39		49		121		136		0		131		104		120		61		24		41		34		46		36		116		137		90		118		150		113		125		80		142		17		101		57		38		45		145		51		47		117		130		26		71		41		102		47		62		139		95		67		63		95		99		123		66		96		52		162		91		67		156		69		121		77		128		164		185		77		34		74		76		13		89		167
61		107		76		115		83		133		96		170		37		131		168		26		116		48		101		109		24		131		63		137		177		89		106		153		61		47		124		17		112		122		158		110		136		120		120		106		154		28		125		42		94		126		125		46		155		31		147		173		81		17		177		18		127		114		129		81		135		138		121		68		99		106		79		137		192		114		183		149		54		195		148		27		36		54		100		110		26		19		131		0		27		11		132		143		90		131		117		139		125		102		121		45		107		42		6		51		41		140		104		74		129		176		78		120		116		68		43		105		72		102		115		148		167		36		120		160		108		146		36		46		79		95		153		89		42		64		109		62		60		188		121		63		54		118		99		57		113		144		166		62
60		80		75		88		56		106		69		143		24		130		141		25		115		21		74		82		23		130		62		136		176		88		105		126		60		20		123		36		111		121		131		83		109		119		93		105		127		55		124		17		93		99		120		19		154		22		146		146		80		16		150		25		100		87		102		54		134		111		120		45		72		79		78		136		165		113		156		148		27		168		121		22		59		53		73		109		25		32		104		27		0		16		131		116		89		130		90		112		98		75		120		44		80		41		21		42		42		113		103		47		128		149		77		93		89		41		42		78		71		101		114		147		140		35		93		133		107		119		9		45		78		94		152		62		15		37		82		35		59		161		94		64		81		117		98		48		112		117		139		63
56		96		71		104		72		122		85		159		26		126		157		21		111		37		90		98		19		126		58		132		172		84		101		142		56		36		119		20		107		117		147		99		125		115		109		101		143		39		120		31		89		115		116		35		150		26		142		162		76		12		166		13		116		103		118		70		130		127		116		57		88		95		74		132		181		109		172		144		43		184		137		18		43		49		89		105		21		16		120		11		16		0		127		132		85		126		106		128		114		91		116		40		96		37		5		40		46		129		99		63		124		165		73		109		105		57		38		94		67		97		110		143		156		31		109		149		103		135		25		41		74		90		148		78		31		53		98		51		55		177		110		68		65		113		94		46		108		133		155		57
95		87		56		165		117		79		146		100		107		23		98		106		30		122		195		111		108		33		69		35		45		77		26		83		71		117		10		115		20		14		88		148		112		20		108		26		124		104		35		114		88		114		55		122		23		153		31		103		51		115		107		114		155		176		99		91		37		94		23		86		147		188		85		25		122		38		113		17		158		125		82		109		102		78		70		22		106		113		61		132		131		127		0		73		42		27		77		69		147		168		29		87		181		90		132		89		173		70		40		84		23		106		84		82		78		148		89		57		60		30		41		16		97		96		126		98		24		126		130		86		53		37		35		193		122		96		187		96		72		118		159		195		124		16		33		83		19		74		120		106
168		36		121		110		62		24		91		37		106		96		43		137		103		95		140		56		119		106		100		60		100		150		69		10		116		96		83		152		89		59		15		93		57		93		53		51		69		171		48		101		161		59		44		97		88		112		70		30		72		128		34		141		100		121		44		62		58		39		96		75		92		133		158		98		49		111		40		80		103		52		27		116		175		127		43		61		133		148		24		143		116		132		73		0		53		54		26		12		92		113		102		130		126		125		137		92		118		7		113		69		52		33		157		27		27		93		142		38		83		53		114		71		38		151		71		43		75		71		107		135		78		108		76		138		101		79		132		81		133		53		104		140		197		89		46		86		88		13		65		179
115		45		68		123		75		43		104		80		65		43		78		84		50		80		153		69		66		53		47		47		87		97		16		63		63		75		34		99		36		32		68		106		70		40		66		16		82		118		35		72		108		72		35		80		65		111		57		83		19		75		87		88		113		134		57		49		45		52		43		44		105		146		105		47		102		58		93		59		116		105		58		67		122		74		28		20		80		95		41		90		89		85		42		53		0		41		35		49		105		126		49		77		139		72		90		47		131		50		60		42		39		86		104		40		36		106		89		15		30		12		61		58		77		98		84		70		22		84		88		82		25		55		63		151		80		54		145		54		80		98		117		153		144		36		9		41		35		54		78		126
122		86		75		164		116		78		145		91		106		50		97		105		57		121		194		110		107		60		68		8		46		104		25		60		70		116		37		114		43		13		61		147		111		47		107		25		123		125		8		113		115		113		28		121		42		152		16		76		50		114		80		113		154		175		98		90		10		93		50		85		146		187		112		52		95		65		86		34		157		98		81		108		129		81		69		21		105		112		34		131		130		126		27		54		41		0		76		66		146		167		56		86		180		89		131		88		172		47		67		83		4		79		111		81		77		147		96		56		59		29		68		17		92		105		125		97		29		125		129		89		52		62		22		192		121		95		186		95		87		107		158		194		151		43		32		82		42		47		119		133
142		10		95		88		40		16		69		53		80		76		51		111		77		69		118		34		93		80		74		82		122		124		51		36		90		70		69		126		63		67		41		71		35		67		31		51		47		145		70		75		135		37		66		71		100		86		92		56		46		102		60		115		78		99		22		36		80		21		70		49		70		111		132		82		75		85		66		94		81		78		31		90		149		101		17		55		107		122		46		117		90		106		77		26		35		76		0		22		70		91		76		104		104		99		111		66		96		29		87		43		74		59		131		5		1		71		116		20		57		47		88		93		50		125		49		43		53		49		81		109		52		82		98		116		75		53		110		55		107		71		82		118		171		63		44		60		62		35		49		153
164		32		117		98		56		12		79		31		102		92		31		133		99		91		128		44		115		102		96		72		112		146		65		14		112		92		79		148		85		57		19		81		45		89		41		47		57		167		60		97		157		47		56		93		90		108		82		34		68		124		38		137		88		109		32		58		70		27		92		71		80		121		154		94		53		107		44		84		91		56		15		112		171		123		39		57		129		144		36		139		112		128		69		12		49		66		22		0		80		101		98		126		114		121		133		88		106		19		109		65		64		37		153		19		23		81		138		34		79		49		110		83		28		147		59		31		71		59		103		131		74		104		88		126		97		75		120		77		129		49		92		128		193		85		42		82		84		25		53		175
150		60		103		18		42		68		29		55		88		146		49		119		131		77		48		36		101		146		82		152		192		132		121		86		98		78		139		134		127		137		99		15		35		135		39		121		29		153		140		83		143		33		136		79		170		94		162		70		96		110		66		123		8		29		48		56		150		53		136		61		26		41		140		152		67		129		78		164		71		70		65		98		157		109		77		125		115		130		116		125		98		114		147		92		105		146		70		80		0		23		136		112		34		107		119		74		84		99		119		63		144		87		139		65		69		57		124		90		87		117		130		163		54		133		21		49		123		21		89		117		94		110		168		46		83		61		40		63		115		63		12		68		179		133		114		68		128		105		41		161
127		81		112		13		51		89		22		76		65		167		70		96		152		54		27		57		78		167		99		173		213		125		142		107		97		55		160		111		148		158		120		20		56		156		60		142		52		130		161		60		130		54		157		56		191		71		183		91		117		87		87		100		25		12		69		77		171		74		157		82		21		20		117		173		90		150		99		185		48		93		86		75		134		90		98		146		92		107		137		102		75		91		168		113		126		167		91		101		23		0		157		89		13		84		96		79		61		120		140		84		165		108		116		86		90		34		101		111		108		138		151		184		75		110		42		70		144		44		66		94		115		131		189		25		60		72		19		72		96		86		19		45		156		154		135		85		149		126		64		138
66		76		45		154		106		92		135		129		96		10		127		95		5		111		184		100		97		10		58		64		56		48		33		112		60		106		19		104		13		43		117		137		101		9		97		51		113		93		64		103		59		103		84		111		34		142		60		132		40		104		136		103		144		165		88		80		66		97		6		75		136		177		56		16		151		9		142		28		147		154		107		98		85		67		59		41		95		102		90		121		120		116		29		102		49		56		76		98		136		157		0		76		170		79		121		78		162		99		17		73		52		135		55		79		75		137		78		64		49		49		12		45		126		85		115		119		27		115		119		75		42		26		64		182		111		85		176		85		61		147		148		184		95		13		56		72		14		103		125		77
38		94		31		102		70		120		83		157		24		86		155		19		71		35		108		96		21		86		30		92		132		44		61		140		16		34		79		28		67		77		145		97		123		75		107		79		141		41		92		29		49		113		112		35		110		66		102		160		58		28		164		27		114		101		116		68		94		125		76		55		86		101		34		92		179		69		170		104		71		182		135		22		45		9		87		69		19		26		118		45		44		40		87		130		77		86		104		126		112		89		76		0		94		5		45		38		86		127		59		61		84		163		33		107		103		61		12		92		47		77		70		103		154		21		107		147		63		133		43		5		52		50		108		106		35		51		100		49		15		175		108		108		67		73		84		44		68		131		153		49
132		94		125		16		64		102		35		89		74		180		83		101		165		59		14		70		83		180		112		186		226		138		155		120		110		64		173		116		161		171		133		33		69		169		73		155		57		135		174		67		143		67		170		61		204		76		196		104		130		92		100		105		26		7		82		90		184		87		170		95		34		7		128		186		91		163		112		198		53		88		99		80		139		103		111		159		97		112		150		107		80		96		181		126		139		180		104		114		34		13		170		94		0		91		101		92		66		133		153		97		178		121		127		99		103		39		106		124		121		151		164		197		88		115		55		83		157		55		71		99		128		144		202		18		65		85		6		85		109		81		22		50		161		167		148		98		162		139		61		143
43		89		34		97		65		115		78		152		19		89		150		16		74		32		105		91		18		89		25		95		135		47		64		135		19		29		82		27		70		80		140		92		118		78		102		74		136		46		87		24		52		108		107		32		113		63		105		155		53		25		159		24		109		96		111		63		93		120		79		50		81		98		37		95		174		72		165		107		68		177		130		19		50		12		82		68		16		23		113		42		41		37		90		125		72		89		99		121		107		84		79		5		91		0		42		33		83		122		62		56		87		158		36		102		98		58		17		87		42		72		73		106		149		26		102		142		66		128		40		10		47		53		111		103		32		46		97		44		18		170		103		105		72		76		79		39		71		126		148		54
61		101		76		109		77		127		90		164		31		131		162		26		116		42		95		103		24		131		63		137		177		89		106		147		61		41		124		17		112		122		152		104		130		120		114		106		148		34		125		36		94		120		121		40		155		25		147		167		81		17		171		18		121		108		123		75		135		132		121		62		93		100		79		137		186		114		177		149		48		189		142		23		38		54		94		110		26		19		125		6		21		5		132		137		90		131		111		133		119		96		121		45		101		42		0		45		41		134		104		68		129		170		78		114		110		62		43		99		72		102		115		148		161		36		114		154		108		140		30		46		79		95		153		83		36		58		103		56		60		182		115		63		60		118		99		51		113		138		160		62
76		56		33		76		32		82		57		119		18		88		117		45		73		33		106		58		27		88		20		94		134		58		63		102		24		28		81		60		69		79		107		59		85		77		69		63		103		79		82		25		69		75		78		33		112		64		104		122		38		36		126		49		76		87		78		30		92		87		78		17		58		99		66		94		141		71		132		106		69		144		97		24		83		35		49		67		41		56		80		51		42		40		89		92		47		88		66		88		74		79		78		38		92		33		45		0		84		89		61		23		86		125		65		69		65		59		50		54		29		59		72		105		116		59		69		109		65		95		41		43		36		52		110		104		33		13		98		11		41		137		70		106		105		75		56		6		70		93		115		87
102		86		117		74		56		94		55		129		66		172		127		67		157		51		60		68		65		172		104		178		218		130		147		112		102		56		165		58		153		163		125		69		95		161		79		147		113		69		166		59		135		85		162		51		196		20		188		132		122		58		136		59		86		73		88		82		176		97		162		87		58		65		120		178		151		155		142		190		15		154		107		64		77		95		103		151		67		60		142		41		42		46		173		118		131		172		96		106		84		61		162		86		66		83		41		84		0		125		145		89		170		135		119		91		95		27		84		116		113		143		156		189		126		77		79		119		149		105		43		87		120		136		194		48		51		77		68		77		101		147		80		22		95		159		140		90		154		131		125		103
165		39		118		117		69		31		98		44		103		93		50		134		100		92		147		63		116		103		97		53		93		147		66		13		113		93		80		149		86		56		18		100		64		90		60		48		76		168		41		98		158		66		37		94		85		109		63		33		69		125		37		138		107		128		51		59		51		46		93		72		99		140		155		95		52		108		43		77		110		55		34		113		172		124		40		58		130		145		17		140		113		129		70		7		50		47		29		19		99		120		99		127		133		122		134		89		125		0		110		66		47		36		154		34		30		100		139		35		80		50		111		64		45		148		78		50		72		78		104		132		75		105		69		145		98		76		139		78		130		60		111		147		194		86		43		83		85		6		72		176
55		77		28		137		89		103		118		140		79		27		138		78		12		94		167		83		80		27		41		75		73		37		44		123		43		89		30		87		24		54		128		120		106		20		90		62		124		76		75		86		48		96		95		94		51		125		71		143		41		87		147		86		127		148		99		63		77		108		17		58		119		160		45		33		162		10		153		45		130		165		118		81		68		50		70		52		78		85		101		104		103		99		40		113		60		67		87		109		119		140		17		59		153		62		104		61		145		110		0		56		63		146		44		90		86		120		61		75		32		60		11		56		137		68		98		130		38		116		102		58		35		9		75		165		94		68		159		68		44		158		131		167		84		24		67		55		25		114		136		66
99		33		52		81		33		59		62		96		37		83		94		68		68		38		111		35		50		83		31		89		129		81		58		79		47		33		76		83		64		74		84		64		62		72		46		58		80		102		77		32		92		52		73		38		107		69		99		99		33		59		103		72		71		92		55		7		87		64		73		6		63		104		89		89		118		66		109		101		74		121		74		47		106		58		26		62		64		79		57		74		47		63		84		69		42		83		43		65		63		84		73		61		97		56		68		23		89		66		56		0		81		102		88		46		42		64		73		31		24		54		67		100		93		82		46		86		60		72		46		66		31		47		105		109		38		12		103		12		64		114		75		111		128		70		51		17		65		70		92		110
118		84		71		162		114		76		143		89		104		46		95		103		53		119		192		108		105		56		66		12		48		100		23		60		68		114		33		112		39		9		65		145		109		43		105		23		121		121		12		111		111		111		32		119		38		150		18		80		48		112		84		111		152		173		96		88		14		91		46		83		144		185		108		48		99		61		90		30		155		102		79		106		125		77		67		19		103		110		38		129		128		124		23		52		39		4		74		64		144		165		52		84		178		87		129		86		170		47		63		81		0		83		107		79		75		145		92		54		57		27		64		19		90		101		123		95		25		123		127		85		50		58		24		190		119		93		184		93		83		105		156		192		147		39		30		80		38		51		117		129
201		69		154		105		93		43		86		32		139		129		38		170		136		128		135		67		152		139		133		71		105		183		102		23		149		129		116		185		122		92		18		88		52		126		56		84		64		204		71		134		194		54		51		130		121		145		75		17		105		161		21		174		95		116		47		95		69		38		129		108		87		128		191		131		30		144		9		113		122		35		28		149		208		160		76		94		166		181		45		176		149		165		106		33		86		79		59		37		87		108		135		163		121		158		170		125		135		36		146		102		83		0		190		56		60		108		175		71		116		86		147		90		33		184		66		38		108		66		140		168		111		141		81		133		134		112		127		114		166		48		99		135		230		122		79		119		121		32		60		212
17		121		36		129		97		147		110		184		53		61		182		52		54		68		141		123		54		53		57		119		99		11		88		167		41		63		74		61		68		98		172		124		150		64		134		106		168		50		119		60		16		140		139		68		77		99		115		187		85		61		191		60		141		128		143		95		121		152		61		82		113		134		1		59		206		46		197		77		104		209		162		55		42		30		114		96		52		59		145		78		77		73		84		157		104		111		131		153		139		116		55		33		127		36		78		65		119		154		44		88		107		190		0		134		130		94		35		119		74		104		43		100		181		42		134		174		82		160		76		32		79		49		119		139		68		78		133		76		24		202		135		141		40		68		111		71		69		158		180		22
145		13		98		83		37		13		64		50		83		81		48		114		80		72		113		29		96		83		77		87		127		127		56		33		93		73		74		129		66		72		38		66		30		70		26		56		42		148		75		78		138		32		71		74		105		89		97		53		49		105		57		118		73		94		17		39		85		18		73		52		65		106		135		87		72		88		63		99		76		75		28		93		152		104		20		60		110		125		51		120		93		109		82		27		40		81		5		19		65		86		79		107		99		102		114		69		91		34		90		46		79		56		134		0		4		66		119		25		60		52		91		98		47		128		44		40		58		44		84		112		55		85		103		111		78		56		105		58		110		68		77		113		174		68		49		63		65		40		46		156
141		9		94		87		39		17		68		54		79		77		52		110		76		68		117		33		92		79		73		83		123		123		52		37		89		69		70		125		62		68		42		70		34		66		30		52		46		144		71		74		134		36		67		70		101		85		93		57		45		101		61		114		77		98		21		35		81		22		69		48		69		110		131		83		76		84		67		95		80		79		32		89		148		100		16		56		106		121		47		116		89		105		78		27		36		77		1		23		69		90		75		103		103		98		110		65		95		30		86		42		75		60		130		4		0		70		115		21		56		48		87		94		51		124		48		44		54		48		80		108		51		81		99		115		74		52		109		54		106		72		81		117		170		64		45		59		61		36		50		152
93		61		92		47		31		69		28		102		41		147		100		62		132		26		47		41		44		147		79		153		193		105		122		87		77		31		140		77		128		138		100		42		68		136		52		122		86		96		141		34		110		58		137		26		171		37		163		105		97		53		109		66		59		46		61		57		151		70		137		62		31		40		95		153		124		130		115		165		14		127		80		41		100		70		78		126		58		73		117		68		41		57		148		93		106		147		71		81		57		34		137		61		39		58		62		59		27		100		120		64		145		108		94		66		70		0		67		91		88		118		131		164		99		76		52		92		124		78		32		62		95		111		169		45		26		52		41		52		76		120		53		47		122		134		115		65		129		106		98		104
26		106		33		114		82		132		95		169		36		88		167		17		73		47		106		108		23		88		42		104		134		46		73		152		26		46		81		26		69		83		157		109		135		77		119		91		153		29		104		41		51		125		124		45		112		64		104		172		70		26		176		25		126		113		128		80		106		137		78		67		98		105		36		94		191		71		182		106		69		194		147		26		33		15		99		81		17		24		130		43		42		38		89		142		89		96		116		138		124		101		78		12		106		17		43		50		84		139		61		73		92		175		35		119		115		67		0		104		59		89		72		105		166		9		119		159		67		145		41		7		64		52		110		104		41		63		108		61		17		187		120		106		55		75		96		56		70		143		165		37
130		30		83		108		60		28		89		65		68		58		63		99		65		65		138		54		81		68		62		62		102		112		31		48		78		60		49		114		51		47		53		91		55		55		51		31		67		133		50		63		123		57		46		65		80		96		72		68		34		90		72		103		98		119		42		34		60		37		58		37		90		131		120		62		87		73		78		74		101		90		43		78		137		89		13		35		95		110		26		105		78		94		57		38		15		56		20		34		90		111		64		92		124		87		99		54		116		35		75		31		54		71		119		25		21		91		104		0		45		27		76		73		62		113		69		55		37		69		73		97		40		70		78		136		65		41		130		43		95		83		102		138		159		51		24		48		50		39		63		141
85		47		38		105		57		73		86		110		47		59		108		54		44		62		135		51		48		59		17		65		105		67		34		93		33		57		52		69		40		50		98		88		76		48		60		34		94		88		53		54		78		66		65		62		83		93		75		113		11		55		117		58		95		116		69		31		63		78		49		26		87		128		75		65		132		42		123		77		98		135		88		49		92		44		40		38		50		65		71		72		71		67		60		83		30		59		57		79		87		108		49		47		121		42		72		29		113		80		32		24		57		116		74		60		56		88		59		45		0		30		43		76		107		68		66		100		36		86		70		52		7		25		81		133		62		36		127		36		50		128		99		135		114		46		37		23		41		84		106		96
115		57		68		135		87		49		116		80		77		43		78		84		50		92		165		81		78		53		47		35		75		97		16		63		63		87		30		99		36		20		68		118		82		40		78		4		94		118		23		84		108		84		35		92		53		123		45		83		21		85		87		88		125		146		69		61		33		64		43		56		117		158		105		45		102		58		93		47		128		105		58		79		122		74		40		8		80		95		41		102		101		97		30		53		12		29		47		49		117		138		49		77		151		72		102		59		143		50		60		54		27		86		104		52		48		118		89		27		30		0		61		46		77		98		96		70		22		96		100		82		25		55		51		163		92		66		157		66		80		98		129		165		144		36		7		53		35		54		90		126
54		78		39		148		100		104		129		141		90		18		139		89		11		105		178		94		91		16		52		76		62		36		45		124		54		100		31		98		25		55		129		131		107		21		91		63		125		87		76		97		47		97		96		105		40		136		72		144		42		98		148		97		138		159		100		74		78		109		18		69		130		171		44		22		163		3		154		34		141		166		119		92		79		61		71		53		89		96		102		115		114		110		41		114		61		68		88		110		130		151		12		70		164		73		115		72		156		111		11		67		64		147		43		91		87		131		72		76		43		61		0		57		138		79		109		131		39		117		113		69		36		20		76		176		105		79		170		79		55		159		142		178		83		25		68		66		26		115		137		65
111		103		72		181		133		95		162		108		123		39		114		122		46		138		211		127		124		49		85		19		29		93		42		77		87		133		26		131		36		26		72		164		128		36		124		42		140		120		23		130		104		130		39		138		31		169		15		93		67		131		97		130		171		192		115		107		21		110		39		102		163		204		101		41		106		54		97		23		174		111		98		125		118		94		86		38		122		129		47		148		147		143		16		71		58		17		93		83		163		184		45		103		197		106		148		105		189		64		56		100		19		90		100		98		94		164		105		73		76		46		57		0		109		112		142		114		40		142		146		102		69		53		19		209		138		112		203		112		88		124		175		211		140		32		49		99		35		58		136		122
192		60		145		72		84		34		71		3		130		120		5		161		127		119		102		58		143		130		124		98		138		174		93		32		140		120		107		176		113		83		45		57		31		117		47		75		31		195		86		125		185		41		82		121		116		136		108		16		96		152		12		165		62		83		38		86		96		29		120		99		68		95		182		122		25		135		24		110		113		28		19		140		199		151		67		85		157		172		62		167		140		156		97		38		77		92		50		28		54		75		126		154		88		149		161		116		126		45		137		93		90		33		181		47		51		99		166		62		107		77		138		109		0		175		47		7		99		33		131		159		102		132		114		100		125		103		94		105		157		21		66		110		221		113		70		110		112		51		27		203
25		115		40		123		91		141		104		178		45		95		176		14		80		56		109		117		32		95		51		113		141		53		82		161		35		55		88		19		76		92		166		118		144		84		128		100		162		20		113		50		58		134		133		54		119		57		111		181		79		23		185		18		135		122		137		89		115		146		85		76		107		114		43		101		200		78		191		113		62		203		156		35		24		24		108		90		18		17		139		36		35		31		96		151		98		105		125		147		133		110		85		21		115		26		36		59		77		148		68		82		101		184		42		128		124		76		9		113		68		98		79		112		175		0		128		168		76		154		44		16		73		59		117		97		50		72		117		70		24		196		129		99		46		82		105		65		77		152		174		28
145		39		98		39		37		47		24		50		83		125		48		114		110		72		69		15		96		125		77		131		171		127		100		65		93		73		118		129		106		116		78		22		16		114		18		100		34		148		119		78		138		12		115		74		149		89		141		53		75		105		57		118		29		50		27		39		129		32		115		52		21		62		135		131		72		108		63		143		66		75		44		93		152		104		56		104		110		125		95		120		93		109		126		71		84		125		49		59		21		42		115		107		55		102		114		69		79		78		98		46		123		66		134		44		48		52		119		69		66		96		109		142		47		128		0		40		102		26		84		112		73		89		147		67		78		56		61		58		110		68		33		69		174		112		93		63		107		84		46		156
185		53		138		67		77		27		64		10		123		113		8		154		120		112		97		51		136		123		117		103		143		167		86		37		133		113		100		169		106		88		50		50		24		110		40		72		26		188		91		118		178		34		87		114		121		129		113		21		89		145		17		158		57		78		31		79		101		22		113		92		61		90		175		115		32		128		29		115		106		35		16		133		192		144		60		78		150		165		67		160		133		149		98		43		70		97		43		31		49		70		119		147		83		142		154		109		119		50		130		86		95		38		174		40		44		92		159		55		100		70		131		114		7		168		40		0		92		28		124		152		95		125		119		95		118		96		89		98		150		28		61		103		214		106		65		103		105		56		22		196
93		63		46		141		93		65		122		102		83		23		100		82		28		98		171		87		84		31		45		37		69		75		6		85		47		93		16		91		14		16		90		124		88		18		84		24		100		96		37		90		86		90		57		98		47		129		39		105		27		91		109		90		131		152		75		67		39		70		21		62		123		164		83		29		124		36		115		41		134		127		80		85		100		54		46		14		82		89		63		108		107		103		24		75		22		29		53		71		123		144		27		63		157		66		108		65		149		72		38		60		25		108		82		58		54		124		67		37		36		22		39		40		99		76		102		92		0		102		106		62		29		33		45		169		98		72		163		72		58		120		135		171		122		14		29		59		13		76		98		104
171		39		124		39		63		47		50		34		109		125		28		140		110		98		69		37		122		125		103		131		171		153		100		65		119		99		118		155		106		116		78		36		14		114		26		100		8		174		119		104		164		20		115		100		149		115		141		49		75		131		45		144		29		50		27		65		129		32		115		78		47		62		161		131		46		114		57		143		92		49		44		119		178		130		56		104		136		151		95		146		119		135		126		71		84		125		49		59		21		44		115		133		55		128		140		95		105		78		116		72		123		66		160		44		48		78		145		69		86		96		117		142		33		154		26		28		102		0		110		138		81		111		147		67		104		82		61		84		136		42		33		89		200		112		93		89		107		84		20		182
61		71		74		79		47		97		60		134		23		129		132		30		114		12		65		73		22		129		61		135		175		87		104		117		59		13		122		45		110		120		122		74		100		118		84		104		118		64		123		16		92		90		119		10		153		23		145		137		79		21		141		34		91		78		93		45		133		102		119		44		63		70		77		135		156		112		147		147		28		159		112		21		68		52		64		108		26		41		99		36		9		25		130		107		88		129		81		103		89		66		119		43		71		40		30		41		43		104		102		46		127		140		76		84		80		32		41		73		70		100		113		146		131		44		84		124		106		110		0		44		77		93		151		63		8		34		73		34		58		152		85		65		90		116		97		47		111		108		130		72
33		99		30		107		75		125		88		162		29		85		160		20		70		40		109		101		22		85		35		97		131		43		66		145		19		39		78		29		66		76		150		102		128		74		112		84		146		36		97		34		48		118		117		38		109		67		101		165		63		29		169		28		119		106		121		73		99		130		75		60		91		102		33		91		184		68		175		103		72		187		140		23		40		8		92		74		20		27		123		46		45		41		86		135		82		89		109		131		117		94		75		5		99		10		46		43		87		132		58		66		85		168		32		112		108		62		7		97		52		82		69		102		159		16		112		152		62		138		44		0		57		49		107		107		36		56		101		54		14		180		113		109		62		72		89		49		67		136		158		44
90		42		43		112		64		68		93		105		54		52		103		59		37		69		142		58		55		52		22		58		98		72		27		88		38		64		45		74		33		43		93		95		71		41		55		27		89		93		46		61		83		61		60		69		76		100		68		108		6		62		112		63		102		123		64		38		56		73		42		33		94		135		80		58		127		35		118		70		105		130		83		56		97		49		35		31		55		70		66		79		78		74		53		78		25		52		52		74		94		115		42		52		128		47		79		36		120		75		35		31		50		111		79		55		51		95		64		40		7		25		36		69		102		73		73		95		29		81		77		57		0		30		74		140		69		43		134		43		55		123		106		142		119		39		32		30		34		79		101		101
60		72		19		128		80		98		109		135		70		36		133		69		21		85		158		74		71		36		32		70		82		42		39		118		34		80		29		78		19		49		123		111		101		25		85		57		119		67		70		77		53		91		90		85		60		116		66		138		36		78		142		77		118		139		94		54		72		103		26		49		110		151		50		42		157		19		148		54		121		160		113		72		67		41		65		47		69		76		96		95		94		90		37		108		55		62		82		104		110		131		26		50		144		53		95		52		136		105		9		47		58		141		49		85		81		111		52		70		25		55		20		53		132		59		89		125		33		111		93		49		30		0		70		156		85		59		150		59		35		153		122		158		89		23		62		46		20		109		131		71
130		108		83		186		138		100		167		113		128		58		119		127		65		143		216		132		129		68		90		16		34		112		47		82		92		138		45		136		51		31		69		169		133		55		129		47		145		133		28		135		123		135		32		143		50		174		6		98		72		136		102		135		176		197		120		112		18		115		58		107		168		209		120		60		111		73		90		42		179		116		103		130		137		99		91		43		127		134		52		153		152		148		35		76		63		22		98		88		168		189		64		108		202		111		153		110		194		69		75		105		24		81		119		103		99		169		110		78		81		51		76		19		114		117		147		119		45		147		151		107		74		70		0		214		143		117		208		117		95		129		180		216		159		51		54		104		50		63		141		141
122		106		137		28		76		114		47		101		86		192		95		87		177		71		12		82		85		192		124		198		238		150		167		132		122		76		185		98		173		183		145		45		81		181		85		167		69		117		186		79		155		79		182		71		216		58		208		116		142		78		112		87		38		25		94		102		196		99		182		107		46		17		140		198		103		175		124		210		35		106		111		84		121		115		123		171		87		94		162		89		62		78		193		138		151		192		116		126		46		25		182		106		18		103		83		104		48		145		165		109		190		133		139		111		115		45		104		136		133		163		176		209		100		97		67		95		169		67		63		107		140		156		214		0		71		97		20		97		121		99		34		32		143		179		160		110		174		151		77		125
67		65		66		73		41		91		54		128		15		121		126		36		106		6		73		67		18		121		53		127		167		79		96		111		51		5		114		51		102		112		116		68		94		110		78		96		112		70		115		8		84		84		111		4		145		31		137		131		71		27		135		40		85		72		87		39		125		96		111		36		57		66		69		127		150		104		141		139		36		153		106		15		74		44		58		100		32		47		91		42		15		31		122		101		80		121		75		97		83		60		111		35		65		32		36		33		51		98		94		38		119		134		68		78		74		26		41		65		62		92		105		138		125		50		78		118		98		104		8		36		69		85		143		71		0		26		67		26		50		146		79		73		96		108		89		39		103		102		124		78
89		43		42		69		21		69		50		106		27		95		104		58		80		26		99		45		40		95		27		101		141		71		70		89		37		21		88		73		76		86		94		52		72		84		56		70		90		92		89		22		82		62		85		26		119		57		111		109		45		49		113		62		63		80		65		17		99		74		85		10		51		92		79		101		128		78		119		113		62		131		84		37		96		48		36		74		54		69		67		64		37		53		96		79		54		95		53		75		61		72		85		51		85		46		58		13		77		76		68		12		93		112		78		56		52		52		63		41		36		66		79		112		103		72		56		96		72		82		34		56		43		59		117		97		26		0		91		2		54		124		63		99		118		82		63		13		77		80		102		100
134		100		131		22		70		108		41		95		80		186		89		103		171		65		8		76		85		186		118		192		232		144		161		126		116		70		179		118		167		177		139		39		75		175		79		161		63		137		180		73		149		73		176		65		210		78		202		110		136		94		106		107		32		11		88		96		190		93		176		101		40		3		134		192		97		169		118		204		55		92		105		82		141		109		117		165		99		114		156		109		82		98		187		132		145		186		110		120		40		19		176		100		6		97		103		98		68		139		159		103		184		127		133		105		109		41		108		130		127		157		170		203		94		117		61		89		163		61		73		101		134		150		208		20		67		91		0		91		115		79		28		52		163		173		154		104		168		145		67		145
87		45		40		69		21		71		50		108		25		95		106		56		80		26		99		47		38		95		27		101		141		69		70		91		35		21		88		71		76		86		96		52		74		84		58		70		92		90		89		20		80		64		85		26		119		57		111		111		45		47		115		60		65		80		67		19		99		76		85		10		51		92		77		101		130		78		121		113		62		133		86		35		94		46		38		74		52		67		69		62		35		51		96		81		54		95		55		77		63		72		85		49		85		44		56		11		77		78		68		12		93		114		76		58		54		52		61		43		36		66		79		112		105		70		58		98		72		84		34		54		43		59		117		97		26		2		91		0		52		126		63		99		116		82		63		13		77		82		104		98
35		97		16		105		73		123		86		160		35		71		158		34		56		50		123		99		36		71		33		95		117		29		64		143		17		45		64		43		52		74		148		100		126		60		110		82		144		38		95		42		34		116		115		50		95		81		91		163		61		43		167		42		117		104		119		71		97		128		61		58		89		116		25		77		182		54		173		89		86		185		138		37		42		6		90		72		34		41		121		60		59		55		72		133		80		87		107		129		115		96		61		15		109		18		60		41		101		130		44		64		83		166		24		110		106		76		17		95		50		80		55		88		157		24		110		150		58		136		58		14		55		35		95		121		50		54		115		52		0		178		111		123		64		58		87		47		53		134		156		46
213		81		166		73		105		55		92		18		151		141		20		182		148		140		87		79		164		151		145		113		153		195		114		47		161		141		128		197		134		104		60		78		52		138		68		96		34		216		101		146		206		62		97		142		133		157		123		31		117		173		27		186		61		74		59		107		111		50		141		120		89		82		203		143		18		156		39		125		134		13		40		161		220		172		88		106		178		193		77		188		161		177		118		53		98		107		71		49		63		86		147		175		81		170		182		137		147		60		158		114		105		48		202		68		72		120		187		83		128		98		159		124		21		196		68		28		120		42		152		180		123		153		129		99		146		124		79		126		178		0		67		131		242		134		91		131		133		66		22		224
146		72		103		6		42		80		25		67		84		158		61		115		143		73		36		48		97		158		90		164		204		128		133		98		94		74		151		130		139		149		111		11		47		147		51		133		35		149		152		79		139		45		148		75		182		90		174		82		108		106		78		119		6		17		60		68		162		65		148		73		22		29		136		164		71		141		90		176		67		74		77		94		153		105		89		137		111		126		128		121		94		110		159		104		117		158		82		92		12		19		148		108		22		103		115		70		80		111		131		75		156		99		135		77		81		53		120		102		99		129		142		175		66		129		33		61		135		33		85		113		106		122		180		34		79		63		28		63		111		67		0		64		175		145		126		76		140		117		45		157
124		108		139		58		78		116		49		113		88		194		111		89		179		73		44		84		87		194		126		200		240		152		169		134		124		78		187		80		175		185		147		53		83		183		87		169		97		91		188		81		157		81		184		73		218		42		210		118		144		80		120		81		70		57		96		104		198		101		184		109		48		49		142		200		135		177		126		212		37		138		113		86		99		117		125		173		89		82		164		63		64		68		195		140		153		194		118		128		68		45		184		108		50		105		63		106		22		147		167		111		192		135		141		113		117		47		106		138		135		165		178		211		110		99		69		103		171		89		65		109		142		158		216		32		73		99		52		99		123		131		64		0		111		181		162		112		176		153		109		125
29		161		76		169		137		187		150		224		91		101		222		60		94		102		155		163		78		91		97		159		129		47		128		207		81		101		114		45		108		138		212		164		190		104		174		146		208		26		159		96		46		180		179		100		109		85		155		227		125		69		231		56		181		168		183		135		161		192		101		122		153		160		39		99		246		86		237		117		108		249		202		81		22		70		154		136		64		49		185		54		81		65		124		197		144		151		171		193		179		156		95		67		161		72		60		105		95		194		84		128		147		230		40		174		170		122		55		159		114		144		83		140		221		46		174		214		122		200		90		62		119		89		159		143		96		118		163		116		64		242		175		111		0		108		151		111		109		198		220		18
79		73		42		151		103		79		132		116		93		13		114		92		14		108		181		97		94		17		55		51		59		61		20		99		57		103		6		101		6		30		104		134		98		4		94		38		110		90		51		100		72		100		71		108		37		139		47		119		37		101		123		100		141		162		85		77		53		84		7		72		133		174		69		19		138		22		129		31		144		141		94		95		86		64		56		28		92		99		77		118		117		113		16		89		36		43		63		85		133		154		13		73		167		76		118		75		159		86		24		70		39		122		68		68		64		134		75		51		46		36		25		32		113		82		112		106		14		112		116		72		39		23		51		179		108		82		173		82		58		134		145		181		108		0		43		69		5		90		112		90
122		54		75		132		84		46		113		73		74		50		71		91		57		89		162		78		75		60		54		38		78		104		23		56		70		84		37		106		43		23		61		115		79		47		75		7		91		125		26		81		115		81		28		89		56		120		48		76		26		82		80		95		122		143		66		58		36		61		50		53		114		155		112		52		95		65		86		50		125		98		51		76		129		81		37		15		87		102		34		99		98		94		33		46		9		32		44		42		114		135		56		84		148		79		99		56		140		43		67		51		30		79		111		49		45		115		96		24		37		7		68		49		70		105		93		65		29		93		97		89		32		62		54		160		89		63		154		63		87		91		126		162		151		43		0		50		42		47		87		133
82		50		35		82		34		76		63		113		24		82		111		51		67		39		112		52		33		82		14		88		128		64		57		96		30		34		75		66		63		73		101		65		79		71		63		57		97		85		76		31		75		69		72		39		106		70		98		116		32		42		120		55		72		93		72		24		86		81		72		11		64		105		72		88		135		65		126		100		75		138		91		30		89		41		43		61		47		62		74		57		48		46		83		86		41		82		60		82		68		85		72		44		98		39		51		6		90		83		55		17		80		119		71		63		59		65		56		48		23		53		66		99		110		65		63		103		59		89		47		49		30		46		104		110		39		13		104		13		47		131		76		112		111		69		50		0		64		87		109		93
80		68		37		146		98		78		127		115		88		18		113		87		15		103		176		92		89		18		50		50		64		62		19		98		52		98		11		96		1		29		103		129		93		7		89		37		105		85		50		95		73		95		70		103		42		134		46		118		32		96		122		95		136		157		80		72		52		83		8		67		128		169		70		24		137		23		128		36		139		140		93		90		87		59		51		27		87		94		76		113		112		108		19		88		35		42		62		84		128		149		14		68		162		71		113		70		154		85		25		65		38		121		69		65		61		129		70		50		41		35		26		35		112		77		107		105		13		107		111		67		34		20		50		174		103		77		168		77		53		133		140		176		109		5		42		64		0		89		111		91
169		45		122		123		75		37		104		50		107		97		56		138		104		96		153		69		120		107		101		47		87		151		70		19		117		97		84		153		90		60		14		106		70		94		66		52		82		172		39		102		162		72		31		98		89		113		57		35		73		129		39		142		113		134		57		63		45		52		97		76		105		146		159		99		48		112		39		81		116		53		40		117		176		128		44		62		134		149		13		144		117		133		74		13		54		47		35		25		105		126		103		131		139		126		138		93		131		6		114		70		51		32		158		40		36		106		143		39		84		54		115		58		51		152		84		56		76		84		108		136		79		109		63		151		102		80		145		82		134		66		117		153		198		90		47		87		89		0		78		180
191		59		144		51		83		41		70		28		129		119		22		160		126		118		75		57		142		129		123		125		165		173		94		59		139		119		112		175		112		110		72		56		30		116		46		94		12		194		113		124		184		40		109		120		143		135		135		43		95		151		39		164		39		56		37		85		123		28		119		98		67		68		181		125		30		134		51		137		112		29		38		139		198		150		66		98		156		171		89		166		139		155		120		65		78		119		49		53		41		64		125		153		61		148		160		115		125		72		136		92		117		60		180		46		50		98		165		63		106		90		137		136		27		174		46		22		98		20		130		158		101		131		141		77		124		102		67		104		156		22		45		109		220		112		87		109		111		78		0		202
11		143		58		151		119		169		132		206		73		83		204		42		76		84		137		145		60		73		79		141		115		29		110		189		63		83		96		45		90		120		194		146		172		86		156		128		190		34		141		78		32		162		161		82		93		83		137		209		107		51		213		44		163		150		165		117		143		174		83		104		135		142		21		81		228		68		219		99		90		231		184		63		26		52		136		118		46		43		167		62		63		57		106		179		126		133		153		175		161		138		77		49		143		54		62		87		103		176		66		110		129		212		22		156		152		104		37		141		96		126		65		122		203		28		156		196		104		182		72		44		101		71		141		125		78		100		145		98		46		224		157		125		18		90		133		93		91		180		202		0
