40
0		9		5		3		1		3		5		7		9		11		16		17		18		19		20		29		31		33		14		21		9		18		27		21		28		28		19		30		19		21		19		32		21		23		34		36		38		49		43		58
9		0		14		12		10		8		6		4		2		2		7		8		9		10		11		20		22		24		9		12		18		9		18		16		19		19		28		21		28		30		28		23		30		32		25		27		29		40		44		49
5		14		0		2		4		6		8		10		12		14		19		20		21		22		23		32		34		36		17		24		12		21		30		24		31		31		18		33		20		20		22		35		22		22		37		39		41		52		46		61
3		12		2		0		2		4		6		8		10		12		17		18		19		20		21		30		32		34		15		22		10		19		28		22		29		29		16		31		18		18		20		33		20		20		35		37		39		50		44		59
1		10		4		2		0		2		4		6		8		10		15		16		17		18		19		28		30		32		13		20		8		17		26		20		27		27		18		29		18		20		18		31		20		22		33		35		37		48		42		57
3		8		6		4		2		0		2		4		6		8		13		14		15		16		17		26		28		30		11		18		10		15		24		18		25		25		20		27		20		22		20		29		22		24		31		33		35		46		40		55
5		6		8		6		4		2		0		2		4		6		11		12		13		14		15		24		26		28		9		16		12		13		22		16		23		23		22		25		22		24		22		27		24		26		29		31		33		44		38		53
7		4		10		8		6		4		2		0		2		4		9		10		11		12		13		22		24		26		7		14		14		11		20		14		21		21		24		23		24		26		24		25		26		28		27		29		31		42		40		51
9		2		12		10		8		6		4		2		0		2		7		8		9		10		11		20		22		24		7		12		16		9		18		14		19		19		26		21		26		28		26		23		28		30		25		27		29		40		42		49
11		2		14		12		10		8		6		4		2		0		5		6		7		8		9		18		20		22		9		10		18		9		16		16		17		17		28		19		28		30		28		21		30		32		23		25		27		38		44		47
16		7		19		17		15		13		11		9		7		5		0		1		2		3		4		13		15		17		12		5		21		12		11		19		12		14		31		16		31		33		31		18		33		35		20		22		22		37		47		42
17		8		20		18		16		14		12		10		8		6		1		0		1		2		3		12		14		16		13		6		22		13		10		20		13		15		32		17		32		34		32		19		34		36		21		23		21		38		48		41
18		9		21		19		17		15		13		11		9		7		2		1		0		1		2		11		13		15		14		7		23		14		11		21		14		16		33		18		33		35		33		20		35		37		22		24		22		39		49		40
19		10		22		20		18		16		14		12		10		8		3		2		1		0		1		10		12		14		15		8		24		15		12		22		15		17		34		19		34		36		34		21		36		38		23		25		23		40		50		39
20		11		23		21		19		17		15		13		11		9		4		3		2		1		0		9		11		13		16		9		25		16		13		23		16		18		35		20		35		37		35		22		37		39		24		26		24		41		51		38
29		20		32		30		28		26		24		22		20		18		13		12		11		10		9		0		2		4		17		10		26		17		14		24		17		19		36		21		36		38		36		23		38		40		25		27		25		42		52		37
31		22		34		32		30		28		26		24		22		20		15		14		13		12		11		2		0		2		19		12		28		19		16		26		19		21		38		23		38		40		38		25		40		42		27		29		27		44		54		39
33		24		36		34		32		30		28		26		24		22		17		16		15		14		13		4		2		0		21		14		30		21		18		28		21		23		40		25		40		42		40		27		42		44		29		31		29		46		56		41
14		9		17		15		13		11		9		7		7		9		12		13		14		15		16		17		19		21		0		7		9		4		13		7		14		14		19		16		19		21		19		18		21		23		20		22		24		35		35		44
21		12		24		22		20		18		16		14		12		10		5		6		7		8		9		10		12		14		7		0		16		7		6		14		7		9		26		11		26		28		26		13		28		30		15		17		17		32		42		37
9		18		12		10		8		10		12		14		16		18		21		22		23		24		25		26		28		30		9		16		0		9		18		12		19		19		10		21		10		12		10		23		12		14		25		27		29		40		34		49
18		9		21		19		17		15		13		11		9		9		12		13		14		15		16		17		19		21		4		7		9		0		9		7		10		10		19		12		19		21		19		14		21		23		16		18		20		31		35		40
27		18		30		28		26		24		22		20		18		16		11		10		11		12		13		14		16		18		13		6		18		9		0		10		3		5		22		7		22		24		22		9		24		26		11		13		11		28		38		31
21		16		24		22		20		18		16		14		14		16		19		20		21		22		23		24		26		28		7		14		12		7		10		0		7		7		12		9		12		14		12		11		14		16		13		15		17		28		28		37
28		19		31		29		27		25		23		21		19		17		12		13		14		15		16		17		19		21		14		7		19		10		3		7		0		2		19		4		19		21		19		6		21		23		8		10		10		25		35		30
28		19		31		29		27		25		23		21		19		17		14		15		16		17		18		19		21		23		14		9		19		10		5		7		2		0		17		2		17		19		17		4		19		21		6		8		10		23		33		30
19		28		18		16		18		20		22		24		26		28		31		32		33		34		35		36		38		40		19		26		10		19		22		12		19		17		0		15		2		2		4		17		4		4		19		21		23		34		28		43
30		21		33		31		29		27		25		23		21		19		16		17		18		19		20		21		23		25		16		11		21		12		7		9		4		2		15		0		15		17		15		2		17		19		4		6		8		21		31		28
19		28		20		18		18		20		22		24		26		28		31		32		33		34		35		36		38		40		19		26		10		19		22		12		19		17		2		15		0		2		2		15		2		4		17		19		21		32		26		41
21		30		20		18		20		22		24		26		28		30		33		34		35		36		37		38		40		42		21		28		12		21		24		14		21		19		2		17		2		0		2		15		2		2		17		19		21		32		26		41
19		28		22		20		18		20		22		24		26		28		31		32		33		34		35		36		38		40		19		26		10		19		22		12		19		17		4		15		2		2		0		13		2		4		15		17		19		30		24		39
32		23		35		33		31		29		27		25		23		21		18		19		20		21		22		23		25		27		18		13		23		14		9		11		6		4		17		2		15		15		13		0		15		17		2		4		6		19		29		26
21		30		22		20		20		22		24		26		28		30		33		34		35		36		37		38		40		42		21		28		12		21		24		14		21		19		4		17		2		2		2		15		0		2		15		17		19		30		24		39
23		32		22		20		22		24		26		28		30		32		35		36		37		38		39		40		42		44		23		30		14		23		26		16		23		21		4		19		4		2		4		17		2		0		15		17		19		30		24		39
34		25		37		35		33		31		29		27		25		23		20		21		22		23		24		25		27		29		20		15		25		16		11		13		8		6		19		4		17		17		15		2		15		15		0		2		4		17		27		24
36		27		39		37		35		33		31		29		27		25		22		23		24		25		26		27		29		31		22		17		27		18		13		15		10		8		21		6		19		19		17		4		17		17		2		0		2		15		25		22
38		29		41		39		37		35		33		31		29		27		22		21		22		23		24		25		27		29		24		17		29		20		11		17		10		10		23		8		21		21		19		6		19		19		4		2		0		17		27		20
49		40		52		50		48		46		44		42		40		38		37		38		39		40		41		42		44		46		35		32		40		31		28		28		25		23		34		21		32		32		30		19		30		30		17		15		17		0		10		9
43		44		46		44		42		40		38		40		42		44		47		48		49		50		51		52		54		56		35		42		34		35		38		28		35		33		28		31		26		26		24		29		24		24		27		25		27		10		0		15
58		49		61		59		57		55		53		51		49		47		42		41		40		39		38		37		39		41		44		37		49		40		31		37		30		30		43		28		41		41		39		26		39		39		24		22		20		9		15		0
