120
0		2		4		6		40		44		19		27		49		33		55		50		40		51		33		55		54		35		37		39		41		26		25		32		29		28		69		44		79		81		54		83		56		85		58		87		60		89		62		91		93		104		75		76		95		110		92		97		93		91		89		99		110		85		101		103		105		101		63		99		107		109		70		111		72		67		71		113		74		99		126		115		76		95		117		78		124		119		77		80		105		82		84		86		105		88		135		117		104		101		99		97		95		93		91		89		87		85		83		85		87		89		91		93		95		143		134		87		134		140		99		98		130		117		101		112		158		168		112		168
2		0		2		4		42		46		21		25		47		31		53		52		42		53		31		53		56		33		35		37		39		28		25		30		31		28		71		46		77		79		52		81		54		83		56		85		58		87		60		89		91		102		77		78		93		108		94		95		95		93		91		97		108		83		99		101		103		103		65		97		105		107		68		109		70		65		69		111		72		97		124		113		74		93		115		76		126		117		79		78		103		80		82		84		103		86		137		119		106		103		101		99		97		95		93		91		89		87		85		83		85		87		89		91		93		141		136		89		136		142		97		96		132		119		103		110		156		166		110		166
4		2		0		2		44		48		23		23		45		29		51		54		44		55		29		51		58		31		33		35		37		30		27		28		33		30		73		48		75		77		50		79		52		81		54		83		56		85		58		87		89		100		79		80		91		106		96		93		97		95		93		95		106		81		97		99		101		105		67		95		103		105		66		107		68		67		67		109		70		95		122		111		72		91		113		74		128		115		81		76		101		78		80		82		101		84		139		121		108		105		103		101		99		97		95		93		91		89		87		85		83		85		87		89		91		139		138		91		138		144		95		94		134		121		105		108		154		164		108		164
6		4		2		0		46		50		25		21		43		27		49		56		46		57		27		49		60		29		31		33		35		32		29		26		35		32		75		50		73		75		48		77		50		79		52		81		54		83		56		85		87		98		81		82		89		104		98		91		99		97		95		93		104		79		95		97		99		107		69		93		101		103		64		105		66		69		65		107		68		93		120		109		70		89		111		72		130		113		83		74		99		76		78		80		99		82		141		123		110		107		105		103		101		99		97		95		93		91		89		87		85		83		85		87		89		137		140		93		140		146		93		96		136		123		107		106		152		162		110		162
40		42		44		46		0		4		25		59		81		65		87		10		14		11		65		87		14		67		69		71		73		54		57		64		57		60		29		50		111		113		86		115		88		117		90		119		92		121		94		123		125		136		49		50		127		142		52		129		53		51		49		131		142		117		133		135		137		61		85		131		139		141		102		143		104		99		103		145		106		131		158		147		108		127		149		110		84		151		99		112		137		114		116		118		137		120		95		79		92		97		99		101		103		105		107		109		111		113		115		117		119		121		123		125		127		175		94		117		94		100		131		130		92		105		131		144		190		200		144		200
44		46		48		50		4		0		25		59		81		65		87		6		14		7		65		87		14		67		69		71		73		54		57		64		57		60		25		50		111		113		86		115		88		117		90		119		92		121		94		123		125		136		49		50		127		142		48		129		49		47		45		131		142		117		133		135		137		57		85		131		139		141		102		143		104		99		103		145		106		131		158		147		108		127		149		110		80		151		99		112		137		114		116		118		137		120		91		79		92		97		99		101		103		105		107		109		111		113		115		117		119		121		123		125		127		175		90		117		90		96		131		130		92		105		131		144		190		200		144		200
19		21		23		25		25		25		0		34		56		40		62		31		21		32		40		62		35		42		44		46		48		29		32		39		32		35		50		25		86		88		61		90		63		92		65		94		67		96		69		98		100		111		56		57		102		117		73		104		74		72		70		106		117		92		108		110		112		82		60		106		114		116		77		118		79		74		78		120		81		106		133		122		83		102		124		85		105		126		74		87		112		89		91		93		112		95		116		98		85		82		80		78		78		80		82		84		86		88		90		92		94		96		98		100		102		150		115		92		115		121		106		105		111		98		106		119		165		175		119		175
27		25		23		21		59		59		34		0		22		6		28		63		53		64		6		28		67		20		18		16		14		39		36		33		42		39		82		57		52		54		27		56		29		58		31		60		33		62		35		64		66		77		88		89		68		83		105		70		106		104		102		72		83		58		74		76		78		114		76		72		80		82		67		84		69		76		72		86		71		72		99		88		73		68		90		75		137		92		90		77		78		79		81		83		78		85		148		130		117		114		112		110		108		106		104		102		100		98		96		94		92		90		88		86		84		116		147		100		147		153		100		103		143		130		114		103		131		141		117		141
49		47		45		43		81		81		56		22		0		22		6		85		75		86		28		6		89		42		40		38		36		61		58		55		64		61		104		79		30		32		49		34		51		36		53		38		55		40		57		42		44		55		110		111		46		61		127		48		128		126		124		50		61		54		52		54		56		136		98		54		58		60		89		62		91		98		94		64		93		68		77		66		95		76		68		97		159		70		112		99		76		101		103		105		86		107		170		152		139		136		134		132		130		128		126		124		122		120		118		116		114		112		110		108		106		94		169		122		169		175		122		125		165		152		136		125		109		119		139		119
33		31		29		27		65		65		40		6		22		0		22		63		53		64		6		22		67		20		18		16		14		39		36		33		42		39		82		57		46		48		27		50		29		52		31		54		33		56		35		58		60		71		88		89		62		77		105		64		106		104		102		66		77		52		68		70		72		114		76		66		74		76		67		78		69		76		72		80		71		66		93		82		73		62		84		75		137		86		90		77		72		79		81		83		72		85		148		130		117		114		112		110		108		106		104		102		100		98		96		94		92		90		88		86		84		110		147		100		147		153		100		103		143		130		114		103		125		135		117		135
55		53		51		49		87		87		62		28		6		22		0		85		75		86		28		6		89		42		40		38		36		61		58		55		64		61		104		79		24		26		49		28		51		30		53		32		55		34		57		36		38		49		110		111		40		55		127		42		128		126		124		44		55		54		46		48		50		136		98		54		52		54		89		56		91		98		94		58		93		68		71		60		95		76		62		97		159		64		112		99		76		101		103		105		86		107		170		152		139		136		134		132		130		128		126		124		122		120		118		116		114		112		110		108		106		88		169		122		169		175		122		125		165		152		136		125		103		113		139		113
50		52		54		56		10		6		31		63		85		63		85		0		10		1		61		83		10		63		65		67		69		50		53		60		53		56		21		46		107		109		82		111		84		113		86		115		88		117		90		119		121		132		45		46		123		138		42		125		43		41		39		127		138		113		129		131		133		51		81		127		135		137		98		139		100		95		99		141		102		127		154		143		104		123		145		106		74		147		95		108		133		110		112		114		133		116		85		75		88		93		95		97		99		101		103		105		107		109		111		113		115		117		119		121		123		171		84		113		84		90		127		126		88		101		127		140		186		196		140		196
40		42		44		46		14		14		21		53		75		53		75		10		0		11		51		73		14		53		55		57		59		40		43		50		43		46		29		36		97		99		72		101		74		103		76		105		78		107		80		109		111		122		35		36		113		128		52		115		53		51		49		117		128		103		119		121		123		61		71		117		125		127		88		129		90		85		89		131		92		117		144		133		94		113		135		96		84		137		85		98		123		100		102		104		123		106		95		77		78		83		85		87		89		91		93		95		97		99		101		103		105		107		109		111		113		161		94		103		94		100		117		116		90		91		117		130		176		186		130		186
51		53		55		57		11		7		32		64		86		64		86		1		11		0		60		82		9		62		64		66		68		49		52		59		52		55		20		45		106		108		81		110		83		112		85		114		87		116		89		118		120		131		44		45		122		137		41		124		42		40		38		126		137		112		128		130		132		50		80		126		134		136		97		138		99		94		98		140		101		126		153		142		103		122		144		105		73		146		94		107		132		109		111		113		132		115		84		74		87		92		94		96		98		100		102		104		106		108		110		112		114		116		118		120		122		170		83		112		83		89		126		125		87		100		126		139		185		195		139		195
33		31		29		27		65		65		40		6		28		6		28		61		51		60		0		22		61		14		12		10		8		33		30		27		36		33		76		51		46		48		21		50		23		52		25		54		27		56		29		58		60		71		82		83		62		77		99		64		100		98		96		66		77		52		68		70		72		108		70		66		74		76		61		78		63		70		66		80		65		66		93		82		67		62		84		69		131		86		84		71		72		73		75		77		72		79		142		124		111		108		106		104		102		100		98		96		94		92		90		88		86		84		82		80		78		110		141		94		141		147		94		97		137		124		108		97		125		135		111		135
55		53		51		49		87		87		62		28		6		22		6		83		73		82		22		0		83		36		34		32		30		55		52		49		58		55		98		73		24		26		43		28		45		30		47		32		49		34		51		36		38		49		104		105		40		55		121		42		122		120		118		44		55		48		46		48		50		130		92		48		52		54		83		56		85		92		88		58		87		62		71		60		89		70		62		91		153		64		106		93		70		95		97		99		80		101		164		146		133		130		128		126		124		122		120		118		116		114		112		110		108		106		104		102		100		88		163		116		163		169		116		119		159		146		130		119		103		113		133		113
54		56		58		60		14		14		35		67		89		67		89		10		14		9		61		83		0		53		55		57		59		40		43		50		43		46		15		36		97		99		72		101		74		103		76		105		78		107		80		109		111		122		35		36		113		128		38		115		39		37		35		117		128		103		119		121		123		47		71		117		125		127		88		129		90		85		89		131		92		117		144		133		94		113		135		96		70		137		85		98		123		100		102		104		123		106		81		65		78		83		85		87		89		91		93		95		97		99		101		103		105		107		109		111		113		161		80		103		80		86		117		116		78		91		117		130		176		186		130		186
35		33		31		29		67		67		42		20		42		20		42		63		53		62		14		36		53		0		2		4		6		19		16		13		22		19		62		37		44		46		19		48		21		50		23		52		25		54		27		56		58		69		68		69		60		75		85		62		86		84		82		64		75		50		66		68		70		94		56		64		72		74		47		76		49		56		52		78		51		64		91		80		53		60		82		55		117		84		70		57		70		59		61		63		70		65		128		110		97		94		92		90		88		86		84		82		80		78		76		74		72		70		68		66		64		108		127		80		127		133		80		83		123		110		94		83		123		133		97		133
37		35		33		31		69		69		44		18		40		18		40		65		55		64		12		34		55		2		0		2		4		21		18		15		24		21		64		39		42		44		17		46		19		48		21		50		23		52		25		54		56		67		70		71		58		73		87		60		88		86		84		62		73		48		64		66		68		96		58		62		70		72		49		74		51		58		54		76		53		62		89		78		55		58		80		57		119		82		72		59		68		61		63		65		68		67		130		112		99		96		94		92		90		88		86		84		82		80		78		76		74		72		70		68		66		106		129		82		129		135		82		85		125		112		96		85		121		131		99		131
39		37		35		33		71		71		46		16		38		16		38		67		57		66		10		32		57		4		2		0		2		23		20		17		26		23		66		41		40		42		15		44		17		46		19		48		21		50		23		52		54		65		72		73		56		71		89		58		90		88		86		60		71		46		62		64		66		98		60		60		68		70		51		72		53		60		56		74		55		60		87		76		57		56		78		59		121		80		74		61		66		63		65		67		66		69		132		114		101		98		96		94		92		90		88		86		84		82		80		78		76		74		72		70		68		104		131		84		131		137		84		87		127		114		98		87		119		129		101		129
41		39		37		35		73		73		48		14		36		14		36		69		59		68		8		30		59		6		4		2		0		25		22		19		28		25		68		43		38		40		13		42		15		44		17		46		19		48		21		50		52		63		74		75		54		69		91		56		92		90		88		58		69		44		60		62		64		100		62		58		66		68		53		70		55		62		58		72		57		58		85		74		59		54		76		61		123		78		76		63		64		65		67		69		64		71		134		116		103		100		98		96		94		92		90		88		86		84		82		80		78		76		74		72		70		102		133		86		133		139		86		89		129		116		100		89		117		127		103		127
26		28		30		32		54		54		29		39		61		39		61		50		40		49		33		55		40		19		21		23		25		0		3		10		3		6		43		18		57		59		32		61		34		63		36		65		38		67		40		69		71		82		49		50		73		88		66		75		67		65		63		77		88		63		79		81		83		75		37		77		85		87		48		89		50		45		49		91		52		77		104		93		54		73		95		56		98		97		51		58		83		60		62		64		83		66		109		91		78		75		73		71		69		67		65		63		61		59		61		63		65		67		69		71		73		121		108		63		108		114		77		76		104		91		77		90		136		146		90		146
25		25		27		29		57		57		32		36		58		36		58		53		43		52		30		52		43		16		18		20		22		3		0		7		6		3		46		21		54		56		29		58		31		60		33		62		35		64		37		66		68		79		52		53		70		85		69		72		70		68		66		74		85		60		76		78		80		78		40		74		82		84		45		86		47		42		46		88		49		74		101		90		51		70		92		53		101		94		54		55		80		57		59		61		80		63		112		94		81		78		76		74		72		70		68		66		64		62		60		60		62		64		66		68		70		118		111		64		111		117		74		73		107		94		78		87		133		143		87		143
32		30		28		26		64		64		39		33		55		33		55		60		50		59		27		49		50		13		15		17		19		10		7		0		9		6		49		24		47		49		22		51		24		53		26		55		28		57		30		59		61		72		55		56		63		78		72		65		73		71		69		67		78		53		69		71		73		81		43		67		75		77		38		79		40		43		39		81		42		67		94		83		44		63		85		46		104		87		57		48		73		50		52		54		73		56		115		97		84		81		79		77		75		73		71		69		67		65		63		61		59		57		59		61		63		111		114		67		114		120		67		70		110		97		81		80		126		136		84		136
29		31		33		35		57		57		32		42		64		42		64		53		43		52		36		58		43		22		24		26		28		3		6		9		0		3		40		15		54		56		29		58		31		60		33		62		35		64		37		66		68		79		46		47		70		85		63		72		64		62		60		74		85		60		76		78		80		72		34		74		82		84		45		86		47		42		46		88		49		74		101		90		51		70		92		53		95		94		48		55		80		57		59		61		80		63		106		88		75		72		70		68		66		64		62		60		58		56		58		60		62		64		66		68		70		118		105		60		105		111		74		73		101		88		74		87		133		143		87		143
28		28		30		32		60		60		35		39		61		39		61		56		46		55		33		55		46		19		21		23		25		6		3		6		3		0		43		18		51		53		26		55		28		57		30		59		32		61		34		63		65		76		49		50		67		82		66		69		67		65		63		71		82		57		73		75		77		75		37		71		79		81		42		83		44		39		43		85		46		71		98		87		48		67		89		50		98		91		51		52		77		54		56		58		77		60		109		91		78		75		73		71		69		67		65		63		61		59		57		57		59		61		63		65		67		115		108		61		108		114		71		70		104		91		75		84		130		140		84		140
69		71		73		75		29		25		50		82		104		82		104		21		29		20		76		98		15		62		64		66		68		43		46		49		40		43		0		25		86		88		61		90		63		92		65		94		67		96		69		98		100		111		24		25		102		117		23		104		24		22		20		106		117		92		108		110		112		32		60		106		114		116		77		118		79		74		78		120		81		106		133		122		83		102		124		85		55		126		74		87		112		89		91		93		112		95		66		54		67		72		74		76		78		80		82		84		86		88		90		92		94		96		98		100		102		150		65		92		65		71		106		105		67		80		106		119		165		175		119		175
44		46		48		50		50		50		25		57		79		57		79		46		36		45		51		73		36		37		39		41		43		18		21		24		15		18		25		0		61		63		36		65		38		67		40		69		42		71		44		73		75		86		31		32		77		92		48		79		49		47		45		81		92		67		83		85		87		57		35		81		89		91		52		93		54		49		53		95		56		81		108		97		58		77		99		60		80		101		49		62		87		64		66		68		87		70		91		73		60		57		55		53		53		55		57		59		61		63		65		67		69		71		73		75		77		125		90		67		90		96		81		80		86		73		81		94		140		150		94		150
79		77		75		73		111		111		86		52		30		46		24		107		97		106		46		24		97		44		42		40		38		57		54		47		54		51		86		61		0		2		31		4		33		6		35		8		37		10		39		12		14		25		92		93		16		31		109		18		110		108		106		20		31		36		22		24		26		118		80		36		28		30		71		32		73		80		76		34		75		50		47		36		77		58		38		79		141		40		94		81		58		83		85		87		68		89		152		134		121		118		116		114		112		110		108		106		104		102		100		98		96		94		92		90		88		64		151		104		151		157		104		107		147		134		118		107		79		89		121		89
81		79		77		75		113		113		88		54		32		48		26		109		99		108		48		26		99		46		44		42		40		59		56		49		56		53		88		63		2		0		29		2		31		4		33		6		35		8		37		10		12		23		90		91		14		29		107		16		108		106		104		18		29		34		20		22		24		116		78		34		26		28		69		30		71		78		74		32		73		48		45		34		75		56		36		77		139		38		92		79		56		81		83		85		66		87		150		132		119		116		114		112		110		108		106		104		102		100		98		96		94		92		90		88		86		62		149		102		149		155		102		105		145		132		116		105		77		87		119		87
54		52		50		48		86		86		61		27		49		27		49		82		72		81		21		43		72		19		17		15		13		32		29		22		29		26		61		36		31		29		0		29		2		31		4		33		6		35		8		37		39		50		61		62		41		56		78		43		79		77		75		45		56		31		47		49		51		87		49		45		53		55		40		57		42		49		45		59		44		45		72		61		46		41		63		48		110		65		63		50		51		52		54		56		51		58		121		103		90		87		85		83		81		79		77		75		73		71		69		67		65		63		61		59		57		89		120		73		120		126		73		76		116		103		87		76		104		114		90		114
83		81		79		77		115		115		90		56		34		50		28		111		101		110		50		28		101		48		46		44		42		61		58		51		58		55		90		65		4		2		29		0		29		2		31		4		33		6		35		8		10		21		88		89		12		27		105		14		106		104		102		16		27		32		18		20		22		114		76		32		24		26		67		28		69		76		72		30		71		46		43		32		73		54		34		75		137		36		90		77		54		79		81		83		64		85		148		130		117		114		112		110		108		106		104		102		100		98		96		94		92		90		88		86		84		60		147		100		147		153		100		103		143		130		114		103		75		85		117		85
56		54		52		50		88		88		63		29		51		29		51		84		74		83		23		45		74		21		19		17		15		34		31		24		31		28		63		38		33		31		2		29		0		29		2		31		4		33		6		35		37		48		59		60		39		54		76		41		77		75		73		43		54		29		45		47		49		85		47		43		51		53		38		55		40		47		43		57		42		43		70		59		44		39		61		46		108		63		61		48		49		50		52		54		49		56		119		101		88		85		83		81		79		77		75		73		71		69		67		65		63		61		59		57		55		87		118		71		118		124		71		74		114		101		85		74		102		112		88		112
85		83		81		79		117		117		92		58		36		52		30		113		103		112		52		30		103		50		48		46		44		63		60		53		60		57		92		67		6		4		31		2		29		0		29		2		31		4		33		6		8		19		86		87		10		25		103		12		104		102		100		14		25		30		16		18		20		112		74		30		22		24		65		26		67		74		70		28		69		44		41		30		71		52		32		73		135		34		88		75		52		77		79		81		62		83		146		128		115		112		110		108		106		104		102		100		98		96		94		92		90		88		86		84		82		58		145		98		145		151		98		101		141		128		112		101		73		83		115		83
58		56		54		52		90		90		65		31		53		31		53		86		76		85		25		47		76		23		21		19		17		36		33		26		33		30		65		40		35		33		4		31		2		29		0		29		2		31		4		33		35		46		57		58		37		52		74		39		75		73		71		41		52		27		43		45		47		83		45		41		49		51		36		53		38		45		41		55		40		41		68		57		42		37		59		44		106		61		59		46		47		48		50		52		47		54		117		99		86		83		81		79		77		75		73		71		69		67		65		63		61		59		57		55		53		85		116		69		116		122		69		72		112		99		83		72		100		110		86		110
87		85		83		81		119		119		94		60		38		54		32		115		105		114		54		32		105		52		50		48		46		65		62		55		62		59		94		69		8		6		33		4		31		2		29		0		29		2		31		4		6		17		84		85		8		23		101		10		102		100		98		12		23		28		14		16		18		110		72		28		20		22		63		24		65		72		68		26		67		42		39		28		69		50		30		71		133		32		86		73		50		75		77		79		60		81		144		126		113		110		108		106		104		102		100		98		96		94		92		90		88		86		84		82		80		56		143		96		143		149		96		99		139		126		110		99		71		81		113		81
60		58		56		54		92		92		67		33		55		33		55		88		78		87		27		49		78		25		23		21		19		38		35		28		35		32		67		42		37		35		6		33		4		31		2		29		0		29		2		31		33		44		55		56		35		50		72		37		73		71		69		39		50		25		41		43		45		81		43		39		47		49		34		51		36		43		39		53		38		39		66		55		40		35		57		42		104		59		57		44		45		46		48		50		45		52		115		97		84		81		79		77		75		73		71		69		67		65		63		61		59		57		55		53		51		83		114		67		114		120		67		70		110		97		81		70		98		108		84		108
89		87		85		83		121		121		96		62		40		56		34		117		107		116		56		34		107		54		52		50		48		67		64		57		64		61		96		71		10		8		35		6		33		4		31		2		29		0		29		2		4		15		82		83		6		21		99		8		100		98		96		10		21		26		12		14		16		108		70		26		18		20		61		22		63		70		66		24		65		40		37		26		67		48		28		69		131		30		84		71		48		73		75		77		58		79		142		124		111		108		106		104		102		100		98		96		94		92		90		88		86		84		82		80		78		54		141		94		141		147		94		97		137		124		108		97		69		79		111		79
62		60		58		56		94		94		69		35		57		35		57		90		80		89		29		51		80		27		25		23		21		40		37		30		37		34		69		44		39		37		8		35		6		33		4		31		2		29		0		29		31		42		53		54		33		48		70		35		71		69		67		37		48		23		39		41		43		79		41		37		45		47		32		49		34		41		37		51		36		37		64		53		38		33		55		40		102		57		55		42		43		44		46		48		43		50		113		95		82		79		77		75		73		71		69		67		65		63		61		59		57		55		53		51		49		81		112		65		112		118		65		68		108		95		79		68		96		106		82		106
91		89		87		85		123		123		98		64		42		58		36		119		109		118		58		36		109		56		54		52		50		69		66		59		66		63		98		73		12		10		37		8		35		6		33		4		31		2		29		0		2		13		80		81		4		19		97		6		98		96		94		8		19		24		10		12		14		106		68		24		16		18		59		20		61		68		64		22		63		38		35		24		65		46		26		67		129		28		82		69		46		71		73		75		56		77		140		122		109		106		104		102		100		98		96		94		92		90		88		86		84		82		80		78		76		52		139		92		139		145		92		95		135		122		106		95		67		77		109		77
93		91		89		87		125		125		100		66		44		60		38		121		111		120		60		38		111		58		56		54		52		71		68		61		68		65		100		75		14		12		39		10		37		8		35		6		33		4		31		2		0		11		78		79		2		17		95		4		96		94		92		6		17		22		8		10		12		104		66		22		14		16		57		18		59		66		62		20		61		36		33		22		63		44		24		65		127		26		80		67		44		69		71		73		54		75		138		120		107		104		102		100		98		96		94		92		90		88		86		84		82		80		78		76		74		50		137		90		137		143		90		93		133		120		104		93		65		75		107		75
104		102		100		98		136		136		111		77		55		71		49		132		122		131		71		49		122		69		67		65		63		82		79		72		79		76		111		86		25		23		50		21		48		19		46		17		44		15		42		13		11		0		89		90		13		6		106		15		107		105		103		17		6		33		19		21		23		115		77		33		25		27		68		29		70		77		73		31		72		47		22		33		74		55		35		76		138		37		91		78		55		80		82		84		65		86		149		131		118		115		113		111		109		107		105		103		101		99		97		95		93		91		89		87		85		39		148		101		148		154		101		104		144		131		115		104		58		64		118		68
75		77		79		81		49		49		56		88		110		88		110		45		35		44		82		104		35		68		70		72		74		49		52		55		46		49		24		31		92		90		61		88		59		86		57		84		55		82		53		80		78		89		0		1		78		93		17		80		18		16		14		82		93		68		84		86		88		26		36		82		90		92		53		94		55		50		54		96		57		82		109		98		59		78		100		61		49		102		50		63		88		65		67		69		88		71		60		42		43		48		50		52		54		56		58		60		62		64		66		68		70		72		74		76		78		126		59		68		59		65		82		81		55		56		82		95		141		151		95		151
76		78		80		82		50		50		57		89		111		89		111		46		36		45		83		105		36		69		71		73		75		50		53		56		47		50		25		32		93		91		62		89		60		87		58		85		56		83		54		81		79		90		1		0		77		92		16		79		17		15		13		81		92		67		83		85		87		25		35		81		89		91		52		93		54		49		53		95		56		81		108		97		58		77		99		60		48		101		49		62		87		64		66		68		87		70		59		41		42		47		49		51		53		55		57		59		61		63		65		67		69		71		73		75		77		125		58		67		58		64		81		80		54		55		81		94		140		150		94		150
95		93		91		89		127		127		102		68		46		62		40		123		113		122		62		40		113		60		58		56		54		73		70		63		70		67		102		77		16		14		41		12		39		10		37		8		35		6		33		4		2		13		78		77		0		15		93		2		94		92		90		4		15		20		6		8		10		102		64		20		12		14		55		16		57		64		60		18		59		34		31		20		61		42		22		63		125		24		78		65		42		67		69		71		52		73		136		118		105		102		100		98		96		94		92		90		88		86		84		82		80		78		76		74		72		48		135		88		135		141		88		91		131		118		102		91		63		73		105		73
110		108		106		104		142		142		117		83		61		77		55		138		128		137		77		55		128		75		73		71		69		88		85		78		85		82		117		92		31		29		56		27		54		25		52		23		50		21		48		19		17		6		93		92		15		0		106		15		107		105		103		17		6		33		19		21		23		115		77		33		25		27		68		29		70		77		73		31		72		47		20		33		74		55		35		76		138		37		91		78		55		80		82		84		65		86		149		131		118		115		113		111		109		107		105		103		101		99		97		95		93		91		89		87		85		37		148		101		148		154		101		104		144		131		115		104		58		58		118		68
92		94		96		98		52		48		73		105		127		105		127		42		52		41		99		121		38		85		87		89		91		66		69		72		63		66		23		48		109		107		78		105		76		103		74		101		72		99		70		97		95		106		17		16		93		106		0		91		1		3		5		93		104		79		95		97		99		9		47		93		101		103		64		105		66		61		65		107		68		93		120		109		70		89		111		72		32		113		61		74		99		76		78		80		99		82		43		41		54		59		61		63		65		67		69		71		73		75		77		79		81		83		85		87		89		137		42		79		42		48		93		92		54		67		93		106		152		162		106		162
97		95		93		91		129		129		104		70		48		64		42		125		115		124		64		42		115		62		60		58		56		75		72		65		72		69		104		79		18		16		43		14		41		12		39		10		37		8		35		6		4		15		80		79		2		15		91		0		92		90		88		2		13		18		4		6		8		100		62		18		10		12		53		14		55		62		58		16		57		32		29		18		59		40		20		61		123		22		76		63		40		65		67		69		50		71		134		116		103		100		98		96		94		92		90		88		86		84		82		80		78		76		74		72		70		46		133		86		133		139		86		89		129		116		100		89		61		71		103		71
93		95		97		99		53		49		74		106		128		106		128		43		53		42		100		122		39		86		88		90		92		67		70		73		64		67		24		49		110		108		79		106		77		104		75		102		73		100		71		98		96		107		18		17		94		107		1		92		0		2		4		92		103		78		94		96		98		8		46		92		100		102		63		104		65		60		64		106		67		92		119		108		69		88		110		71		31		112		60		73		98		75		77		79		98		81		42		40		53		58		60		62		64		66		68		70		72		74		76		78		80		82		84		86		88		136		41		78		41		47		92		91		53		66		92		105		151		161		105		161
91		93		95		97		51		47		72		104		126		104		126		41		51		40		98		120		37		84		86		88		90		65		68		71		62		65		22		47		108		106		77		104		75		102		73		100		71		98		69		96		94		105		16		15		92		105		3		90		2		0		2		90		101		76		92		94		96		10		44		90		98		100		61		102		63		58		62		104		65		90		117		106		67		86		108		69		33		110		58		71		96		73		75		77		96		79		44		38		51		56		58		60		62		64		66		68		70		72		74		76		78		80		82		84		86		134		43		76		43		49		90		89		51		64		90		103		149		159		103		159
89		91		93		95		49		45		70		102		124		102		124		39		49		38		96		118		35		82		84		86		88		63		66		69		60		63		20		45		106		104		75		102		73		100		71		98		69		96		67		94		92		103		14		13		90		103		5		88		4		2		0		88		99		74		90		92		94		12		42		88		96		98		59		100		61		56		60		102		63		88		115		104		65		84		106		67		35		108		56		69		94		71		73		75		94		77		46		36		49		54		56		58		60		62		64		66		68		70		72		74		76		78		80		82		84		132		45		74		45		51		88		87		49		62		88		101		147		157		101		157
99		97		95		93		131		131		106		72		50		66		44		127		117		126		66		44		117		64		62		60		58		77		74		67		74		71		106		81		20		18		45		16		43		14		41		12		39		10		37		8		6		17		82		81		4		17		93		2		92		90		88		0		11		16		2		4		6		98		60		16		8		10		51		12		53		60		56		14		55		30		27		16		57		38		18		59		121		20		74		61		38		63		65		67		48		69		132		114		101		98		96		94		92		90		88		86		84		82		80		78		76		74		72		70		68		44		131		84		131		137		84		87		127		114		98		87		59		69		101		69
110		108		106		104		142		142		117		83		61		77		55		138		128		137		77		55		128		75		73		71		69		88		85		78		85		82		117		92		31		29		56		27		54		25		52		23		50		21		48		19		17		6		93		92		15		6		104		13		103		101		99		11		0		27		13		15		17		109		71		27		19		21		62		23		64		71		67		25		66		41		16		27		68		49		29		70		132		31		85		72		49		74		76		78		59		80		143		125		112		109		107		105		103		101		99		97		95		93		91		89		87		85		83		81		79		33		142		95		142		148		95		98		138		125		109		98		52		58		112		62
85		83		81		79		117		117		92		58		54		52		54		113		103		112		52		48		103		50		48		46		44		63		60		53		60		57		92		67		36		34		31		32		29		30		27		28		25		26		23		24		22		33		68		67		20		33		79		18		78		76		74		16		27		0		16		18		20		82		44		14		22		24		35		26		37		44		40		28		39		14		41		30		41		22		32		43		105		34		58		45		22		47		49		51		32		53		116		98		85		82		80		78		76		74		72		70		68		66		64		62		60		58		56		54		52		58		115		68		115		121		68		71		111		98		82		71		73		83		85		83
101		99		97		95		133		133		108		74		52		68		46		129		119		128		68		46		119		66		64		62		60		79		76		69		76		73		108		83		22		20		47		18		45		16		43		14		41		12		39		10		8		19		84		83		6		19		95		4		94		92		90		2		13		16		0		2		4		96		58		14		6		8		49		10		51		58		54		12		53		28		25		14		55		36		16		57		119		18		72		59		36		61		63		65		46		67		130		112		99		96		94		92		90		88		86		84		82		80		78		76		74		72		70		68		66		42		129		82		129		135		82		85		125		112		96		85		57		67		99		67
103		101		99		97		135		135		110		76		54		70		48		131		121		130		70		48		121		68		66		64		62		81		78		71		78		75		110		85		24		22		49		20		47		18		45		16		43		14		41		12		10		21		86		85		8		21		97		6		96		94		92		4		15		18		2		0		2		94		56		12		4		6		47		8		49		56		52		10		51		26		23		12		53		34		14		55		117		16		70		57		34		59		61		63		44		65		128		110		97		94		92		90		88		86		84		82		80		78		76		74		72		70		68		66		64		40		127		80		127		133		80		83		123		110		94		83		55		65		97		65
105		103		101		99		137		137		112		78		56		72		50		133		123		132		72		50		123		70		68		66		64		83		80		73		80		77		112		87		26		24		51		22		49		20		47		18		45		16		43		14		12		23		88		87		10		23		99		8		98		96		94		6		17		20		4		2		0		92		54		10		2		4		45		6		47		54		50		8		49		24		21		10		51		32		12		53		115		14		68		55		32		57		59		61		42		63		126		108		95		92		90		88		86		84		82		80		78		76		74		72		70		68		66		64		62		38		125		78		125		131		78		81		121		108		92		81		53		63		95		63
101		103		105		107		61		57		82		114		136		114		136		51		61		50		108		130		47		94		96		98		100		75		78		81		72		75		32		57		118		116		87		114		85		112		83		110		81		108		79		106		104		115		26		25		102		115		9		100		8		10		12		98		109		82		96		94		92		0		38		84		92		94		55		96		57		52		56		98		59		84		111		100		61		80		102		63		23		104		52		65		90		67		69		71		90		73		34		32		45		50		52		54		56		58		60		62		64		66		68		70		72		74		76		78		80		128		33		70		33		39		84		83		45		58		84		97		143		153		97		153
63		65		67		69		85		85		60		76		98		76		98		81		71		80		70		92		71		56		58		60		62		37		40		43		34		37		60		35		80		78		49		76		47		74		45		72		43		70		41		68		66		77		36		35		64		77		47		62		46		44		42		60		71		44		58		56		54		38		0		46		54		56		17		58		19		14		18		60		21		46		73		62		23		42		64		25		61		66		14		27		52		29		31		33		52		35		72		54		41		38		36		34		32		30		28		26		26		28		30		32		34		36		38		40		42		90		71		32		71		77		46		45		67		54		46		59		105		115		59		115
99		97		95		93		131		131		106		72		54		66		54		127		117		126		66		48		117		64		62		60		58		77		74		67		74		71		106		81		36		34		45		32		43		30		41		28		39		26		37		24		22		33		82		81		20		33		93		18		92		90		88		16		27		14		14		12		10		84		46		0		8		10		35		12		37		44		40		14		39		14		27		16		41		22		18		43		105		20		58		45		22		47		49		51		32		53		116		98		85		82		80		78		76		74		72		70		68		66		64		62		60		58		56		54		52		44		115		68		115		121		68		71		111		98		82		71		59		69		85		69
107		105		103		101		139		139		114		80		58		74		52		135		125		134		74		52		125		72		70		68		66		85		82		75		82		79		114		89		28		26		53		24		51		22		49		20		47		18		45		16		14		25		90		89		12		25		101		10		100		98		96		8		19		22		6		4		2		92		54		8		0		2		43		4		45		52		48		6		47		22		19		8		49		30		10		51		113		12		66		53		30		55		57		59		40		61		124		106		93		90		88		86		84		82		80		78		76		74		72		70		68		66		64		62		60		36		123		76		123		129		76		79		119		106		90		79		51		61		93		61
109		107		105		103		141		141		116		82		60		76		54		137		127		136		76		54		127		74		72		70		68		87		84		77		84		81		116		91		30		28		55		26		53		24		51		22		49		20		47		18		16		27		92		91		14		27		103		12		102		100		98		10		21		24		8		6		4		94		56		10		2		0		41		2		43		50		46		4		45		20		17		6		47		28		8		49		111		10		64		51		28		53		55		57		38		59		122		104		91		88		86		84		82		80		78		76		74		72		70		68		66		64		62		60		58		34		121		74		121		127		74		77		117		104		88		77		49		59		91		59
70		68		66		64		102		102		77		67		89		67		89		98		88		97		61		83		88		47		49		51		53		48		45		38		45		42		77		52		71		69		40		67		38		65		36		63		34		61		32		59		57		68		53		52		55		68		64		53		63		61		59		51		62		35		49		47		45		55		17		35		43		41		0		41		2		9		5		43		4		29		56		45		6		25		47		8		70		49		23		10		35		12		14		16		35		18		81		63		50		47		45		43		41		39		37		35		33		31		29		27		25		23		21		23		25		73		80		33		80		86		33		36		76		63		47		42		88		98		50		98
111		109		107		105		143		143		118		84		62		78		56		139		129		138		78		56		129		76		74		72		70		89		86		79		86		83		118		93		32		30		57		28		55		26		53		24		51		22		49		20		18		29		94		93		16		29		105		14		104		102		100		12		23		26		10		8		6		96		58		12		4		2		41		0		41		48		44		2		43		18		15		4		45		26		6		47		109		8		62		49		26		51		53		55		36		57		120		102		89		86		84		82		80		78		76		74		72		70		68		66		64		62		60		58		56		32		119		72		119		125		72		75		115		102		86		75		47		57		89		57
72		70		68		66		104		104		79		69		91		69		91		100		90		99		63		85		90		49		51		53		55		50		47		40		47		44		79		54		73		71		42		69		40		67		38		65		36		63		34		61		59		70		55		54		57		70		66		55		65		63		61		53		64		37		51		49		47		57		19		37		45		43		2		41		0		7		3		41		2		27		54		43		4		23		45		6		68		47		21		8		33		10		12		14		33		16		79		61		48		45		43		41		39		37		35		33		31		29		27		25		23		21		19		21		23		71		78		31		78		84		31		34		74		61		45		40		86		96		48		96
67		65		67		69		99		99		74		76		98		76		98		95		85		94		70		92		85		56		58		60		62		45		42		43		42		39		74		49		80		78		49		76		47		74		45		72		43		70		41		68		66		77		50		49		64		77		61		62		60		58		56		60		71		44		58		56		54		52		14		44		52		50		9		48		7		0		4		46		7		32		59		48		9		28		50		11		61		52		14		13		38		15		17		19		38		21		72		54		41		38		36		34		32		30		28		26		24		22		20		18		20		22		24		26		28		76		71		24		71		77		32		31		67		54		38		45		91		101		45		101
71		69		67		65		103		103		78		72		94		72		94		99		89		98		66		88		89		52		54		56		58		49		46		39		46		43		78		53		76		74		45		72		43		70		41		68		39		66		37		64		62		73		54		53		60		73		65		58		64		62		60		56		67		40		54		52		50		56		18		40		48		46		5		44		3		4		0		42		3		28		55		44		5		24		46		7		65		48		18		9		34		11		13		15		34		17		76		58		45		42		40		38		36		34		32		30		28		26		24		22		20		18		20		22		24		72		75		28		75		81		28		31		71		58		42		41		87		97		45		97
113		111		109		107		145		145		120		86		64		80		58		141		131		140		80		58		131		78		76		74		72		91		88		81		88		85		120		95		34		32		59		30		57		28		55		26		53		24		51		22		20		31		96		95		18		31		107		16		106		104		102		14		25		28		12		10		8		98		60		14		6		4		43		2		41		46		42		0		41		16		13		2		43		24		4		45		107		6		60		47		24		49		51		53		34		55		118		100		87		84		82		80		78		76		74		72		70		68		66		64		62		60		58		56		54		30		117		70		117		123		70		73		113		100		84		73		45		55		87		55
74		72		70		68		106		106		81		71		93		71		93		102		92		101		65		87		92		51		53		55		57		52		49		42		49		46		81		56		75		73		44		71		42		69		40		67		38		65		36		63		61		72		57		56		59		72		68		57		67		65		63		55		66		39		53		51		49		59		21		39		47		45		4		43		2		7		3		41		0		25		52		41		2		21		43		4		66		45		19		6		31		8		10		12		31		14		77		59		46		43		41		39		37		35		33		31		29		27		25		23		21		19		17		19		21		69		76		29		76		82		29		32		72		59		43		38		84		94		46		94
99		97		95		93		131		131		106		72		68		66		68		127		117		126		66		62		117		64		62		60		58		77		74		67		74		71		106		81		50		48		45		46		43		44		41		42		39		40		37		38		36		47		82		81		34		47		93		32		92		90		88		30		41		14		28		26		24		84		46		14		22		20		29		18		27		32		28		16		25		0		27		16		27		8		18		29		91		20		44		31		8		33		35		37		18		39		102		84		71		68		66		64		62		60		58		56		54		52		50		48		46		44		42		40		38		44		101		54		101		107		54		57		97		84		68		57		59		69		71		69
126		124		122		120		158		158		133		99		77		93		71		154		144		153		93		71		144		91		89		87		85		104		101		94		101		98		133		108		47		45		72		43		70		41		68		39		66		37		64		35		33		22		109		108		31		20		120		29		119		117		115		27		16		41		25		23		21		111		73		27		19		17		56		15		54		59		55		13		52		27		0		13		54		35		15		56		118		17		71		58		35		60		62		64		45		66		129		111		98		95		93		91		89		87		85		83		81		79		77		75		73		71		69		67		65		17		128		81		128		134		81		84		124		111		95		84		38		42		98		48
115		113		111		109		147		147		122		88		66		82		60		143		133		142		82		60		133		80		78		76		74		93		90		83		90		87		122		97		36		34		61		32		59		30		57		28		55		26		53		24		22		33		98		97		20		33		109		18		108		106		104		16		27		30		14		12		10		100		62		16		8		6		45		4		43		48		44		2		41		16		13		0		41		22		2		43		105		4		58		45		22		47		49		51		32		53		116		98		85		82		80		78		76		74		72		70		68		66		64		62		60		58		56		54		52		28		115		68		115		121		68		71		111		98		82		71		43		53		85		53
76		74		72		70		108		108		83		73		95		73		95		104		94		103		67		89		94		53		55		57		59		54		51		44		51		48		83		58		77		75		46		73		44		71		42		69		40		67		38		65		63		74		59		58		61		74		70		59		69		67		65		57		68		41		55		53		51		61		23		41		49		47		6		45		4		9		5		43		2		27		54		41		0		19		41		2		64		43		17		4		29		6		8		10		29		12		75		57		44		41		39		37		35		33		31		29		27		25		23		21		19		17		15		17		19		67		74		27		74		80		27		30		70		57		41		36		82		92		44		92
95		93		91		89		127		127		102		68		76		62		76		123		113		122		62		70		113		60		58		56		54		73		70		63		70		67		102		77		58		56		41		54		39		52		37		50		35		48		33		46		44		55		78		77		42		55		89		40		88		86		84		38		49		22		36		34		32		80		42		22		30		28		25		26		23		28		24		24		21		8		35		22		19		0		22		21		83		24		36		23		10		25		27		29		10		31		94		76		63		60		58		56		54		52		50		48		46		44		42		40		38		36		34		32		30		48		93		46		93		99		46		49		89		76		60		49		63		73		63		73
117		115		113		111		149		149		124		90		68		84		62		145		135		144		84		62		135		82		80		78		76		95		92		85		92		89		124		99		38		36		63		34		61		32		59		30		57		28		55		26		24		35		100		99		22		35		111		20		110		108		106		18		29		32		16		14		12		102		64		18		10		8		47		6		45		50		46		4		43		18		15		2		41		22		0		41		103		2		56		43		20		45		47		49		30		51		114		96		83		80		78		76		74		72		70		68		66		64		62		60		58		56		54		52		50		26		113		66		113		119		66		69		109		96		80		69		41		51		83		51
78		76		74		72		110		110		85		75		97		75		97		106		96		105		69		91		96		55		57		59		61		56		53		46		53		50		85		60		79		77		48		75		46		73		44		71		42		69		40		67		65		76		61		60		63		76		72		61		71		69		67		59		70		43		57		55		53		63		25		43		51		49		8		47		6		11		7		45		4		29		56		43		2		21		41		0		62		41		15		2		27		4		6		8		27		10		73		55		42		39		37		35		33		31		29		27		25		23		21		19		17		15		13		15		17		65		72		25		72		78		25		28		68		55		39		34		80		90		42		90
124		126		128		130		84		80		105		137		159		137		159		74		84		73		131		153		70		117		119		121		123		98		101		104		95		98		55		80		141		139		110		137		108		135		106		133		104		131		102		129		127		138		49		48		125		138		32		123		31		33		35		121		132		105		119		117		115		23		61		105		113		111		70		109		68		61		65		107		66		91		118		105		64		83		103		62		0		101		49		62		87		64		66		68		87		70		11		29		42		47		49		51		53		55		57		59		61		63		65		67		69		71		73		75		77		125		18		67		24		24		81		80		42		55		81		94		140		150		94		150
119		117		115		113		151		151		126		92		70		86		64		147		137		146		86		64		137		84		82		80		78		97		94		87		94		91		126		101		40		38		65		36		63		34		61		32		59		30		57		28		26		37		102		101		24		37		113		22		112		110		108		20		31		34		18		16		14		104		66		20		12		10		49		8		47		52		48		6		45		20		17		4		43		24		2		41		101		0		54		41		18		43		45		47		28		49		112		94		81		78		76		74		72		70		68		66		64		62		60		58		56		54		52		50		48		24		111		64		111		117		64		67		107		94		78		67		39		49		81		49
77		79		81		83		99		99		74		90		112		90		112		95		85		94		84		106		85		70		72		74		76		51		54		57		48		51		74		49		94		92		63		90		61		88		59		86		57		84		55		82		80		91		50		49		78		91		61		76		60		58		56		74		85		58		72		70		68		52		14		58		66		64		23		62		21		14		18		60		19		44		71		58		17		36		56		15		49		54		0		13		38		15		17		19		38		21		58		40		27		24		22		20		18		16		14		12		12		14		16		18		20		22		24		26		28		76		57		18		57		63		32		31		53		40		32		45		91		101		45		101
80		78		76		74		112		112		87		77		99		77		99		108		98		107		71		93		98		57		59		61		63		58		55		48		55		52		87		62		81		79		50		77		48		75		46		73		44		71		42		69		67		78		63		62		65		78		74		63		73		71		69		61		72		45		59		57		55		65		27		45		53		51		10		49		8		13		9		47		6		31		58		45		4		23		43		2		62		41		13		0		25		2		4		6		25		8		71		53		40		37		35		33		31		29		27		25		23		21		19		17		15		13		11		13		15		63		70		23		70		76		23		26		66		53		37		32		78		88		40		88
105		103		101		99		137		137		112		78		76		72		76		133		123		132		72		70		123		70		68		66		64		83		80		73		80		77		112		87		58		56		51		54		49		52		47		50		45		48		43		46		44		55		88		87		42		55		99		40		98		96		94		38		49		22		36		34		32		90		52		22		30		28		35		26		33		38		34		24		31		8		35		22		29		10		20		27		87		18		38		25		0		25		27		29		10		31		94		76		63		60		58		56		54		52		50		48		46		44		42		40		38		36		34		32		30		38		93		46		93		99		46		49		89		76		60		49		53		63		63		63
82		80		78		76		114		114		89		79		101		79		101		110		100		109		73		95		100		59		61		63		65		60		57		50		57		54		89		64		83		81		52		79		50		77		48		75		46		73		44		71		69		80		65		64		67		80		76		65		75		73		71		63		74		47		61		59		57		67		29		47		55		53		12		51		10		15		11		49		8		33		60		47		6		25		45		4		64		43		15		2		25		0		2		4		23		6		69		51		38		35		33		31		29		27		25		23		21		19		17		15		13		11		9		11		13		61		68		21		68		74		21		24		64		51		35		30		76		86		38		86
84		82		80		78		116		116		91		81		103		81		103		112		102		111		75		97		102		61		63		65		67		62		59		52		59		56		91		66		85		83		54		81		52		79		50		77		48		75		46		73		71		82		67		66		69		82		78		67		77		75		73		65		76		49		63		61		59		69		31		49		57		55		14		53		12		17		13		51		10		35		62		49		8		27		47		6		66		45		17		4		27		2		0		2		21		4		67		49		36		33		31		29		27		25		23		21		19		17		15		13		11		9		7		9		11		59		66		19		66		72		19		22		62		49		33		28		74		84		36		84
86		84		82		80		118		118		93		83		105		83		105		114		104		113		77		99		104		63		65		67		69		64		61		54		61		58		93		68		87		85		56		83		54		81		52		79		50		77		48		75		73		84		69		68		71		84		80		69		79		77		75		67		78		51		65		63		61		71		33		51		59		57		16		55		14		19		15		53		12		37		64		51		10		29		49		8		68		47		19		6		29		4		2		0		19		2		65		47		34		31		29		27		25		23		21		19		17		15		13		11		9		7		5		7		9		57		64		17		64		70		17		20		60		47		31		26		72		82		34		82
105		103		101		99		137		137		112		78		86		72		86		133		123		132		72		80		123		70		68		66		64		83		80		73		80		77		112		87		68		66		51		64		49		62		47		60		45		58		43		56		54		65		88		87		52		65		99		50		98		96		94		48		59		32		46		44		42		90		52		32		40		38		35		36		33		38		34		34		31		18		45		32		29		10		30		27		87		28		38		25		10		23		21		19		0		21		84		66		53		50		48		46		44		42		40		38		36		34		32		30		28		26		24		22		20		38		83		36		83		89		36		39		79		66		50		39		53		63		53		63
88		86		84		82		120		120		95		85		107		85		107		116		106		115		79		101		106		65		67		69		71		66		63		56		63		60		95		70		89		87		58		85		56		83		54		81		52		79		50		77		75		86		71		70		73		86		82		71		81		79		77		69		80		53		67		65		63		73		35		53		61		59		18		57		16		21		17		55		14		39		66		53		12		31		51		10		70		49		21		8		31		6		4		2		21		0		63		45		32		29		27		25		23		21		19		17		15		13		11		9		7		5		3		5		7		55		62		15		62		68		15		18		58		45		29		24		70		80		32		80
135		137		139		141		95		91		116		148		170		148		170		85		95		84		142		164		81		128		130		132		134		109		112		115		106		109		66		91		152		150		121		148		119		146		117		144		115		142		113		140		138		149		60		59		136		149		43		134		42		44		46		132		143		116		130		128		126		34		72		116		124		122		81		120		79		72		76		118		77		102		129		116		75		94		114		73		11		112		58		71		94		69		67		65		84		63		0		18		31		36		38		40		42		44		46		48		50		52		54		56		58		60		62		64		66		114		7		56		13		13		70		69		31		44		70		83		129		139		83		139
117		119		121		123		79		79		98		130		152		130		152		75		77		74		124		146		65		110		112		114		116		91		94		97		88		91		54		73		134		132		103		130		101		128		99		126		97		124		95		122		120		131		42		41		118		131		41		116		40		38		36		114		125		98		112		110		108		32		54		98		106		104		63		102		61		54		58		100		59		84		111		98		57		76		96		55		29		94		40		53		76		51		49		47		66		45		18		0		13		18		20		22		24		26		28		30		32		34		36		38		40		42		44		46		48		96		17		38		17		23		52		51		13		26		52		65		111		121		65		121
104		106		108		110		92		92		85		117		139		117		139		88		78		87		111		133		78		97		99		101		103		78		81		84		75		78		67		60		121		119		90		117		88		115		86		113		84		111		82		109		107		118		43		42		105		118		54		103		53		51		49		101		112		85		99		97		95		45		41		85		93		91		50		89		48		41		45		87		46		71		98		85		44		63		83		42		42		81		27		40		63		38		36		34		53		32		31		13		0		5		7		9		11		13		15		17		19		21		23		25		27		29		31		33		35		83		30		25		30		36		39		38		26		13		39		52		98		108		52		108
101		103		105		107		97		97		82		114		136		114		136		93		83		92		108		130		83		94		96		98		100		75		78		81		72		75		72		57		118		116		87		114		85		112		83		110		81		108		79		106		104		115		48		47		102		115		59		100		58		56		54		98		109		82		96		94		92		50		38		82		90		88		47		86		45		38		42		84		43		68		95		82		41		60		80		39		47		78		24		37		60		35		33		31		50		29		36		18		5		0		2		4		6		8		10		12		14		16		18		20		22		24		26		28		30		78		33		20		33		39		34		33		29		16		34		47		93		103		47		103
99		101		103		105		99		99		80		112		134		112		134		95		85		94		106		128		85		92		94		96		98		73		76		79		70		73		74		55		116		114		85		112		83		110		81		108		79		106		77		104		102		113		50		49		100		113		61		98		60		58		56		96		107		80		94		92		90		52		36		80		88		86		45		84		43		36		40		82		41		66		93		80		39		58		78		37		49		76		22		35		58		33		31		29		48		27		38		20		7		2		0		2		4		6		8		10		12		14		16		18		20		22		24		26		28		76		35		18		35		41		32		31		31		18		32		45		91		101		45		101
97		99		101		103		101		101		78		110		132		110		132		97		87		96		104		126		87		90		92		94		96		71		74		77		68		71		76		53		114		112		83		110		81		108		79		106		77		104		75		102		100		111		52		51		98		111		63		96		62		60		58		94		105		78		92		90		88		54		34		78		86		84		43		82		41		34		38		80		39		64		91		78		37		56		76		35		51		74		20		33		56		31		29		27		46		25		40		22		9		4		2		0		2		4		6		8		10		12		14		16		18		20		22		24		26		74		37		16		37		43		30		29		33		20		30		43		89		99		43		99
95		97		99		101		103		103		78		108		130		108		130		99		89		98		102		124		89		88		90		92		94		69		72		75		66		69		78		53		112		110		81		108		79		106		77		104		75		102		73		100		98		109		54		53		96		109		65		94		64		62		60		92		103		76		90		88		86		56		32		76		84		82		41		80		39		32		36		78		37		62		89		76		35		54		74		33		53		72		18		31		54		29		27		25		44		23		42		24		11		6		4		2		0		2		4		6		8		10		12		14		16		18		20		22		24		72		39		14		39		45		28		27		35		22		28		41		87		97		41		97
93		95		97		99		105		105		80		106		128		106		128		101		91		100		100		122		91		86		88		90		92		67		70		73		64		67		80		55		110		108		79		106		77		104		75		102		73		100		71		98		96		107		56		55		94		107		67		92		66		64		62		90		101		74		88		86		84		58		30		74		82		80		39		78		37		30		34		76		35		60		87		74		33		52		72		31		55		70		16		29		52		27		25		23		42		21		44		26		13		8		6		4		2		0		2		4		6		8		10		12		14		16		18		20		22		70		41		12		41		47		26		25		37		24		26		39		85		95		39		95
91		93		95		97		107		107		82		104		126		104		126		103		93		102		98		120		93		84		86		88		90		65		68		71		62		65		82		57		108		106		77		104		75		102		73		100		71		98		69		96		94		105		58		57		92		105		69		90		68		66		64		88		99		72		86		84		82		60		28		72		80		78		37		76		35		28		32		74		33		58		85		72		31		50		70		29		57		68		14		27		50		25		23		21		40		19		46		28		15		10		8		6		4		2		0		2		4		6		8		10		12		14		16		18		20		68		43		10		43		49		24		23		39		26		24		37		83		93		37		93
89		91		93		95		109		109		84		102		124		102		124		105		95		104		96		118		95		82		84		86		88		63		66		69		60		63		84		59		106		104		75		102		73		100		71		98		69		96		67		94		92		103		60		59		90		103		71		88		70		68		66		86		97		70		84		82		80		62		26		70		78		76		35		74		33		26		30		72		31		56		83		70		29		48		68		27		59		66		12		25		48		23		21		19		38		17		48		30		17		12		10		8		6		4		2		0		2		4		6		8		10		12		14		16		18		66		45		8		45		51		22		21		41		28		22		35		81		91		35		91
87		89		91		93		111		111		86		100		122		100		122		107		97		106		94		116		97		80		82		84		86		61		64		67		58		61		86		61		104		102		73		100		71		98		69		96		67		94		65		92		90		101		62		61		88		101		73		86		72		70		68		84		95		68		82		80		78		64		26		68		76		74		33		72		31		24		28		70		29		54		81		68		27		46		66		25		61		64		12		23		46		21		19		17		36		15		50		32		19		14		12		10		8		6		4		2		0		2		4		6		8		10		12		14		16		64		47		6		47		53		20		19		43		30		20		33		79		89		33		89
85		87		89		91		113		113		88		98		120		98		120		109		99		108		92		114		99		78		80		82		84		59		62		65		56		59		88		63		102		100		71		98		69		96		67		94		65		92		63		90		88		99		64		63		86		99		75		84		74		72		70		82		93		66		80		78		76		66		28		66		74		72		31		70		29		22		26		68		27		52		79		66		25		44		64		23		63		62		14		21		44		19		17		15		34		13		52		34		21		16		14		12		10		8		6		4		2		0		2		4		6		8		10		12		14		62		49		4		49		55		18		17		45		32		18		31		77		87		31		87
83		85		87		89		115		115		90		96		118		96		118		111		101		110		90		112		101		76		78		80		82		61		60		63		58		57		90		65		100		98		69		96		67		94		65		92		63		90		61		88		86		97		66		65		84		97		77		82		76		74		72		80		91		64		78		76		74		68		30		64		72		70		29		68		27		20		24		66		25		50		77		64		23		42		62		21		65		60		16		19		42		17		15		13		32		11		54		36		23		18		16		14		12		10		8		6		4		2		0		2		4		6		8		10		12		60		51		4		51		57		16		15		47		34		18		29		75		85		29		85
85		83		85		87		117		117		92		94		116		94		116		113		103		112		88		110		103		74		76		78		80		63		60		61		60		57		92		67		98		96		67		94		65		92		63		90		61		88		59		86		84		95		68		67		82		95		79		80		78		76		74		78		89		62		76		74		72		70		32		62		70		68		27		66		25		18		22		64		23		48		75		62		21		40		60		19		67		58		18		17		40		15		13		11		30		9		56		38		25		20		18		16		14		12		10		8		6		4		2		0		2		4		6		8		10		58		53		6		53		59		14		13		49		36		20		27		73		83		27		83
87		85		83		85		119		119		94		92		114		92		114		115		105		114		86		108		105		72		74		76		78		65		62		59		62		59		94		69		96		94		65		92		63		90		61		88		59		86		57		84		82		93		70		69		80		93		81		78		80		78		76		76		87		60		74		72		70		72		34		60		68		66		25		64		23		20		20		62		21		46		73		60		19		38		58		17		69		56		20		15		38		13		11		9		28		7		58		40		27		22		20		18		16		14		12		10		8		6		4		2		0		2		4		6		8		56		55		8		55		61		12		11		51		38		22		25		71		81		25		81
89		87		85		83		121		121		96		90		112		90		112		117		107		116		84		106		107		70		72		74		76		67		64		57		64		61		96		71		94		92		63		90		61		88		59		86		57		84		55		82		80		91		72		71		78		91		83		76		82		80		78		74		85		58		72		70		68		74		36		58		66		64		23		62		21		22		18		60		19		44		71		58		17		36		56		15		71		54		22		13		36		11		9		7		26		5		60		42		29		24		22		20		18		16		14		12		10		8		6		4		2		0		2		4		6		54		57		10		57		63		10		13		53		40		24		23		69		79		27		79
91		89		87		85		123		123		98		88		110		88		110		119		109		118		82		104		109		68		70		72		74		69		66		59		66		63		98		73		92		90		61		88		59		86		57		84		55		82		53		80		78		89		74		73		76		89		85		74		84		82		80		72		83		56		70		68		66		76		38		56		64		62		21		60		19		24		20		58		17		42		69		56		15		34		54		13		73		52		24		11		34		9		7		5		24		3		62		44		31		26		24		22		20		18		16		14		12		10		8		6		4		2		0		2		4		52		59		12		59		65		12		15		55		42		26		21		67		77		29		77
93		91		89		87		125		125		100		86		108		86		108		121		111		120		80		102		111		66		68		70		72		71		68		61		68		65		100		75		90		88		59		86		57		84		55		82		53		80		51		78		76		87		76		75		74		87		87		72		86		84		82		70		81		54		68		66		64		78		40		54		62		60		23		58		21		26		22		56		19		40		67		54		17		32		52		15		75		50		26		13		32		11		9		7		22		5		64		46		33		28		26		24		22		20		18		16		14		12		10		8		6		4		2		0		2		50		61		14		61		67		14		17		57		44		28		19		65		75		31		75
95		93		91		89		127		127		102		84		106		84		106		123		113		122		78		100		113		64		66		68		70		73		70		63		70		67		102		77		88		86		57		84		55		82		53		80		51		78		49		76		74		85		78		77		72		85		89		70		88		86		84		68		79		52		66		64		62		80		42		52		60		58		25		56		23		28		24		54		21		38		65		52		19		30		50		17		77		48		28		15		30		13		11		9		20		7		66		48		35		30		28		26		24		22		20		18		16		14		12		10		8		6		4		2		0		48		63		16		63		69		16		19		59		46		30		19		63		73		33		73
143		141		139		137		175		175		150		116		94		110		88		171		161		170		110		88		161		108		106		104		102		121		118		111		118		115		150		125		64		62		89		60		87		58		85		56		83		54		81		52		50		39		126		125		48		37		137		46		136		134		132		44		33		58		42		40		38		128		90		44		36		34		73		32		71		76		72		30		69		44		17		28		67		48		26		65		125		24		76		63		38		61		59		57		38		55		114		96		83		78		76		74		72		70		68		66		64		62		60		58		56		54		52		50		48		0		111		64		111		117		64		67		107		94		78		67		21		25		81		31
134		136		138		140		94		90		115		147		169		147		169		84		94		83		141		163		80		127		129		131		133		108		111		114		105		108		65		90		151		149		120		147		118		145		116		143		114		141		112		139		137		148		59		58		135		148		42		133		41		43		45		131		142		115		129		127		125		33		71		115		123		121		80		119		78		71		75		117		76		101		128		115		74		93		113		72		18		111		57		70		93		68		66		64		83		62		7		17		30		33		35		37		39		41		43		45		47		49		51		53		55		57		59		61		63		111		0		49		6		6		63		62		24		37		63		76		122		132		76		132
87		89		91		93		117		117		92		100		122		100		122		113		103		112		94		116		103		80		82		84		86		63		64		67		60		61		92		67		104		102		73		100		71		98		69		96		67		94		65		92		90		101		68		67		88		101		79		86		78		76		74		84		95		68		82		80		78		70		32		68		76		74		33		72		31		24		28		70		29		54		81		68		27		46		66		25		67		64		18		23		46		21		19		17		36		15		56		38		25		20		18		16		14		12		10		8		6		4		4		6		8		10		12		14		16		64		49		0		47		53		14		13		43		30		14		27		73		83		27		83
134		136		138		140		94		90		115		147		169		147		169		84		94		83		141		163		80		127		129		131		133		108		111		114		105		108		65		90		151		149		120		147		118		145		116		143		114		141		112		139		137		148		59		58		135		148		42		133		41		43		45		131		142		115		129		127		125		33		71		115		123		121		80		119		78		71		75		117		76		101		128		115		74		93		113		72		24		111		57		70		93		68		66		64		83		62		13		17		30		33		35		37		39		41		43		45		47		49		51		53		55		57		59		61		63		111		6		47		0		6		57		56		18		31		57		70		116		126		70		126
140		142		144		146		100		96		121		153		175		153		175		90		100		89		147		169		86		133		135		137		139		114		117		120		111		114		71		96		157		155		126		153		124		151		122		149		120		147		118		145		143		154		65		64		141		154		48		139		47		49		51		137		148		121		135		133		131		39		77		121		129		127		86		125		84		77		81		123		82		107		134		121		80		99		119		78		24		117		63		76		99		74		72		70		89		68		13		23		36		39		41		43		45		47		49		51		53		55		57		59		61		63		65		67		69		117		6		53		6		0		57		56		18		31		57		70		116		126		70		126
99		97		95		93		131		131		106		100		122		100		122		127		117		126		94		116		117		80		82		84		86		77		74		67		74		71		106		81		104		102		73		100		71		98		69		96		67		94		65		92		90		101		82		81		88		101		93		86		92		90		88		84		95		68		82		80		78		84		46		68		76		74		33		72		31		32		28		70		29		54		81		68		27		46		66		25		81		64		32		23		46		21		19		17		36		15		70		52		39		34		32		30		28		26		24		22		20		18		16		14		12		10		12		14		16		64		63		14		57		57		0		3		43		30		14		13		59		69		17		69
98		96		94		96		130		130		105		103		125		103		125		126		116		125		97		119		116		83		85		87		89		76		73		70		73		70		105		80		107		105		76		103		74		101		72		99		70		97		68		95		93		104		81		80		91		104		92		89		91		89		87		87		98		71		85		83		81		83		45		71		79		77		36		75		34		31		31		73		32		57		84		71		30		49		69		28		80		67		31		26		49		24		22		20		39		18		69		51		38		33		31		29		27		25		23		21		19		17		15		13		11		13		15		17		19		67		62		13		56		56		3		0		40		27		11		14		60		70		14		70
130		132		134		136		92		92		111		143		165		143		165		88		90		87		137		159		78		123		125		127		129		104		107		110		101		104		67		86		147		145		116		143		114		141		112		139		110		137		108		135		133		144		55		54		131		144		54		129		53		51		49		127		138		111		125		123		121		45		67		111		119		117		76		115		74		67		71		113		72		97		124		111		70		89		109		68		42		107		53		66		89		64		62		60		79		58		31		13		26		29		31		33		35		37		39		41		43		45		47		49		51		53		55		57		59		107		24		43		18		18		43		40		0		13		39		52		98		108		52		108
117		119		121		123		105		105		98		130		152		130		152		101		91		100		124		146		91		110		112		114		116		91		94		97		88		91		80		73		134		132		103		130		101		128		99		126		97		124		95		122		120		131		56		55		118		131		67		116		66		64		62		114		125		98		112		110		108		58		54		98		106		104		63		102		61		54		58		100		59		84		111		98		57		76		96		55		55		94		40		53		76		51		49		47		66		45		44		26		13		16		18		20		22		24		26		28		30		32		34		36		38		40		42		44		46		94		37		30		31		31		30		27		13		0		26		39		85		95		39		95
101		103		105		107		131		131		106		114		136		114		136		127		117		126		108		130		117		94		96		98		100		77		78		81		74		75		106		81		118		116		87		114		85		112		83		110		81		108		79		106		104		115		82		81		102		115		93		100		92		90		88		98		109		82		96		94		92		84		46		82		90		88		47		86		45		38		42		84		43		68		95		82		41		60		80		39		81		78		32		37		60		35		33		31		50		29		70		52		39		34		32		30		28		26		24		22		20		18		18		20		22		24		26		28		30		78		63		14		57		57		14		11		39		26		0		13		59		69		13		69
112		110		108		106		144		144		119		103		125		103		125		140		130		139		97		119		130		83		85		87		89		90		87		80		87		84		119		94		107		105		76		103		74		101		72		99		70		97		68		95		93		104		95		94		91		104		106		89		105		103		101		87		98		71		85		83		81		97		59		71		79		77		42		75		40		45		41		73		38		57		84		71		36		49		69		34		94		67		45		32		49		30		28		26		39		24		83		65		52		47		45		43		41		39		37		35		33		31		29		27		25		23		21		19		19		67		76		27		70		70		13		14		52		39		13		0		46		56		14		56
158		156		154		152		190		190		165		131		109		125		103		186		176		185		125		103		176		123		121		119		117		136		133		126		133		130		165		140		79		77		104		75		102		73		100		71		98		69		96		67		65		58		141		140		63		58		152		61		151		149		147		59		52		73		57		55		53		143		105		59		51		49		88		47		86		91		87		45		84		59		38		43		82		63		41		80		140		39		91		78		53		76		74		72		53		70		129		111		98		93		91		89		87		85		83		81		79		77		75		73		71		69		67		65		63		21		122		73		116		116		59		60		98		85		59		46		0		10		60		10
168		166		164		162		200		200		175		141		119		135		113		196		186		195		135		113		186		133		131		129		127		146		143		136		143		140		175		150		89		87		114		85		112		83		110		81		108		79		106		77		75		64		151		150		73		58		162		71		161		159		157		69		58		83		67		65		63		153		115		69		61		59		98		57		96		101		97		55		94		69		42		53		92		73		51		90		150		49		101		88		63		86		84		82		63		80		139		121		108		103		101		99		97		95		93		91		89		87		85		83		81		79		77		75		73		25		132		83		126		126		69		70		108		95		69		56		10		0		60		10
112		110		108		110		144		144		119		117		139		117		139		140		130		139		111		133		130		97		99		101		103		90		87		84		87		84		119		94		121		119		90		117		88		115		86		113		84		111		82		109		107		118		95		94		105		118		106		103		105		103		101		101		112		85		99		97		95		97		59		85		93		91		50		89		48		45		45		87		46		71		98		85		44		63		83		42		94		81		45		40		63		38		36		34		53		32		83		65		52		47		45		43		41		39		37		35		33		31		29		27		25		27		29		31		33		81		76		27		70		70		17		14		52		39		13		14		60		60		0		56
168		166		164		162		200		200		175		141		119		135		113		196		186		195		135		113		186		133		131		129		127		146		143		136		143		140		175		150		89		87		114		85		112		83		110		81		108		79		106		77		75		68		151		150		73		68		162		71		161		159		157		69		62		83		67		65		63		153		115		69		61		59		98		57		96		101		97		55		94		69		48		53		92		73		51		90		150		49		101		88		63		86		84		82		63		80		139		121		108		103		101		99		97		95		93		91		89		87		85		83		81		79		77		75		73		31		132		83		126		126		69		70		108		95		69		56		10		10		56		0
