140
0		21		30		46		52		52		27		28		29		31		57		42		21		32		42		45		82		67		68		106		112		112		58		56		54		52		50		48		46		44		46		48		50		52		54		56		58		60		62		64		66		68		70		72		74		76		78		78		80		65		107		59		78		120		121		70		64		109		100		78		71		91		100		130		102		100		102		100		121		104		102		100		104		102		88		70		106		104		130		106		73		108		87		166		84		91		112		180		180		104		104		112		133		107		118		115		142		140		138		136		144		142		140		138		117		146		144		142		140		148		146		144		142		124		122		120		122		124		126		128		130		132		134		136		138		140		142		144		146		148		150		148		146		144		152		150		148		146		170		172
21		0		9		25		31		31		26		27		28		30		78		63		42		31		21		24		61		46		47		85		91		91		79		77		75		73		71		69		67		65		63		61		59		57		55		53		51		49		47		45		45		47		49		51		53		55		57		57		59		64		86		80		99		99		100		91		85		88		121		99		80		70		121		109		123		121		123		121		100		125		123		121		125		123		109		91		127		125		109		127		94		129		86		145		105		94		91		159		159		125		125		115		112		128		139		128		163		161		159		157		165		163		161		159		138		167		165		163		161		169		167		165		163		145		143		141		139		137		135		133		131		129		127		125		123		121		121		123		125		127		171		169		167		165		173		171		169		167		149		151
30		9		0		16		22		22		27		28		29		31		79		64		43		32		22		19		52		37		38		76		82		82		80		78		76		74		72		70		68		66		64		62		60		58		56		54		52		50		48		46		44		42		40		42		44		46		48		48		50		65		77		81		100		90		91		92		86		79		122		100		81		61		122		100		124		122		124		122		91		126		124		122		126		124		110		92		128		126		100		128		95		130		87		136		106		95		82		150		150		126		126		116		103		129		140		129		164		162		160		158		166		164		162		160		139		168		166		164		162		170		168		166		164		146		144		142		140		138		136		134		132		130		128		126		124		122		120		118		116		118		172		170		168		166		174		172		170		168		140		142
46		25		16		0		6		6		39		40		41		43		91		76		55		44		34		31		36		21		22		60		66		66		92		90		88		86		84		82		80		78		76		74		72		70		68		66		64		62		60		58		56		54		52		50		48		46		44		58		56		77		61		93		112		74		75		104		98		63		134		112		93		73		134		84		136		134		136		134		75		138		136		134		138		136		122		104		140		138		84		140		107		142		99		120		118		107		86		134		134		138		138		128		107		141		152		141		176		174		172		170		178		176		174		172		151		180		178		176		174		182		180		178		176		158		156		154		152		150		148		146		144		142		140		138		136		134		132		130		128		126		184		182		180		178		186		184		182		180		124		126
52		31		22		6		0		6		39		40		41		43		91		76		55		44		34		31		30		19		20		54		60		60		92		90		88		86		84		82		80		78		76		74		72		70		68		66		64		62		60		58		56		54		52		50		48		46		44		58		56		77		55		93		112		68		69		104		98		57		134		112		93		73		134		78		136		134		136		134		69		138		136		134		138		136		122		104		140		138		78		140		107		142		99		114		118		107		86		128		128		138		138		128		107		141		152		141		176		174		172		170		178		176		174		172		151		180		178		176		174		182		180		178		176		158		156		154		152		150		148		146		144		142		140		138		136		134		132		130		128		126		184		182		180		178		186		184		182		180		118		120
52		31		22		6		6		0		33		34		35		37		85		70		49		38		28		25		30		15		16		54		60		60		86		84		82		80		78		76		74		72		70		68		66		64		62		60		58		56		54		52		50		48		46		44		42		40		38		52		50		71		55		87		106		68		69		98		92		57		128		106		87		67		128		78		130		128		130		128		69		132		130		128		132		130		116		98		134		132		78		134		101		136		93		114		112		101		80		128		128		132		132		122		101		135		146		135		170		168		166		164		172		170		168		166		145		174		172		170		168		176		174		172		170		152		150		148		146		144		142		140		138		136		134		132		130		128		126		124		122		120		178		176		174		172		180		178		176		174		118		120
27		26		27		39		39		33		0		1		2		4		52		37		16		5		15		18		55		40		41		79		85		85		53		51		49		47		45		43		41		39		37		35		33		31		29		29		31		33		35		37		39		41		43		45		47		49		51		51		53		38		80		54		73		93		94		65		59		82		95		73		54		64		95		103		97		95		97		95		94		99		97		95		99		97		83		65		101		99		103		101		68		103		60		139		79		68		85		153		153		99		99		89		106		102		113		102		137		135		133		131		139		137		135		133		112		141		139		137		135		143		141		139		137		119		117		115		113		111		109		107		105		105		107		109		111		113		115		117		119		121		145		143		141		139		147		145		143		141		143		145
28		27		28		40		40		34		1		0		1		3		51		36		15		4		14		17		54		39		40		78		84		84		52		50		48		46		44		42		40		38		36		34		32		30		28		28		30		32		34		36		38		40		42		44		46		48		50		50		52		37		79		53		72		92		93		64		58		81		94		72		53		63		94		102		96		94		96		94		93		98		96		94		98		96		82		64		100		98		102		100		67		102		59		138		78		67		84		152		152		98		98		88		105		101		112		101		136		134		132		130		138		136		134		132		111		140		138		136		134		142		140		138		136		118		116		114		112		110		108		106		104		104		106		108		110		112		114		116		118		120		144		142		140		138		146		144		142		140		142		144
29		28		29		41		41		35		2		1		0		2		50		35		14		3		13		16		53		38		39		77		83		83		51		49		47		45		43		41		39		37		35		33		31		29		27		27		29		31		33		35		37		39		41		43		45		47		49		49		51		36		78		52		71		91		92		63		57		80		93		71		52		62		93		101		95		93		95		93		92		97		95		93		97		95		81		63		99		97		101		99		66		101		58		137		77		66		83		151		151		97		97		87		104		100		111		100		135		133		131		129		137		135		133		131		110		139		137		135		133		141		139		137		135		117		115		113		111		109		107		105		103		103		105		107		109		111		113		115		117		119		143		141		139		137		145		143		141		139		141		143
31		30		31		43		43		37		4		3		2		0		48		33		12		1		11		14		51		36		37		75		81		81		49		47		45		43		41		39		37		35		33		31		29		27		25		25		27		29		31		33		35		37		39		41		43		45		47		47		49		34		76		50		69		89		90		61		55		78		91		69		50		60		91		99		93		91		93		91		90		95		93		91		95		93		79		61		97		95		99		97		64		99		56		135		75		64		81		149		149		95		95		85		102		98		109		98		133		131		129		127		135		133		131		129		108		137		135		133		131		139		137		135		133		115		113		111		109		107		105		103		101		101		103		105		107		109		111		113		115		117		141		139		137		135		143		141		139		137		139		141
57		78		79		91		91		85		52		51		50		48		0		15		36		47		57		60		97		82		83		121		127		127		45		47		49		51		53		55		57		59		61		63		65		67		69		71		73		75		77		79		81		83		85		87		89		91		93		93		95		80		122		72		57		135		136		71		77		124		45		67		86		106		47		145		47		49		49		51		136		49		51		53		51		53		67		85		51		53		145		53		86		53		102		181		85		106		127		195		195		103		117		127		148		120		117		130		101		103		105		107		103		105		107		109		130		105		107		109		111		107		109		111		113		131		133		135		137		139		141		143		145		147		149		151		153		155		157		159		161		163		109		111		113		115		111		113		115		117		185		187
42		63		64		76		76		70		37		36		35		33		15		0		21		32		42		45		82		67		68		106		112		112		30		32		34		36		38		40		42		44		46		48		50		52		54		56		58		60		62		64		66		68		70		72		74		76		78		78		80		65		107		57		42		120		121		56		62		109		58		52		71		91		58		130		60		58		60		58		121		62		60		58		62		60		52		70		64		62		130		64		71		66		87		166		70		91		112		180		180		88		102		112		133		105		102		115		100		98		96		94		102		100		98		96		115		104		102		100		98		106		104		102		100		116		118		120		122		124		126		128		130		132		134		136		138		140		142		144		146		148		108		106		104		102		110		108		106		104		170		172
21		42		43		55		55		49		16		15		14		12		36		21		0		11		21		24		61		46		47		85		91		91		37		35		33		31		29		27		25		23		25		27		29		31		33		35		37		39		41		43		45		47		49		51		53		55		57		57		59		44		86		38		57		99		100		49		43		88		79		57		50		70		79		109		81		79		81		79		100		83		81		79		83		81		67		49		85		83		109		85		52		87		66		145		63		70		91		159		159		83		83		91		112		86		97		94		121		119		117		115		123		121		119		117		96		125		123		121		119		127		125		123		121		103		101		99		101		103		105		107		109		111		113		115		117		119		121		123		125		127		129		127		125		123		131		129		127		125		149		151
32		31		32		44		44		38		5		4		3		1		47		32		11		0		10		13		50		35		36		74		80		80		48		46		44		42		40		38		36		34		32		30		28		26		24		24		26		28		30		32		34		36		38		40		42		44		46		46		48		33		75		49		68		88		89		60		54		77		90		68		49		59		90		98		92		90		92		90		89		94		92		90		94		92		78		60		96		94		98		96		63		98		55		134		74		63		80		148		148		94		94		84		101		97		108		97		132		130		128		126		134		132		130		128		107		136		134		132		130		138		136		134		132		114		112		110		108		106		104		102		100		100		102		104		106		108		110		112		114		116		140		138		136		134		142		140		138		136		138		140
42		21		22		34		34		28		15		14		13		11		57		42		21		10		0		3		40		25		26		64		70		70		58		56		54		52		50		48		46		44		42		40		38		36		34		32		30		28		26		24		24		26		28		30		32		34		36		36		38		43		65		59		78		78		79		70		64		67		100		78		59		49		100		88		102		100		102		100		79		104		102		100		104		102		88		70		106		104		88		106		73		108		65		124		84		73		70		138		138		104		104		94		91		107		118		107		142		140		138		136		144		142		140		138		117		146		144		142		140		148		146		144		142		124		122		120		118		116		114		112		110		108		106		104		102		100		100		102		104		106		150		148		146		144		152		150		148		146		128		130
45		24		19		31		31		25		18		17		16		14		60		45		24		13		3		0		37		22		23		61		67		67		61		59		57		55		53		51		49		47		45		43		41		39		37		35		33		31		29		27		25		23		25		27		29		31		33		33		35		46		62		62		81		75		76		73		67		64		103		81		62		46		103		85		105		103		105		103		76		107		105		103		107		105		91		73		109		107		85		109		76		111		68		121		87		76		67		135		135		107		107		97		88		110		121		110		145		143		141		139		147		145		143		141		120		149		147		145		143		151		149		147		145		127		125		123		121		119		117		115		113		111		109		107		105		103		101		99		101		103		153		151		149		147		155		153		151		149		125		127
82		61		52		36		30		30		55		54		53		51		97		82		61		50		40		37		0		25		26		24		30		30		98		96		94		92		90		88		86		84		82		80		78		76		74		72		70		68		66		64		62		60		58		56		54		52		50		64		62		83		41		99		118		42		41		110		104		57		140		118		99		79		140		48		142		140		142		140		55		144		142		140		144		142		128		110		146		144		52		146		113		148		105		84		124		113		92		98		98		144		144		134		113		147		158		147		182		180		178		176		184		182		180		178		157		186		184		182		180		188		186		184		182		164		162		160		158		156		154		152		150		148		146		144		142		140		138		136		134		132		190		188		186		184		192		190		188		186		122		120
67		46		37		21		19		15		40		39		38		36		82		67		46		35		25		22		25		0		1		39		45		45		73		71		69		67		65		63		61		59		57		55		53		51		49		47		45		43		41		39		37		35		33		31		29		27		25		39		37		58		40		74		93		53		54		85		79		42		115		93		74		54		115		63		117		115		117		115		54		119		117		115		119		117		103		85		121		119		63		121		88		123		80		99		99		88		67		113		113		119		119		109		88		122		133		122		157		155		153		151		159		157		155		153		132		161		159		157		155		163		161		159		157		139		137		135		133		131		129		127		125		123		121		119		117		115		113		111		109		107		165		163		161		159		167		165		163		161		103		105
68		47		38		22		20		16		41		40		39		37		83		68		47		36		26		23		26		1		0		38		44		44		72		70		68		66		64		62		60		58		56		54		52		50		48		46		44		42		40		38		36		34		32		30		28		26		24		38		36		57		39		73		92		52		53		84		78		41		114		92		73		53		114		62		116		114		116		114		53		118		116		114		118		116		102		84		120		118		62		120		87		122		79		98		98		87		66		112		112		118		118		108		87		121		132		121		156		154		152		150		158		156		154		152		131		160		158		156		154		162		160		158		156		138		136		134		132		130		128		126		124		122		120		118		116		114		112		110		108		106		164		162		160		158		166		164		162		160		102		104
106		85		76		60		54		54		79		78		77		75		121		106		85		74		64		61		24		39		38		0		6		6		104		102		100		98		96		94		92		90		88		86		84		82		80		78		76		74		72		70		68		66		64		62		60		58		56		70		68		89		47		105		124		48		47		116		110		63		146		124		105		85		146		48		148		146		148		146		61		150		148		146		150		148		134		116		152		150		58		152		119		154		111		60		130		119		98		74		74		150		150		140		119		153		164		153		188		186		184		182		190		188		186		184		163		192		190		188		186		194		192		190		188		170		168		166		164		162		160		158		156		154		152		150		148		146		144		142		140		138		196		194		192		190		198		196		194		192		128		126
112		91		82		66		60		60		85		84		83		81		127		112		91		80		70		67		30		45		44		6		0		6		104		102		100		98		96		94		92		90		88		86		84		82		80		78		76		74		72		70		68		66		64		62		60		58		56		70		68		89		47		105		124		48		47		116		110		63		146		124		105		85		146		48		148		146		148		146		61		150		148		146		150		148		134		116		152		150		58		152		119		154		111		54		130		119		98		68		68		150		150		140		119		153		164		153		188		186		184		182		190		188		186		184		163		192		190		188		186		194		192		190		188		170		168		166		164		162		160		158		156		154		152		150		148		146		144		142		140		138		196		194		192		190		198		196		194		192		128		126
112		91		82		66		60		60		85		84		83		81		127		112		91		80		70		67		30		45		44		6		6		0		98		96		94		92		90		88		86		84		82		80		78		76		74		72		70		68		66		64		62		60		58		56		54		52		50		64		62		83		41		99		118		42		41		110		104		57		140		118		99		79		140		42		142		140		142		140		55		144		142		140		144		142		128		110		146		144		52		146		113		148		105		54		124		113		92		68		68		144		144		134		113		147		158		147		182		180		178		176		184		182		180		178		157		186		184		182		180		188		186		184		182		164		162		160		158		156		154		152		150		148		146		144		142		140		138		136		134		132		190		188		186		184		192		190		188		186		122		120
58		79		80		92		92		86		53		52		51		49		45		30		37		48		58		61		98		73		72		104		104		98		0		2		4		6		8		10		12		14		16		18		20		22		24		26		28		30		32		34		36		38		40		42		44		46		48		48		50		35		77		27		20		90		91		26		32		79		42		22		41		61		42		100		44		42		44		42		91		46		44		42		46		44		30		40		48		46		100		48		41		50		57		136		40		61		82		150		150		58		72		82		103		75		72		85		84		82		80		78		86		84		82		80		85		88		86		84		82		90		88		86		84		86		88		90		92		94		96		98		100		102		104		106		108		110		112		114		116		118		92		90		88		86		94		92		90		88		140		142
56		77		78		90		90		84		51		50		49		47		47		32		35		46		56		59		96		71		70		102		102		96		2		0		2		4		6		8		10		12		14		16		18		20		22		24		26		28		30		32		34		36		38		40		42		44		46		46		48		33		75		25		22		88		89		24		30		77		44		22		39		59		44		98		46		44		46		44		89		48		46		44		48		46		32		38		50		48		98		50		39		52		55		134		38		59		80		148		148		56		70		80		101		73		70		83		86		84		82		80		88		86		84		82		83		90		88		86		84		92		90		88		86		84		86		88		90		92		94		96		98		100		102		104		106		108		110		112		114		116		94		92		90		88		96		94		92		90		138		140
54		75		76		88		88		82		49		48		47		45		49		34		33		44		54		57		94		69		68		100		100		94		4		2		0		2		4		6		8		10		12		14		16		18		20		22		24		26		28		30		32		34		36		38		40		42		44		44		46		31		73		23		24		86		87		22		28		75		46		24		37		57		46		96		48		46		48		46		87		50		48		46		50		48		34		36		52		50		96		52		37		54		53		132		36		57		78		146		146		54		68		78		99		71		68		81		88		86		84		82		90		88		86		84		81		92		90		88		86		94		92		90		88		82		84		86		88		90		92		94		96		98		100		102		104		106		108		110		112		114		96		94		92		90		98		96		94		92		136		138
52		73		74		86		86		80		47		46		45		43		51		36		31		42		52		55		92		67		66		98		98		92		6		4		2		0		2		4		6		8		10		12		14		16		18		20		22		24		26		28		30		32		34		36		38		40		42		42		44		29		71		21		26		84		85		20		26		73		48		26		35		55		48		94		50		48		50		48		85		52		50		48		52		50		36		34		54		52		94		54		35		56		51		130		34		55		76		144		144		52		66		76		97		69		66		79		90		88		86		84		92		90		88		86		79		94		92		90		88		96		94		92		90		80		82		84		86		88		90		92		94		96		98		100		102		104		106		108		110		112		98		96		94		92		100		98		96		94		134		136
50		71		72		84		84		78		45		44		43		41		53		38		29		40		50		53		90		65		64		96		96		90		8		6		4		2		0		2		4		6		8		10		12		14		16		18		20		22		24		26		28		30		32		34		36		38		40		40		42		27		69		19		28		82		83		20		24		71		50		28		33		53		50		92		52		50		52		50		83		54		52		50		54		52		38		32		56		54		92		56		33		58		49		128		34		53		74		142		142		54		64		74		95		67		68		77		92		90		88		86		94		92		90		88		77		96		94		92		90		98		96		94		92		78		80		82		84		86		88		90		92		94		96		98		100		102		104		106		108		110		100		98		96		94		102		100		98		96		132		134
48		69		70		82		82		76		43		42		41		39		55		40		27		38		48		51		88		63		62		94		94		88		10		8		6		4		2		0		2		4		6		8		10		12		14		16		18		20		22		24		26		28		30		32		34		36		38		38		40		25		67		17		30		80		81		22		22		69		52		30		31		51		52		90		54		52		54		52		81		56		54		52		56		54		40		30		58		56		90		58		31		60		47		126		36		51		72		140		140		56		62		72		93		65		70		75		94		92		90		88		96		94		92		90		75		98		96		94		92		100		98		96		94		76		78		80		82		84		86		88		90		92		94		96		98		100		102		104		106		108		102		100		98		96		104		102		100		98		130		132
46		67		68		80		80		74		41		40		39		37		57		42		25		36		46		49		86		61		60		92		92		86		12		10		8		6		4		2		0		2		4		6		8		10		12		14		16		18		20		22		24		26		28		30		32		34		36		36		38		23		65		15		32		78		79		24		20		67		54		32		29		49		54		88		56		54		56		54		79		58		56		54		58		56		42		28		60		58		88		60		29		62		45		124		38		49		70		138		138		58		60		70		91		63		72		73		96		94		92		90		98		96		94		92		73		100		98		96		94		102		100		98		96		78		76		78		80		82		84		86		88		90		92		94		96		98		100		102		104		106		104		102		100		98		106		104		102		100		128		130
44		65		66		78		78		72		39		38		37		35		59		44		23		34		44		47		84		59		58		90		90		84		14		12		10		8		6		4		2		0		2		4		6		8		10		12		14		16		18		20		22		24		26		28		30		32		34		34		36		21		63		15		34		76		77		26		20		65		56		34		27		47		56		86		58		56		58		56		77		60		58		56		60		58		44		26		62		60		86		62		29		64		43		122		40		47		68		136		136		60		60		68		89		63		74		71		98		96		94		92		100		98		96		94		73		102		100		98		96		104		102		100		98		80		78		76		78		80		82		84		86		88		90		92		94		96		98		100		102		104		106		104		102		100		108		106		104		102		126		128
46		63		64		76		76		70		37		36		35		33		61		46		25		32		42		45		82		57		56		88		88		82		16		14		12		10		8		6		4		2		0		2		4		6		8		10		12		14		16		18		20		22		24		26		28		30		32		32		34		19		61		17		36		74		75		28		22		63		58		36		25		45		58		84		60		58		60		58		75		62		60		58		62		60		46		28		64		62		84		64		31		66		41		120		42		45		66		134		134		62		62		66		87		65		76		69		100		98		96		94		102		100		98		96		75		104		102		100		98		106		104		102		100		82		80		78		76		78		80		82		84		86		88		90		92		94		96		98		100		102		108		106		104		102		110		108		106		104		124		126
48		61		62		74		74		68		35		34		33		31		63		48		27		30		40		43		80		55		54		86		86		80		18		16		14		12		10		8		6		4		2		0		2		4		6		8		10		12		14		16		18		20		22		24		26		28		30		30		32		17		59		19		38		72		73		30		24		61		60		38		23		43		60		82		62		60		62		60		73		64		62		60		64		62		48		30		66		64		82		66		33		68		39		118		44		43		64		132		132		64		64		64		85		67		78		67		102		100		98		96		104		102		100		98		77		106		104		102		100		108		106		104		102		84		82		80		78		76		78		80		82		84		86		88		90		92		94		96		98		100		110		108		106		104		112		110		108		106		122		124
50		59		60		72		72		66		33		32		31		29		65		50		29		28		38		41		78		53		52		84		84		78		20		18		16		14		12		10		8		6		4		2		0		2		4		6		8		10		12		14		16		18		20		22		24		26		28		28		30		15		57		21		40		70		71		32		26		59		62		40		21		41		62		80		64		62		64		62		71		66		64		62		66		64		50		32		68		66		80		68		35		70		37		116		46		41		62		130		130		66		66		62		83		69		80		69		104		102		100		98		106		104		102		100		79		108		106		104		102		110		108		106		104		86		84		82		80		78		76		78		80		82		84		86		88		90		92		94		96		98		112		110		108		106		114		112		110		108		120		122
52		57		58		70		70		64		31		30		29		27		67		52		31		26		36		39		76		51		50		82		82		76		22		20		18		16		14		12		10		8		6		4		2		0		2		4		6		8		10		12		14		16		18		20		22		24		26		26		28		13		55		23		42		68		69		34		28		57		64		42		23		39		64		78		66		64		66		64		69		68		66		64		68		66		52		34		70		68		78		70		37		72		35		114		48		39		60		128		128		68		68		60		81		71		82		71		106		104		102		100		108		106		104		102		81		110		108		106		104		112		110		108		106		88		86		84		82		80		78		76		78		80		82		84		86		88		90		92		94		96		114		112		110		108		116		114		112		110		118		120
54		55		56		68		68		62		29		28		27		25		69		54		33		24		34		37		74		49		48		80		80		74		24		22		20		18		16		14		12		10		8		6		4		2		0		2		4		6		8		10		12		14		16		18		20		22		24		24		26		11		53		25		44		66		67		36		30		55		66		44		25		37		66		76		68		66		68		66		67		70		68		66		70		68		54		36		72		70		76		72		39		74		33		112		50		39		58		126		126		70		70		60		79		73		84		73		108		106		104		102		110		108		106		104		83		112		110		108		106		114		112		110		108		90		88		86		84		82		80		78		76		78		80		82		84		86		88		90		92		94		116		114		112		110		118		116		114		112		116		118
56		53		54		66		66		60		29		28		27		25		71		56		35		24		32		35		72		47		46		78		78		72		26		24		22		20		18		16		14		12		10		8		6		4		2		0		2		4		6		8		10		12		14		16		18		20		22		22		24		11		51		27		46		64		65		38		32		53		68		46		27		35		68		74		70		68		70		68		65		72		70		68		72		70		56		38		74		72		74		74		41		76		33		110		52		41		56		124		124		72		72		62		77		75		86		75		110		108		106		104		112		110		108		106		85		114		112		110		108		116		114		112		110		92		90		88		86		84		82		80		78		76		78		80		82		84		86		88		90		92		118		116		114		112		120		118		116		114		114		116
58		51		52		64		64		58		31		30		29		27		73		58		37		26		30		33		70		45		44		76		76		70		28		26		24		22		20		18		16		14		12		10		8		6		4		2		0		2		4		6		8		10		12		14		16		18		20		20		22		13		49		29		48		62		63		40		34		51		70		48		29		33		70		72		72		70		72		70		63		74		72		70		74		72		58		40		76		74		72		76		43		78		35		108		54		43		54		122		122		74		74		64		75		77		88		77		112		110		108		106		114		112		110		108		87		116		114		112		110		118		116		114		112		94		92		90		88		86		84		82		80		78		76		78		80		82		84		86		88		90		120		118		116		114		122		120		118		116		112		114
60		49		50		62		62		56		33		32		31		29		75		60		39		28		28		31		68		43		42		74		74		68		30		28		26		24		22		20		18		16		14		12		10		8		6		4		2		0		2		4		6		8		10		12		14		16		18		18		20		15		47		31		50		60		61		42		36		49		72		50		31		31		72		70		74		72		74		72		61		76		74		72		76		74		60		42		78		76		70		78		45		80		37		106		56		45		52		120		120		76		76		66		73		79		90		79		114		112		110		108		116		114		112		110		89		118		116		114		112		120		118		116		114		96		94		92		90		88		86		84		82		80		78		76		78		80		82		84		86		88		122		120		118		116		124		122		120		118		110		112
62		47		48		60		60		54		35		34		33		31		77		62		41		30		26		29		66		41		40		72		72		66		32		30		28		26		24		22		20		18		16		14		12		10		8		6		4		2		0		2		4		6		8		10		12		14		16		16		18		17		45		33		52		58		59		44		38		47		74		52		33		29		74		68		76		74		76		74		59		78		76		74		78		76		62		44		80		78		68		80		47		82		39		104		58		47		50		118		118		78		78		68		71		81		92		81		116		114		112		110		118		116		114		112		91		120		118		116		114		122		120		118		116		98		96		94		92		90		88		86		84		82		80		78		76		78		80		82		84		86		124		122		120		118		126		124		122		120		108		110
64		45		46		58		58		52		37		36		35		33		79		64		43		32		24		27		64		39		38		70		70		64		34		32		30		28		26		24		22		20		18		16		14		12		10		8		6		4		2		0		2		4		6		8		10		12		14		14		16		19		43		35		54		56		57		46		40		45		76		54		35		27		76		66		78		76		78		76		57		80		78		76		80		78		64		46		82		80		66		82		49		84		41		102		60		49		48		116		116		80		80		70		69		83		94		83		118		116		114		112		120		118		116		114		93		122		120		118		116		124		122		120		118		100		98		96		94		92		90		88		86		84		82		80		78		76		78		80		82		84		126		124		122		120		128		126		124		122		106		108
66		45		44		56		56		50		39		38		37		35		81		66		45		34		24		25		62		37		36		68		68		62		36		34		32		30		28		26		24		22		20		18		16		14		12		10		8		6		4		2		0		2		4		6		8		10		12		12		14		21		41		37		56		54		55		48		42		43		78		56		37		25		78		64		80		78		80		78		55		82		80		78		82		80		66		48		84		82		64		84		51		86		43		100		62		51		46		114		114		82		82		72		67		85		96		85		120		118		116		114		122		120		118		116		95		124		122		120		118		126		124		122		120		102		100		98		96		94		92		90		88		86		84		82		80		78		76		78		80		82		128		126		124		122		130		128		126		124		104		106
68		47		42		54		54		48		41		40		39		37		83		68		47		36		26		23		60		35		34		66		66		60		38		36		34		32		30		28		26		24		22		20		18		16		14		12		10		8		6		4		2		0		2		4		6		8		10		10		12		23		39		39		58		52		53		50		44		41		80		58		39		23		80		62		82		80		82		80		53		84		82		80		84		82		68		50		86		84		62		86		53		88		45		98		64		53		44		112		112		84		84		74		65		87		98		87		122		120		118		116		124		122		120		118		97		126		124		122		120		128		126		124		122		104		102		100		98		96		94		92		90		88		86		84		82		80		78		76		78		80		130		128		126		124		132		130		128		126		102		104
70		49		40		52		52		46		43		42		41		39		85		70		49		38		28		25		58		33		32		64		64		58		40		38		36		34		32		30		28		26		24		22		20		18		16		14		12		10		8		6		4		2		0		2		4		6		8		8		10		25		37		41		60		50		51		52		46		39		82		60		41		21		82		60		84		82		84		82		51		86		84		82		86		84		70		52		88		86		60		88		55		90		47		96		66		55		42		110		110		86		86		76		63		89		100		89		124		122		120		118		126		124		122		120		99		128		126		124		122		130		128		126		124		106		104		102		100		98		96		94		92		90		88		86		84		82		80		78		76		78		132		130		128		126		134		132		130		128		100		102
72		51		42		50		50		44		45		44		43		41		87		72		51		40		30		27		56		31		30		62		62		56		42		40		38		36		34		32		30		28		26		24		22		20		18		16		14		12		10		8		6		4		2		0		2		4		6		8		8		27		35		43		62		48		49		54		48		37		84		62		43		23		84		58		86		84		86		84		49		88		86		84		88		86		72		54		90		88		58		90		57		92		49		94		68		57		40		108		108		88		88		78		61		91		102		91		126		124		122		120		128		126		124		122		101		130		128		126		124		132		130		128		126		108		106		104		102		100		98		96		94		92		90		88		86		84		82		80		78		76		134		132		130		128		136		134		132		130		98		100
74		53		44		48		48		42		47		46		45		43		89		74		53		42		32		29		54		29		28		60		60		54		44		42		40		38		36		34		32		30		28		26		24		22		20		18		16		14		12		10		8		6		4		2		0		2		4		10		8		29		33		45		64		46		47		56		50		35		86		64		45		25		86		56		88		86		88		86		47		90		88		86		90		88		74		56		92		90		56		92		59		94		51		92		70		59		38		106		106		90		90		80		59		93		104		93		128		126		124		122		130		128		126		124		103		132		130		128		126		134		132		130		128		110		108		106		104		102		100		98		96		94		92		90		88		86		84		82		80		78		136		134		132		130		138		136		134		132		96		98
76		55		46		46		46		40		49		48		47		45		91		76		55		44		34		31		52		27		26		58		58		52		46		44		42		40		38		36		34		32		30		28		26		24		22		20		18		16		14		12		10		8		6		4		2		0		2		12		10		31		31		47		66		44		45		58		52		33		88		66		47		27		88		54		90		88		90		88		45		92		90		88		92		90		76		58		94		92		54		94		61		96		53		90		72		61		40		104		104		92		92		82		61		95		106		95		130		128		126		124		132		130		128		126		105		134		132		130		128		136		134		132		130		112		110		108		106		104		102		100		98		96		94		92		90		88		86		84		82		80		138		136		134		132		140		138		136		134		94		96
78		57		48		44		44		38		51		50		49		47		93		78		57		46		36		33		50		25		24		56		56		50		48		46		44		42		40		38		36		34		32		30		28		26		24		22		20		18		16		14		12		10		8		6		4		2		0		14		12		33		29		49		68		42		43		60		54		31		90		68		49		29		90		52		92		90		92		90		43		94		92		90		94		92		78		60		96		94		52		96		63		98		55		88		74		63		42		102		102		94		94		84		63		97		108		97		132		130		128		126		134		132		130		128		107		136		134		132		130		138		136		134		132		114		112		110		108		106		104		102		100		98		96		94		92		90		88		86		84		82		140		138		136		134		142		140		138		136		92		94
78		57		48		58		58		52		51		50		49		47		93		78		57		46		36		33		64		39		38		70		70		64		48		46		44		42		40		38		36		34		32		30		28		26		24		22		20		18		16		14		12		10		8		8		10		12		14		0		2		19		29		35		54		42		43		46		40		31		76		54		35		15		76		52		78		76		78		76		43		80		78		76		80		78		64		46		82		80		52		82		49		84		41		88		60		49		34		102		102		80		80		70		55		83		94		83		118		116		114		112		120		118		116		114		93		122		120		118		116		124		122		120		118		100		98		96		94		92		90		88		86		84		82		80		78		76		74		72		70		70		126		124		122		120		128		126		124		122		92		94
80		59		50		56		56		50		53		52		51		49		95		80		59		48		38		35		62		37		36		68		68		62		50		48		46		44		42		40		38		36		34		32		30		28		26		24		22		20		18		16		14		12		10		8		8		10		12		2		0		21		27		37		56		40		41		48		42		29		78		56		37		17		78		50		80		78		80		78		41		82		80		78		82		80		66		48		84		82		50		84		51		86		43		86		62		51		32		100		100		82		82		72		53		85		96		85		120		118		116		114		122		120		118		116		95		124		122		120		118		126		124		122		120		102		100		98		96		94		92		90		88		86		84		82		80		78		76		74		72		70		128		126		124		122		130		128		126		124		90		92
65		64		65		77		77		71		38		37		36		34		80		65		44		33		43		46		83		58		57		89		89		83		35		33		31		29		27		25		23		21		19		17		15		13		11		11		13		15		17		19		21		23		25		27		29		31		33		19		21		0		42		16		35		55		56		27		21		44		57		35		16		26		57		65		59		57		59		57		56		61		59		57		61		59		45		27		63		61		65		63		30		65		22		101		41		30		47		115		115		61		61		51		68		64		75		64		99		97		95		93		101		99		97		95		74		103		101		99		97		105		103		101		99		81		79		77		75		73		71		69		67		67		69		71		73		75		77		79		81		83		107		105		103		101		109		107		105		103		105		107
107		86		77		61		55		55		80		79		78		76		122		107		86		75		65		62		41		40		39		47		47		41		77		75		73		71		69		67		65		63		61		59		57		55		53		51		49		47		45		43		41		39		37		35		33		31		29		29		27		42		0		58		77		13		14		69		63		16		99		77		58		38		99		23		101		99		101		99		14		103		101		99		103		101		87		69		105		103		23		105		72		107		64		59		83		72		51		73		73		103		103		93		72		106		117		106		141		139		137		135		143		141		139		137		116		145		143		141		139		147		145		143		141		123		121		119		117		115		113		111		109		107		105		103		101		99		97		95		93		91		149		147		145		143		151		149		147		145		81		79
59		80		81		93		93		87		54		53		52		50		72		57		38		49		59		62		99		74		73		105		105		99		27		25		23		21		19		17		15		15		17		19		21		23		25		27		29		31		33		35		37		39		41		43		45		47		49		35		37		16		58		0		19		63		64		11		5		52		41		19		14		34		41		73		43		41		43		41		64		45		43		41		45		43		29		13		47		45		73		47		14		49		30		109		25		34		55		123		123		45		45		55		76		48		59		58		83		81		79		77		85		83		81		79		58		87		85		83		81		89		87		85		83		65		63		63		65		67		69		71		73		75		77		79		81		83		85		87		89		91		91		89		87		85		93		91		89		87		113		115
78		99		100		112		112		106		73		72		71		69		57		42		57		68		78		81		118		93		92		124		124		118		20		22		24		26		28		30		32		34		36		38		40		42		44		46		48		50		52		54		56		58		60		62		64		66		68		54		56		35		77		19		0		78		79		14		20		67		22		10		29		49		22		88		24		22		24		22		79		26		24		22		26		24		10		28		28		26		88		28		29		30		45		124		28		49		70		138		138		46		60		70		91		63		60		73		64		62		60		58		66		64		62		60		73		68		66		64		62		70		68		66		64		74		76		78		80		82		84		86		88		90		92		94		96		98		100		102		104		106		72		70		68		66		74		72		70		68		128		130
120		99		90		74		68		68		93		92		91		89		135		120		99		88		78		75		42		53		52		48		48		42		90		88		86		84		82		80		78		76		74		72		70		68		66		64		62		60		58		56		54		52		50		48		46		44		42		42		40		55		13		63		78		0		1		68		62		15		98		76		57		37		98		10		100		98		100		98		13		102		100		98		102		100		86		68		104		102		10		104		71		106		63		46		82		71		50		60		60		102		102		92		71		105		116		105		140		138		136		134		142		140		138		136		115		144		142		140		138		146		144		142		140		122		120		118		116		114		112		110		108		106		104		102		100		98		96		94		92		90		148		146		144		142		150		148		146		144		80		78
121		100		91		75		69		69		94		93		92		90		136		121		100		89		79		76		41		54		53		47		47		41		91		89		87		85		83		81		79		77		75		73		71		69		67		65		63		61		59		57		55		53		51		49		47		45		43		43		41		56		14		64		79		1		0		69		63		16		99		77		58		38		99		9		101		99		101		99		14		103		101		99		103		101		87		69		105		103		11		105		72		107		64		45		83		72		51		59		59		103		103		93		72		106		117		106		141		139		137		135		143		141		139		137		116		145		143		141		139		147		145		143		141		123		121		119		117		115		113		111		109		107		105		103		101		99		97		95		93		91		149		147		145		143		151		149		147		145		81		79
70		91		92		104		104		98		65		64		63		61		71		56		49		60		70		73		110		85		84		116		116		110		26		24		22		20		20		22		24		26		28		30		32		34		36		38		40		42		44		46		48		50		52		54		56		58		60		46		48		27		69		11		14		68		69		0		6		53		30		8		15		35		30		74		32		30		32		30		65		34		32		30		34		32		18		14		36		34		74		36		15		38		31		110		14		35		56		124		124		34		46		56		77		49		48		59		72		70		68		66		74		72		70		68		59		76		74		72		70		78		76		74		72		60		62		64		66		68		70		72		74		76		78		80		82		84		86		88		90		92		80		78		76		74		82		80		78		76		114		116
64		85		86		98		98		92		59		58		57		55		77		62		43		54		64		67		104		79		78		110		110		104		32		30		28		26		24		22		20		20		22		24		26		28		30		32		34		36		38		40		42		44		46		48		50		52		54		40		42		21		63		5		20		62		63		6		0		47		36		14		9		29		36		68		38		36		38		36		59		40		38		36		40		38		24		8		42		40		68		42		9		44		25		104		20		29		50		118		118		40		40		50		71		43		54		53		78		76		74		72		80		78		76		74		53		82		80		78		76		84		82		80		78		60		58		58		60		62		64		66		68		70		72		74		76		78		80		82		84		86		86		84		82		80		88		86		84		82		108		110
109		88		79		63		57		57		82		81		80		78		124		109		88		77		67		64		57		42		41		63		63		57		79		77		75		73		71		69		67		65		63		61		59		57		55		53		51		49		47		45		43		41		39		37		35		33		31		31		29		44		16		52		67		15		16		53		47		0		83		61		42		22		83		21		85		83		85		83		12		87		85		83		87		85		71		53		89		87		21		89		56		91		48		57		67		56		35		71		71		87		87		77		56		90		101		90		125		123		121		119		127		125		123		121		100		129		127		125		123		131		129		127		125		107		105		103		101		99		97		95		93		91		89		87		85		83		81		79		77		75		133		131		129		127		135		133		131		129		65		63
100		121		122		134		134		128		95		94		93		91		45		58		79		90		100		103		140		115		114		146		146		140		42		44		46		48		50		52		54		56		58		60		62		64		66		68		70		72		74		76		78		80		82		84		86		88		90		76		78		57		99		41		22		98		99		30		36		83		0		22		41		61		2		100		2		4		4		6		91		4		6		8		6		8		22		40		6		8		100		8		41		8		57		136		40		61		82		150		150		58		72		82		103		75		72		85		56		58		60		62		58		60		62		64		85		60		62		64		66		62		64		66		68		86		88		90		92		94		96		98		100		102		104		106		108		110		112		114		116		118		64		66		68		70		66		68		70		72		140		142
78		99		100		112		112		106		73		72		71		69		67		52		57		68		78		81		118		93		92		124		124		118		22		22		24		26		28		30		32		34		36		38		40		42		44		46		48		50		52		54		56		58		60		62		64		66		68		54		56		35		77		19		10		76		77		8		14		61		22		0		19		39		22		78		24		22		24		22		69		26		24		22		26		24		10		18		28		26		78		28		19		30		35		114		18		39		60		128		128		36		50		60		81		53		50		63		64		62		60		58		66		64		62		60		63		68		66		64		62		70		68		66		64		64		66		68		70		72		74		76		78		80		82		84		86		88		90		92		94		96		72		70		68		66		74		72		70		68		118		120
71		80		81		93		93		87		54		53		52		50		86		71		50		49		59		62		99		74		73		105		105		99		41		39		37		35		33		31		29		27		25		23		21		23		25		27		29		31		33		35		37		39		41		43		45		47		49		35		37		16		58		14		29		57		58		15		9		42		41		19		0		20		41		59		43		41		43		41		50		45		43		41		45		43		29		11		47		45		59		47		14		49		16		95		25		20		41		109		109		45		45		41		62		48		59		48		83		81		79		77		85		83		81		79		58		87		85		83		81		89		87		85		83		65		63		61		59		57		55		57		59		61		63		65		67		69		71		73		75		77		91		89		87		85		93		91		89		87		99		101
91		70		61		73		73		67		64		63		62		60		106		91		70		59		49		46		79		54		53		85		85		79		61		59		57		55		53		51		49		47		45		43		41		39		37		35		33		31		29		27		25		23		21		23		25		27		29		15		17		26		38		34		49		37		38		35		29		22		61		39		20		0		61		39		63		61		63		61		30		65		63		61		65		63		49		31		67		65		39		67		34		69		26		75		45		34		21		89		89		65		65		55		42		68		79		68		103		101		99		97		105		103		101		99		78		107		105		103		101		109		107		105		103		85		83		81		79		77		75		73		71		69		67		65		63		61		59		57		55		57		111		109		107		105		113		111		109		107		79		81
100		121		122		134		134		128		95		94		93		91		47		58		79		90		100		103		140		115		114		146		146		140		42		44		46		48		50		52		54		56		58		60		62		64		66		68		70		72		74		76		78		80		82		84		86		88		90		76		78		57		99		41		22		98		99		30		36		83		2		22		41		61		0		98		2		2		2		4		89		4		4		6		4		6		20		38		6		6		98		6		39		8		55		134		38		59		80		148		148		56		70		80		101		73		70		83		54		56		58		60		56		58		60		62		83		58		60		62		64		60		62		64		66		84		86		88		90		92		94		96		98		100		102		104		106		108		110		112		114		116		62		64		66		68		64		66		68		70		138		140
130		109		100		84		78		78		103		102		101		99		145		130		109		98		88		85		48		63		62		48		48		42		100		98		96		94		92		90		88		86		84		82		80		78		76		74		72		70		68		66		64		62		60		58		56		54		52		52		50		65		23		73		88		10		9		74		68		21		100		78		59		39		98		0		100		98		100		98		13		102		100		98		102		100		86		68		104		102		10		104		71		106		63		36		82		71		50		50		50		102		102		92		71		105		116		105		140		138		136		134		142		140		138		136		115		144		142		140		138		146		144		142		140		122		120		118		116		114		112		110		108		106		104		102		100		98		96		94		92		90		148		146		144		142		150		148		146		144		80		78
102		123		124		136		136		130		97		96		95		93		47		60		81		92		102		105		142		117		116		148		148		142		44		46		48		50		52		54		56		58		60		62		64		66		68		70		72		74		76		78		80		82		84		86		88		90		92		78		80		59		101		43		24		100		101		32		38		85		2		24		43		63		2		100		0		2		2		4		89		2		4		6		4		6		20		38		4		6		98		6		39		6		55		134		38		59		80		148		148		56		70		80		101		73		70		83		54		56		58		60		56		58		60		62		83		58		60		62		64		60		62		64		66		84		86		88		90		92		94		96		98		100		102		104		106		108		110		112		114		116		62		64		66		68		64		66		68		70		138		140
100		121		122		134		134		128		95		94		93		91		49		58		79		90		100		103		140		115		114		146		146		140		42		44		46		48		50		52		54		56		58		60		62		64		66		68		70		72		74		76		78		80		82		84		86		88		90		76		78		57		99		41		22		98		99		30		36		83		4		22		41		61		2		98		2		0		2		2		87		4		2		4		4		4		18		36		6		4		96		6		37		8		53		132		36		57		78		146		146		54		68		78		99		71		68		81		52		54		56		58		54		56		58		60		81		56		58		60		62		58		60		62		64		82		84		86		88		90		92		94		96		98		100		102		104		106		108		110		112		114		60		62		64		66		62		64		66		68		136		138
102		123		124		136		136		130		97		96		95		93		49		60		81		92		102		105		142		117		116		148		148		142		44		46		48		50		52		54		56		58		60		62		64		66		68		70		72		74		76		78		80		82		84		86		88		90		92		78		80		59		101		43		24		100		101		32		38		85		4		24		43		63		2		100		2		2		0		2		87		2		2		4		2		4		18		36		4		4		96		4		37		6		53		132		36		57		78		146		146		54		68		78		99		71		68		81		52		54		56		58		54		56		58		60		81		56		58		60		62		58		60		62		64		82		84		86		88		90		92		94		96		98		100		102		104		106		108		110		112		114		60		62		64		66		62		64		66		68		136		138
100		121		122		134		134		128		95		94		93		91		51		58		79		90		100		103		140		115		114		146		146		140		42		44		46		48		50		52		54		56		58		60		62		64		66		68		70		72		74		76		78		80		82		84		86		88		90		76		78		57		99		41		22		98		99		30		36		83		6		22		41		61		4		98		4		2		2		0		85		4		2		2		4		2		16		34		6		4		94		6		35		8		51		130		34		55		76		144		144		52		66		76		97		69		66		79		50		52		54		56		52		54		56		58		79		54		56		58		60		56		58		60		62		80		82		84		86		88		90		92		94		96		98		100		102		104		106		108		110		112		58		60		62		64		60		62		64		66		134		136
121		100		91		75		69		69		94		93		92		90		136		121		100		89		79		76		55		54		53		61		61		55		91		89		87		85		83		81		79		77		75		73		71		69		67		65		63		61		59		57		55		53		51		49		47		45		43		43		41		56		14		64		79		13		14		65		59		12		91		69		50		30		89		13		89		87		87		85		0		89		87		85		89		87		73		55		91		89		9		91		58		93		50		45		69		58		37		59		59		89		89		79		58		92		103		92		127		125		123		121		129		127		125		123		102		131		129		127		125		133		131		129		127		109		107		105		103		101		99		97		95		93		91		89		87		85		83		81		79		77		135		133		131		129		137		135		133		131		67		65
104		125		126		138		138		132		99		98		97		95		49		62		83		94		104		107		144		119		118		150		150		144		46		48		50		52		54		56		58		60		62		64		66		68		70		72		74		76		78		80		82		84		86		88		90		92		94		80		82		61		103		45		26		102		103		34		40		87		4		26		45		65		4		102		2		4		2		4		89		0		2		4		2		4		18		36		2		4		96		4		37		4		53		132		36		57		78		146		146		54		68		78		99		71		68		81		52		54		56		58		54		56		58		60		81		56		58		60		62		58		60		62		64		82		84		86		88		90		92		94		96		98		100		102		104		106		108		110		112		114		60		62		64		66		62		64		66		68		136		138
102		123		124		136		136		130		97		96		95		93		51		60		81		92		102		105		142		117		116		148		148		142		44		46		48		50		52		54		56		58		60		62		64		66		68		70		72		74		76		78		80		82		84		86		88		90		92		78		80		59		101		43		24		100		101		32		38		85		6		24		43		63		4		100		4		2		2		2		87		2		0		2		2		2		16		34		4		2		94		4		35		6		51		130		34		55		76		144		144		52		66		76		97		69		66		79		50		52		54		56		52		54		56		58		79		54		56		58		60		56		58		60		62		80		82		84		86		88		90		92		94		96		98		100		102		104		106		108		110		112		58		60		62		64		60		62		64		66		134		136
100		121		122		134		134		128		95		94		93		91		53		58		79		90		100		103		140		115		114		146		146		140		42		44		46		48		50		52		54		56		58		60		62		64		66		68		70		72		74		76		78		80		82		84		86		88		90		76		78		57		99		41		22		98		99		30		36		83		8		22		41		61		6		98		6		4		4		2		85		4		2		0		4		2		14		32		6		4		92		6		33		8		49		128		32		53		74		142		142		50		64		74		95		67		64		77		48		50		52		54		50		52		54		56		77		52		54		56		58		54		56		58		60		78		80		82		84		86		88		90		92		94		96		98		100		102		104		106		108		110		56		58		60		62		58		60		62		64		132		134
104		125		126		138		138		132		99		98		97		95		51		62		83		94		104		107		144		119		118		150		150		144		46		48		50		52		54		56		58		60		62		64		66		68		70		72		74		76		78		80		82		84		86		88		90		92		94		80		82		61		103		45		26		102		103		34		40		87		6		26		45		65		4		102		4		4		2		4		89		2		2		4		0		2		16		34		2		2		94		2		35		4		51		130		34		55		76		144		144		52		66		76		97		69		66		79		50		52		54		56		52		54		56		58		79		54		56		58		60		56		58		60		62		80		82		84		86		88		90		92		94		96		98		100		102		104		106		108		110		112		58		60		62		64		60		62		64		66		134		136
102		123		124		136		136		130		97		96		95		93		53		60		81		92		102		105		142		117		116		148		148		142		44		46		48		50		52		54		56		58		60		62		64		66		68		70		72		74		76		78		80		82		84		86		88		90		92		78		80		59		101		43		24		100		101		32		38		85		8		24		43		63		6		100		6		4		4		2		87		4		2		2		2		0		14		32		4		2		92		4		33		6		49		128		32		53		74		142		142		50		64		74		95		67		64		77		48		50		52		54		50		52		54		56		77		52		54		56		58		54		56		58		60		78		80		82		84		86		88		90		92		94		96		98		100		102		104		106		108		110		56		58		60		62		58		60		62		64		132		134
88		109		110		122		122		116		83		82		81		79		67		52		67		78		88		91		128		103		102		134		134		128		30		32		34		36		38		40		42		44		46		48		50		52		54		56		58		60		62		64		66		68		70		72		74		76		78		64		66		45		87		29		10		86		87		18		24		71		22		10		29		49		20		86		20		18		18		16		73		18		16		14		16		14		0		18		18		16		78		18		19		20		35		114		18		39		60		128		128		36		50		60		81		53		50		63		54		52		50		48		56		54		52		50		63		58		56		54		52		60		58		56		54		64		66		68		70		72		74		76		78		80		82		84		86		88		90		92		94		96		62		60		58		56		64		62		60		58		118		120
70		91		92		104		104		98		65		64		63		61		85		70		49		60		70		73		110		85		84		116		116		110		40		38		36		34		32		30		28		26		28		30		32		34		36		38		40		42		44		46		48		50		52		54		56		58		60		46		48		27		69		13		28		68		69		14		8		53		40		18		11		31		38		68		38		36		36		34		55		36		34		32		34		32		18		0		36		34		60		36		3		38		17		96		14		21		42		110		110		34		34		42		63		37		48		45		72		70		68		66		74		72		70		68		47		76		74		72		70		78		76		74		72		54		52		50		52		54		56		58		60		62		64		66		68		70		72		74		76		78		80		78		76		74		82		80		78		76		100		102
106		127		128		140		140		134		101		100		99		97		51		64		85		96		106		109		146		121		120		152		152		146		48		50		52		54		56		58		60		62		64		66		68		70		72		74		76		78		80		82		84		86		88		90		92		94		96		82		84		63		105		47		28		104		105		36		42		89		6		28		47		67		6		104		4		6		4		6		91		2		4		6		2		4		18		36		0		2		94		2		35		2		51		130		34		55		76		144		144		52		66		76		97		69		66		79		50		52		54		56		52		54		56		58		79		54		56		58		60		56		58		60		62		80		82		84		86		88		90		92		94		96		98		100		102		104		106		108		110		112		58		60		62		64		60		62		64		66		134		136
104		125		126		138		138		132		99		98		97		95		53		62		83		94		104		107		144		119		118		150		150		144		46		48		50		52		54		56		58		60		62		64		66		68		70		72		74		76		78		80		82		84		86		88		90		92		94		80		82		61		103		45		26		102		103		34		40		87		8		26		45		65		6		102		6		4		4		4		89		4		2		4		2		2		16		34		2		0		92		2		33		4		49		128		32		53		74		142		142		50		64		74		95		67		64		77		48		50		52		54		50		52		54		56		77		52		54		56		58		54		56		58		60		78		80		82		84		86		88		90		92		94		96		98		100		102		104		106		108		110		56		58		60		62		58		60		62		64		132		134
130		109		100		84		78		78		103		102		101		99		145		130		109		98		88		85		52		63		62		58		58		52		100		98		96		94		92		90		88		86		84		82		80		78		76		74		72		70		68		66		64		62		60		58		56		54		52		52		50		65		23		73		88		10		11		74		68		21		100		78		59		39		98		10		98		96		96		94		9		96		94		92		94		92		78		60		94		92		0		94		61		96		53		36		72		61		40		50		50		92		92		82		61		95		106		95		130		128		126		124		132		130		128		126		105		134		132		130		128		136		134		132		130		112		110		108		106		104		102		100		98		96		94		92		90		88		86		84		82		80		138		136		134		132		140		138		136		134		70		68
106		127		128		140		140		134		101		100		99		97		53		64		85		96		106		109		146		121		120		152		152		146		48		50		52		54		56		58		60		62		64		66		68		70		72		74		76		78		80		82		84		86		88		90		92		94		96		82		84		63		105		47		28		104		105		36		42		89		8		28		47		67		6		104		6		6		4		6		91		4		4		6		2		4		18		36		2		2		94		0		33		2		49		128		32		53		74		142		142		50		64		74		95		67		64		77		48		50		52		54		50		52		54		56		77		52		54		56		58		54		56		58		60		78		80		82		84		86		88		90		92		94		96		98		100		102		104		106		108		110		56		58		60		62		58		60		62		64		132		134
73		94		95		107		107		101		68		67		66		64		86		71		52		63		73		76		113		88		87		119		119		113		41		39		37		35		33		31		29		29		31		33		35		37		39		41		43		45		47		49		51		53		55		57		59		61		63		49		51		30		72		14		29		71		72		15		9		56		41		19		14		34		39		71		39		37		37		35		58		37		35		33		35		33		19		3		35		33		61		33		0		35		16		95		11		20		41		109		109		31		31		41		62		34		45		44		69		67		65		63		71		69		67		65		44		73		71		69		67		75		73		71		69		51		49		49		51		53		55		57		59		61		63		65		67		69		71		73		75		77		77		75		73		71		79		77		75		73		99		101
108		129		130		142		142		136		103		102		101		99		53		66		87		98		108		111		148		123		122		154		154		148		50		52		54		56		58		60		62		64		66		68		70		72		74		76		78		80		82		84		86		88		90		92		94		96		98		84		86		65		107		49		30		106		107		38		44		91		8		30		49		69		8		106		6		8		6		8		93		4		6		8		4		6		20		38		2		4		96		2		35		0		49		128		32		53		74		142		142		50		64		74		95		67		64		77		48		50		52		54		50		52		54		56		77		52		54		56		58		54		56		58		60		78		80		82		84		86		88		90		92		94		96		98		100		102		104		106		108		110		56		58		60		62		58		60		62		64		132		134
87		86		87		99		99		93		60		59		58		56		102		87		66		55		65		68		105		80		79		111		111		105		57		55		53		51		49		47		45		43		41		39		37		35		33		33		35		37		39		41		43		45		47		49		51		53		55		41		43		22		64		30		45		63		64		31		25		48		57		35		16		26		55		63		55		53		53		51		50		53		51		49		51		49		35		17		51		49		53		49		16		49		0		79		19		8		25		93		93		39		39		29		46		42		53		42		77		75		73		71		79		77		75		73		52		81		79		77		75		83		81		79		77		59		57		55		53		51		49		47		45		45		47		49		51		53		55		57		59		61		85		83		81		79		87		85		83		81		83		85
166		145		136		120		114		114		139		138		137		135		181		166		145		134		124		121		84		99		98		60		54		54		136		134		132		130		128		126		124		122		120		118		116		114		112		110		108		106		104		102		100		98		96		94		92		90		88		88		86		101		59		109		124		46		45		110		104		57		136		114		95		75		134		36		134		132		132		130		45		132		130		128		130		128		114		96		130		128		36		128		95		128		79		0		98		87		66		14		14		118		118		108		87		121		132		121		156		154		152		150		158		156		154		152		131		160		158		156		154		162		160		158		156		138		136		134		132		130		128		126		124		122		120		118		116		114		112		110		108		106		164		162		160		158		166		164		162		160		96		94
84		105		106		118		118		112		79		78		77		75		85		70		63		74		84		87		124		99		98		130		130		124		40		38		36		34		34		36		38		40		42		44		46		48		50		52		54		56		58		60		62		64		66		68		70		72		74		60		62		41		83		25		28		82		83		14		20		67		40		18		25		45		38		82		38		36		36		34		69		36		34		32		34		32		18		14		34		32		72		32		11		32		19		98		0		21		42		110		110		20		32		42		63		35		34		45		58		56		54		52		60		58		56		54		45		62		60		58		56		64		62		60		58		46		48		50		52		54		56		58		60		62		64		66		68		70		72		74		76		78		66		64		62		60		68		66		64		62		100		102
91		94		95		107		107		101		68		67		66		64		106		91		70		63		73		76		113		88		87		119		119		113		61		59		57		55		53		51		49		47		45		43		41		39		39		41		43		45		47		49		51		53		55		57		59		61		63		49		51		30		72		34		49		71		72		35		29		56		61		39		20		34		59		71		59		57		57		55		58		57		55		53		55		53		39		21		55		53		61		53		20		53		8		87		21		0		21		89		89		31		31		21		42		34		45		34		69		67		65		63		71		69		67		65		44		73		71		69		67		75		73		71		69		51		49		47		45		43		41		39		39		41		43		45		47		49		51		53		55		57		77		75		73		71		79		77		75		73		79		81
112		91		82		86		86		80		85		84		83		81		127		112		91		80		70		67		92		67		66		98		98		92		82		80		78		76		74		72		70		68		66		64		62		60		58		56		54		52		50		48		46		44		42		40		38		40		42		34		32		47		51		55		70		50		51		56		50		35		82		60		41		21		80		50		80		78		78		76		37		78		76		74		76		74		60		42		76		74		40		74		41		74		25		66		42		21		0		68		68		52		52		42		21		55		66		55		90		88		86		84		92		90		88		86		65		94		92		90		88		96		94		92		90		72		70		68		66		64		62		60		58		56		54		52		50		48		46		44		42		40		98		96		94		92		100		98		96		94		58		60
180		159		150		134		128		128		153		152		151		149		195		180		159		148		138		135		98		113		112		74		68		68		150		148		146		144		142		140		138		136		134		132		130		128		126		124		122		120		118		116		114		112		110		108		106		104		102		102		100		115		73		123		138		60		59		124		118		71		150		128		109		89		148		50		148		146		146		144		59		146		144		142		144		142		128		110		144		142		50		142		109		142		93		14		110		89		68		0		14		118		118		108		87		121		132		121		156		154		152		150		158		156		154		152		131		160		158		156		154		162		160		158		156		138		136		134		132		130		128		126		124		122		120		118		116		114		112		110		108		106		164		162		160		158		166		164		162		160		96		94
180		159		150		134		128		128		153		152		151		149		195		180		159		148		138		135		98		113		112		74		68		68		150		148		146		144		142		140		138		136		134		132		130		128		126		124		122		120		118		116		114		112		110		108		106		104		102		102		100		115		73		123		138		60		59		124		118		71		150		128		109		89		148		50		148		146		146		144		59		146		144		142		144		142		128		110		144		142		50		142		109		142		93		14		110		89		68		14		0		104		104		94		73		107		118		107		142		140		138		136		144		142		140		138		117		146		144		142		140		148		146		144		142		124		122		120		118		116		114		112		110		108		106		104		102		100		98		96		94		92		150		148		146		144		152		150		148		146		82		80
104		125		126		138		138		132		99		98		97		95		103		88		83		94		104		107		144		119		118		150		150		144		58		56		54		52		54		56		58		60		62		64		66		68		70		72		74		76		78		80		82		84		86		88		90		92		94		80		82		61		103		45		46		102		103		34		40		87		58		36		45		65		56		102		56		54		54		52		89		54		52		50		52		50		36		34		52		50		92		50		31		50		39		118		20		31		52		118		104		0		14		24		45		17		14		27		38		36		34		32		40		38		36		34		27		42		40		38		36		44		42		40		38		28		30		32		34		36		38		40		42		44		46		48		50		52		54		56		58		60		46		44		42		40		48		46		44		42		82		84
104		125		126		138		138		132		99		98		97		95		117		102		83		94		104		107		144		119		118		150		150		144		72		70		68		66		64		62		60		60		62		64		66		68		70		72		74		76		78		80		82		84		86		88		90		92		94		80		82		61		103		45		60		102		103		46		40		87		72		50		45		65		70		102		70		68		68		66		89		68		66		64		66		64		50		34		66		64		92		64		31		64		39		118		32		31		52		118		104		14		0		10		31		3		14		13		38		36		34		32		40		38		36		34		13		42		40		38		36		44		42		40		38		20		18		18		20		22		24		26		28		30		32		34		36		38		40		42		44		46		46		44		42		40		48		46		44		42		68		70
112		115		116		128		128		122		89		88		87		85		127		112		91		84		94		97		134		109		108		140		140		134		82		80		78		76		74		72		70		68		66		64		62		60		60		62		64		66		68		70		72		74		76		78		80		82		84		70		72		51		93		55		70		92		93		56		50		77		82		60		41		55		80		92		80		78		78		76		79		78		76		74		76		74		60		42		76		74		82		74		41		74		29		108		42		21		42		108		94		24		10		0		21		13		24		13		48		46		44		42		50		48		46		44		23		52		50		48		46		54		52		50		48		30		28		26		24		22		20		18		18		20		22		24		26		28		30		32		34		36		56		54		52		50		58		56		54		52		58		60
133		112		103		107		107		101		106		105		104		102		148		133		112		101		91		88		113		88		87		119		119		113		103		101		99		97		95		93		91		89		87		85		83		81		79		77		75		73		71		69		67		65		63		61		59		61		63		55		53		68		72		76		91		71		72		77		71		56		103		81		62		42		101		71		101		99		99		97		58		99		97		95		97		95		81		63		97		95		61		95		62		95		46		87		63		42		21		87		73		45		31		21		0		34		45		34		69		67		65		63		71		69		67		65		44		73		71		69		67		75		73		71		69		51		49		47		45		43		41		39		37		35		33		31		29		27		25		23		21		19		77		75		73		71		79		77		75		73		37		39
107		128		129		141		141		135		102		101		100		98		120		105		86		97		107		110		147		122		121		153		153		147		75		73		71		69		67		65		63		63		65		67		69		71		73		75		77		79		81		83		85		87		89		91		93		95		97		83		85		64		106		48		63		105		106		49		43		90		75		53		48		68		73		105		73		71		71		69		92		71		69		67		69		67		53		37		69		67		95		67		34		67		42		121		35		34		55		121		107		17		3		13		34		0		11		10		35		33		31		29		37		35		33		31		10		39		37		35		33		41		39		37		35		17		15		15		17		19		21		23		25		27		29		31		33		35		37		39		41		43		43		41		39		37		45		43		41		39		65		67
118		139		140		152		152		146		113		112		111		109		117		102		97		108		118		121		158		133		132		164		164		158		72		70		68		66		68		70		72		74		76		78		80		82		84		86		88		90		92		94		96		98		100		102		104		106		108		94		96		75		117		59		60		116		117		48		54		101		72		50		59		79		70		116		70		68		68		66		103		68		66		64		66		64		50		48		66		64		106		64		45		64		53		132		34		45		66		132		118		14		14		24		45		11		0		13		24		22		20		18		26		24		22		20		13		28		26		24		22		30		28		26		24		14		16		18		20		22		24		26		28		30		32		34		36		38		40		42		44		46		32		30		28		26		34		32		30		28		68		70
115		128		129		141		141		135		102		101		100		98		130		115		94		97		107		110		147		122		121		153		153		147		85		83		81		79		77		75		73		71		69		67		69		71		73		75		77		79		81		83		85		87		89		91		93		95		97		83		85		64		106		58		73		105		106		59		53		90		85		63		48		68		83		105		83		81		81		79		92		81		79		77		79		77		63		45		79		77		95		77		44		77		42		121		45		34		55		121		107		27		13		13		34		10		13		0		35		33		31		29		37		35		33		31		10		39		37		35		33		41		39		37		35		17		15		13		11		9		11		13		15		17		19		21		23		25		27		29		31		33		43		41		39		37		45		43		41		39		55		57
142		163		164		176		176		170		137		136		135		133		101		100		121		132		142		145		182		157		156		188		188		182		84		86		88		90		92		94		96		98		100		102		104		106		108		110		112		114		116		118		120		122		124		126		128		130		132		118		120		99		141		83		64		140		141		72		78		125		56		64		83		103		54		140		54		52		52		50		127		52		50		48		50		48		54		72		50		48		130		48		69		48		77		156		58		69		90		156		142		38		38		48		69		35		24		35		0		2		4		6		2		4		6		8		29		4		6		8		10		6		8		10		12		30		32		34		36		38		40		42		44		46		48		50		52		54		56		58		60		62		8		10		12		14		10		12		14		16		84		86
140		161		162		174		174		168		135		134		133		131		103		98		119		130		140		143		180		155		154		186		186		180		82		84		86		88		90		92		94		96		98		100		102		104		106		108		110		112		114		116		118		120		122		124		126		128		130		116		118		97		139		81		62		138		139		70		76		123		58		62		81		101		56		138		56		54		54		52		125		54		52		50		52		50		52		70		52		50		128		50		67		50		75		154		56		67		88		154		140		36		36		46		67		33		22		33		2		0		2		4		4		2		4		6		27		6		4		6		8		8		6		8		10		28		30		32		34		36		38		40		42		44		46		48		50		52		54		56		58		60		10		8		10		12		12		10		12		14		82		84
138		159		160		172		172		166		133		132		131		129		105		96		117		128		138		141		178		153		152		184		184		178		80		82		84		86		88		90		92		94		96		98		100		102		104		106		108		110		112		114		116		118		120		122		124		126		128		114		116		95		137		79		60		136		137		68		74		121		60		60		79		99		58		136		58		56		56		54		123		56		54		52		54		52		50		68		54		52		126		52		65		52		73		152		54		65		86		152		138		34		34		44		65		31		20		31		4		2		0		2		6		4		2		4		25		8		6		4		6		10		8		6		8		26		28		30		32		34		36		38		40		42		44		46		48		50		52		54		56		58		12		10		8		10		14		12		10		12		80		82
136		157		158		170		170		164		131		130		129		127		107		94		115		126		136		139		176		151		150		182		182		176		78		80		82		84		86		88		90		92		94		96		98		100		102		104		106		108		110		112		114		116		118		120		122		124		126		112		114		93		135		77		58		134		135		66		72		119		62		58		77		97		60		134		60		58		58		56		121		58		56		54		56		54		48		66		56		54		124		54		63		54		71		150		52		63		84		150		136		32		32		42		63		29		18		29		6		4		2		0		8		6		4		2		23		10		8		6		4		12		10		8		6		24		26		28		30		32		34		36		38		40		42		44		46		48		50		52		54		56		14		12		10		8		16		14		12		10		78		80
144		165		166		178		178		172		139		138		137		135		103		102		123		134		144		147		184		159		158		190		190		184		86		88		90		92		94		96		98		100		102		104		106		108		110		112		114		116		118		120		122		124		126		128		130		132		134		120		122		101		143		85		66		142		143		74		80		127		58		66		85		105		56		142		56		54		54		52		129		54		52		50		52		50		56		74		52		50		132		50		71		50		79		158		60		71		92		158		144		40		40		50		71		37		26		37		2		4		6		8		0		2		4		6		27		2		4		6		8		4		6		8		10		28		30		32		34		36		38		40		42		44		46		48		50		52		54		56		58		60		6		8		10		12		8		10		12		14		82		84
142		163		164		176		176		170		137		136		135		133		105		100		121		132		142		145		182		157		156		188		188		182		84		86		88		90		92		94		96		98		100		102		104		106		108		110		112		114		116		118		120		122		124		126		128		130		132		118		120		99		141		83		64		140		141		72		78		125		60		64		83		103		58		140		58		56		56		54		127		56		54		52		54		52		54		72		54		52		130		52		69		52		77		156		58		69		90		156		142		38		38		48		69		35		24		35		4		2		4		6		2		0		2		4		25		4		2		4		6		6		4		6		8		26		28		30		32		34		36		38		40		42		44		46		48		50		52		54		56		58		8		6		8		10		10		8		10		12		80		82
140		161		162		174		174		168		135		134		133		131		107		98		119		130		140		143		180		155		154		186		186		180		82		84		86		88		90		92		94		96		98		100		102		104		106		108		110		112		114		116		118		120		122		124		126		128		130		116		118		97		139		81		62		138		139		70		76		123		62		62		81		101		60		138		60		58		58		56		125		58		56		54		56		54		52		70		56		54		128		54		67		54		75		154		56		67		88		154		140		36		36		46		67		33		22		33		6		4		2		4		4		2		0		2		23		6		4		2		4		8		6		4		6		24		26		28		30		32		34		36		38		40		42		44		46		48		50		52		54		56		10		8		6		8		12		10		8		10		78		80
138		159		160		172		172		166		133		132		131		129		109		96		117		128		138		141		178		153		152		184		184		178		80		82		84		86		88		90		92		94		96		98		100		102		104		106		108		110		112		114		116		118		120		122		124		126		128		114		116		95		137		79		60		136		137		68		74		121		64		60		79		99		62		136		62		60		60		58		123		60		58		56		58		56		50		68		58		56		126		56		65		56		73		152		54		65		86		152		138		34		34		44		65		31		20		31		8		6		4		2		6		4		2		0		21		8		6		4		2		10		8		6		4		22		24		26		28		30		32		34		36		38		40		42		44		46		48		50		52		54		12		10		8		6		14		12		10		8		76		78
117		138		139		151		151		145		112		111		110		108		130		115		96		107		117		120		157		132		131		163		163		157		85		83		81		79		77		75		73		73		75		77		79		81		83		85		87		89		91		93		95		97		99		101		103		105		107		93		95		74		116		58		73		115		116		59		53		100		85		63		58		78		83		115		83		81		81		79		102		81		79		77		79		77		63		47		79		77		105		77		44		77		52		131		45		44		65		131		117		27		13		23		44		10		13		10		29		27		25		23		27		25		23		21		0		29		27		25		23		31		29		27		25		7		5		5		7		9		11		13		15		17		19		21		23		25		27		29		31		33		33		31		29		27		35		33		31		29		55		57
146		167		168		180		180		174		141		140		139		137		105		104		125		136		146		149		186		161		160		192		192		186		88		90		92		94		96		98		100		102		104		106		108		110		112		114		116		118		120		122		124		126		128		130		132		134		136		122		124		103		145		87		68		144		145		76		82		129		60		68		87		107		58		144		58		56		56		54		131		56		54		52		54		52		58		76		54		52		134		52		73		52		81		160		62		73		94		160		146		42		42		52		73		39		28		39		4		6		8		10		2		4		6		8		29		0		2		4		6		2		4		6		8		26		28		30		32		34		36		38		40		42		44		46		48		50		52		54		56		58		4		6		8		10		6		8		10		12		80		82
144		165		166		178		178		172		139		138		137		135		107		102		123		134		144		147		184		159		158		190		190		184		86		88		90		92		94		96		98		100		102		104		106		108		110		112		114		116		118		120		122		124		126		128		130		132		134		120		122		101		143		85		66		142		143		74		80		127		62		66		85		105		60		142		60		58		58		56		129		58		56		54		56		54		56		74		56		54		132		54		71		54		79		158		60		71		92		158		144		40		40		50		71		37		26		37		6		4		6		8		4		2		4		6		27		2		0		2		4		4		2		4		6		24		26		28		30		32		34		36		38		40		42		44		46		48		50		52		54		56		6		4		6		8		8		6		8		10		78		80
142		163		164		176		176		170		137		136		135		133		109		100		121		132		142		145		182		157		156		188		188		182		84		86		88		90		92		94		96		98		100		102		104		106		108		110		112		114		116		118		120		122		124		126		128		130		132		118		120		99		141		83		64		140		141		72		78		125		64		64		83		103		62		140		62		60		60		58		127		60		58		56		58		56		54		72		58		56		130		56		69		56		77		156		58		69		90		156		142		38		38		48		69		35		24		35		8		6		4		6		6		4		2		4		25		4		2		0		2		6		4		2		4		22		24		26		28		30		32		34		36		38		40		42		44		46		48		50		52		54		8		6		4		6		10		8		6		8		76		78
140		161		162		174		174		168		135		134		133		131		111		98		119		130		140		143		180		155		154		186		186		180		82		84		86		88		90		92		94		96		98		100		102		104		106		108		110		112		114		116		118		120		122		124		126		128		130		116		118		97		139		81		62		138		139		70		76		123		66		62		81		101		64		138		64		62		62		60		125		62		60		58		60		58		52		70		60		58		128		58		67		58		75		154		56		67		88		154		140		36		36		46		67		33		22		33		10		8		6		4		8		6		4		2		23		6		4		2		0		8		6		4		2		20		22		24		26		28		30		32		34		36		38		40		42		44		46		48		50		52		10		8		6		4		12		10		8		6		74		76
148		169		170		182		182		176		143		142		141		139		107		106		127		138		148		151		188		163		162		194		194		188		90		92		94		96		98		100		102		104		106		108		110		112		114		116		118		120		122		124		126		128		130		132		134		136		138		124		126		105		147		89		70		146		147		78		84		131		62		70		89		109		60		146		60		58		58		56		133		58		56		54		56		54		60		78		56		54		136		54		75		54		83		162		64		75		96		162		148		44		44		54		75		41		30		41		6		8		10		12		4		6		8		10		31		2		4		6		8		0		2		4		6		24		26		28		30		32		34		36		38		40		42		44		46		48		50		52		54		56		2		4		6		8		4		6		8		10		78		80
146		167		168		180		180		174		141		140		139		137		109		104		125		136		146		149		186		161		160		192		192		186		88		90		92		94		96		98		100		102		104		106		108		110		112		114		116		118		120		122		124		126		128		130		132		134		136		122		124		103		145		87		68		144		145		76		82		129		64		68		87		107		62		144		62		60		60		58		131		60		58		56		58		56		58		76		58		56		134		56		73		56		81		160		62		73		94		160		146		42		42		52		73		39		28		39		8		6		8		10		6		4		6		8		29		4		2		4		6		2		0		2		4		22		24		26		28		30		32		34		36		38		40		42		44		46		48		50		52		54		4		2		4		6		6		4		6		8		76		78
144		165		166		178		178		172		139		138		137		135		111		102		123		134		144		147		184		159		158		190		190		184		86		88		90		92		94		96		98		100		102		104		106		108		110		112		114		116		118		120		122		124		126		128		130		132		134		120		122		101		143		85		66		142		143		74		80		127		66		66		85		105		64		142		64		62		62		60		129		62		60		58		60		58		56		74		60		58		132		58		71		58		79		158		60		71		92		158		144		40		40		50		71		37		26		37		10		8		6		8		8		6		4		6		27		6		4		2		4		4		2		0		2		20		22		24		26		28		30		32		34		36		38		40		42		44		46		48		50		52		6		4		2		4		8		6		4		6		74		76
142		163		164		176		176		170		137		136		135		133		113		100		121		132		142		145		182		157		156		188		188		182		84		86		88		90		92		94		96		98		100		102		104		106		108		110		112		114		116		118		120		122		124		126		128		130		132		118		120		99		141		83		64		140		141		72		78		125		68		64		83		103		66		140		66		64		64		62		127		64		62		60		62		60		54		72		62		60		130		60		69		60		77		156		58		69		90		156		142		38		38		48		69		35		24		35		12		10		8		6		10		8		6		4		25		8		6		4		2		6		4		2		0		18		20		22		24		26		28		30		32		34		36		38		40		42		44		46		48		50		8		6		4		2		10		8		6		4		72		74
124		145		146		158		158		152		119		118		117		115		131		116		103		114		124		127		164		139		138		170		170		164		86		84		82		80		78		76		78		80		82		84		86		88		90		92		94		96		98		100		102		104		106		108		110		112		114		100		102		81		123		65		74		122		123		60		60		107		86		64		65		85		84		122		84		82		82		80		109		82		80		78		80		78		64		54		80		78		112		78		51		78		59		138		46		51		72		138		124		28		20		30		51		17		14		17		30		28		26		24		28		26		24		22		7		26		24		22		20		24		22		20		18		0		2		4		6		8		10		12		14		16		18		20		22		24		26		28		30		32		26		24		22		20		28		26		24		22		54		56
122		143		144		156		156		150		117		116		115		113		133		118		101		112		122		125		162		137		136		168		168		162		88		86		84		82		80		78		76		78		80		82		84		86		88		90		92		94		96		98		100		102		104		106		108		110		112		98		100		79		121		63		76		120		121		62		58		105		88		66		63		83		86		120		86		84		84		82		107		84		82		80		82		80		66		52		82		80		110		80		49		80		57		136		48		49		70		136		122		30		18		28		49		15		16		15		32		30		28		26		30		28		26		24		5		28		26		24		22		26		24		22		20		2		0		2		4		6		8		10		12		14		16		18		20		22		24		26		28		30		28		26		24		22		30		28		26		24		52		54
120		141		142		154		154		148		115		114		113		111		135		120		99		110		120		123		160		135		134		166		166		160		90		88		86		84		82		80		78		76		78		80		82		84		86		88		90		92		94		96		98		100		102		104		106		108		110		96		98		77		119		63		78		118		119		64		58		103		90		68		61		81		88		118		88		86		86		84		105		86		84		82		84		82		68		50		84		82		108		82		49		82		55		134		50		47		68		134		120		32		18		26		47		15		18		13		34		32		30		28		32		30		28		26		5		30		28		26		24		28		26		24		22		4		2		0		2		4		6		8		10		12		14		16		18		20		22		24		26		28		30		28		26		24		32		30		28		26		50		52
122		139		140		152		152		146		113		112		111		109		137		122		101		108		118		121		158		133		132		164		164		158		92		90		88		86		84		82		80		78		76		78		80		82		84		86		88		90		92		94		96		98		100		102		104		106		108		94		96		75		117		65		80		116		117		66		60		101		92		70		59		79		90		116		90		88		88		86		103		88		86		84		86		84		70		52		86		84		106		84		51		84		53		132		52		45		66		132		118		34		20		24		45		17		20		11		36		34		32		30		34		32		30		28		7		32		30		28		26		30		28		26		24		6		4		2		0		2		4		6		8		10		12		14		16		18		20		22		24		26		32		30		28		26		34		32		30		28		48		50
124		137		138		150		150		144		111		110		109		107		139		124		103		106		116		119		156		131		130		162		162		156		94		92		90		88		86		84		82		80		78		76		78		80		82		84		86		88		90		92		94		96		98		100		102		104		106		92		94		73		115		67		82		114		115		68		62		99		94		72		57		77		92		114		92		90		90		88		101		90		88		86		88		86		72		54		88		86		104		86		53		86		51		130		54		43		64		130		116		36		22		22		43		19		22		9		38		36		34		32		36		34		32		30		9		34		32		30		28		32		30		28		26		8		6		4		2		0		2		4		6		8		10		12		14		16		18		20		22		24		34		32		30		28		36		34		32		30		46		48
126		135		136		148		148		142		109		108		107		105		141		126		105		104		114		117		154		129		128		160		160		154		96		94		92		90		88		86		84		82		80		78		76		78		80		82		84		86		88		90		92		94		96		98		100		102		104		90		92		71		113		69		84		112		113		70		64		97		96		74		55		75		94		112		94		92		92		90		99		92		90		88		90		88		74		56		90		88		102		88		55		88		49		128		56		41		62		128		114		38		24		20		41		21		24		11		40		38		36		34		38		36		34		32		11		36		34		32		30		34		32		30		28		10		8		6		4		2		0		2		4		6		8		10		12		14		16		18		20		22		36		34		32		30		38		36		34		32		44		46
128		133		134		146		146		140		107		106		105		103		143		128		107		102		112		115		152		127		126		158		158		152		98		96		94		92		90		88		86		84		82		80		78		76		78		80		82		84		86		88		90		92		94		96		98		100		102		88		90		69		111		71		86		110		111		72		66		95		98		76		57		73		96		110		96		94		94		92		97		94		92		90		92		90		76		58		92		90		100		90		57		90		47		126		58		39		60		126		112		40		26		18		39		23		26		13		42		40		38		36		40		38		36		34		13		38		36		34		32		36		34		32		30		12		10		8		6		4		2		0		2		4		6		8		10		12		14		16		18		20		38		36		34		32		40		38		36		34		42		44
130		131		132		144		144		138		105		104		103		101		145		130		109		100		110		113		150		125		124		156		156		150		100		98		96		94		92		90		88		86		84		82		80		78		76		78		80		82		84		86		88		90		92		94		96		98		100		86		88		67		109		73		88		108		109		74		68		93		100		78		59		71		98		108		98		96		96		94		95		96		94		92		94		92		78		60		94		92		98		92		59		92		45		124		60		39		58		124		110		42		28		18		37		25		28		15		44		42		40		38		42		40		38		36		15		40		38		36		34		38		36		34		32		14		12		10		8		6		4		2		0		2		4		6		8		10		12		14		16		18		40		38		36		34		42		40		38		36		40		42
132		129		130		142		142		136		105		104		103		101		147		132		111		100		108		111		148		123		122		154		154		148		102		100		98		96		94		92		90		88		86		84		82		80		78		76		78		80		82		84		86		88		90		92		94		96		98		84		86		67		107		75		90		106		107		76		70		91		102		80		61		69		100		106		100		98		98		96		93		98		96		94		96		94		80		62		96		94		96		94		61		94		45		122		62		41		56		122		108		44		30		20		35		27		30		17		46		44		42		40		44		42		40		38		17		42		40		38		36		40		38		36		34		16		14		12		10		8		6		4		2		0		2		4		6		8		10		12		14		16		42		40		38		36		44		42		40		38		38		40
134		127		128		140		140		134		107		106		105		103		149		134		113		102		106		109		146		121		120		152		152		146		104		102		100		98		96		94		92		90		88		86		84		82		80		78		76		78		80		82		84		86		88		90		92		94		96		82		84		69		105		77		92		104		105		78		72		89		104		82		63		67		102		104		102		100		100		98		91		100		98		96		98		96		82		64		98		96		94		96		63		96		47		120		64		43		54		120		106		46		32		22		33		29		32		19		48		46		44		42		46		44		42		40		19		44		42		40		38		42		40		38		36		18		16		14		12		10		8		6		4		2		0		2		4		6		8		10		12		14		44		42		40		38		46		44		42		40		36		38
136		125		126		138		138		132		109		108		107		105		151		136		115		104		104		107		144		119		118		150		150		144		106		104		102		100		98		96		94		92		90		88		86		84		82		80		78		76		78		80		82		84		86		88		90		92		94		80		82		71		103		79		94		102		103		80		74		87		106		84		65		65		104		102		104		102		102		100		89		102		100		98		100		98		84		66		100		98		92		98		65		98		49		118		66		45		52		118		104		48		34		24		31		31		34		21		50		48		46		44		48		46		44		42		21		46		44		42		40		44		42		40		38		20		18		16		14		12		10		8		6		4		2		0		2		4		6		8		10		12		46		44		42		40		48		46		44		42		34		36
138		123		124		136		136		130		111		110		109		107		153		138		117		106		102		105		142		117		116		148		148		142		108		106		104		102		100		98		96		94		92		90		88		86		84		82		80		78		76		78		80		82		84		86		88		90		92		78		80		73		101		81		96		100		101		82		76		85		108		86		67		63		106		100		106		104		104		102		87		104		102		100		102		100		86		68		102		100		90		100		67		100		51		116		68		47		50		116		102		50		36		26		29		33		36		23		52		50		48		46		50		48		46		44		23		48		46		44		42		46		44		42		40		22		20		18		16		14		12		10		8		6		4		2		0		2		4		6		8		10		48		46		44		42		50		48		46		44		32		34
140		121		122		134		134		128		113		112		111		109		155		140		119		108		100		103		140		115		114		146		146		140		110		108		106		104		102		100		98		96		94		92		90		88		86		84		82		80		78		76		78		80		82		84		86		88		90		76		78		75		99		83		98		98		99		84		78		83		110		88		69		61		108		98		108		106		106		104		85		106		104		102		104		102		88		70		104		102		88		102		69		102		53		114		70		49		48		114		100		52		38		28		27		35		38		25		54		52		50		48		52		50		48		46		25		50		48		46		44		48		46		44		42		24		22		20		18		16		14		12		10		8		6		4		2		0		2		4		6		8		50		48		46		44		52		50		48		46		30		32
142		121		120		132		132		126		115		114		113		111		157		142		121		110		100		101		138		113		112		144		144		138		112		110		108		106		104		102		100		98		96		94		92		90		88		86		84		82		80		78		76		78		80		82		84		86		88		74		76		77		97		85		100		96		97		86		80		81		112		90		71		59		110		96		110		108		108		106		83		108		106		104		106		104		90		72		106		104		86		104		71		104		55		112		72		51		46		112		98		54		40		30		25		37		40		27		56		54		52		50		54		52		50		48		27		52		50		48		46		50		48		46		44		26		24		22		20		18		16		14		12		10		8		6		4		2		0		2		4		6		52		50		48		46		54		52		50		48		28		30
144		123		118		130		130		124		117		116		115		113		159		144		123		112		102		99		136		111		110		142		142		136		114		112		110		108		106		104		102		100		98		96		94		92		90		88		86		84		82		80		78		76		78		80		82		84		86		72		74		79		95		87		102		94		95		88		82		79		114		92		73		57		112		94		112		110		110		108		81		110		108		106		108		106		92		74		108		106		84		106		73		106		57		110		74		53		44		110		96		56		42		32		23		39		42		29		58		56		54		52		56		54		52		50		29		54		52		50		48		52		50		48		46		28		26		24		22		20		18		16		14		12		10		8		6		4		2		0		2		4		54		52		50		48		56		54		52		50		26		28
146		125		116		128		128		122		119		118		117		115		161		146		125		114		104		101		134		109		108		140		140		134		116		114		112		110		108		106		104		102		100		98		96		94		92		90		88		86		84		82		80		78		76		78		80		82		84		70		72		81		93		89		104		92		93		90		84		77		116		94		75		55		114		92		114		112		112		110		79		112		110		108		110		108		94		76		110		108		82		108		75		108		59		108		76		55		42		108		94		58		44		34		21		41		44		31		60		58		56		54		58		56		54		52		31		56		54		52		50		54		52		50		48		30		28		26		24		22		20		18		16		14		12		10		8		6		4		2		0		2		56		54		52		50		58		56		54		52		24		26
148		127		118		126		126		120		121		120		119		117		163		148		127		116		106		103		132		107		106		138		138		132		118		116		114		112		110		108		106		104		102		100		98		96		94		92		90		88		86		84		82		80		78		76		78		80		82		70		70		83		91		91		106		90		91		92		86		75		118		96		77		57		116		90		116		114		114		112		77		114		112		110		112		110		96		78		112		110		80		110		77		110		61		106		78		57		40		106		92		60		46		36		19		43		46		33		62		60		58		56		60		58		56		54		33		58		56		54		52		56		54		52		50		32		30		28		26		24		22		20		18		16		14		12		10		8		6		4		2		0		58		56		54		52		60		58		56		54		22		24
150		171		172		184		184		178		145		144		143		141		109		108		129		140		150		153		190		165		164		196		196		190		92		94		96		98		100		102		104		106		108		110		112		114		116		118		120		122		124		126		128		130		132		134		136		138		140		126		128		107		149		91		72		148		149		80		86		133		64		72		91		111		62		148		62		60		60		58		135		60		58		56		58		56		62		80		58		56		138		56		77		56		85		164		66		77		98		164		150		46		46		56		77		43		32		43		8		10		12		14		6		8		10		12		33		4		6		8		10		2		4		6		8		26		28		30		32		34		36		38		40		42		44		46		48		50		52		54		56		58		0		2		4		6		2		4		6		8		76		78
148		169		170		182		182		176		143		142		141		139		111		106		127		138		148		151		188		163		162		194		194		188		90		92		94		96		98		100		102		104		106		108		110		112		114		116		118		120		122		124		126		128		130		132		134		136		138		124		126		105		147		89		70		146		147		78		84		131		66		70		89		109		64		146		64		62		62		60		133		62		60		58		60		58		60		78		60		58		136		58		75		58		83		162		64		75		96		162		148		44		44		54		75		41		30		41		10		8		10		12		8		6		8		10		31		6		4		6		8		4		2		4		6		24		26		28		30		32		34		36		38		40		42		44		46		48		50		52		54		56		2		0		2		4		4		2		4		6		74		76
146		167		168		180		180		174		141		140		139		137		113		104		125		136		146		149		186		161		160		192		192		186		88		90		92		94		96		98		100		102		104		106		108		110		112		114		116		118		120		122		124		126		128		130		132		134		136		122		124		103		145		87		68		144		145		76		82		129		68		68		87		107		66		144		66		64		64		62		131		64		62		60		62		60		58		76		62		60		134		60		73		60		81		160		62		73		94		160		146		42		42		52		73		39		28		39		12		10		8		10		10		8		6		8		29		8		6		4		6		6		4		2		4		22		24		26		28		30		32		34		36		38		40		42		44		46		48		50		52		54		4		2		0		2		6		4		2		4		72		74
144		165		166		178		178		172		139		138		137		135		115		102		123		134		144		147		184		159		158		190		190		184		86		88		90		92		94		96		98		100		102		104		106		108		110		112		114		116		118		120		122		124		126		128		130		132		134		120		122		101		143		85		66		142		143		74		80		127		70		66		85		105		68		142		68		66		66		64		129		66		64		62		64		62		56		74		64		62		132		62		71		62		79		158		60		71		92		158		144		40		40		50		71		37		26		37		14		12		10		8		12		10		8		6		27		10		8		6		4		8		6		4		2		20		22		24		26		28		30		32		34		36		38		40		42		44		46		48		50		52		6		4		2		0		8		6		4		2		70		72
152		173		174		186		186		180		147		146		145		143		111		110		131		142		152		155		192		167		166		198		198		192		94		96		98		100		102		104		106		108		110		112		114		116		118		120		122		124		126		128		130		132		134		136		138		140		142		128		130		109		151		93		74		150		151		82		88		135		66		74		93		113		64		150		64		62		62		60		137		62		60		58		60		58		64		82		60		58		140		58		79		58		87		166		68		79		100		166		152		48		48		58		79		45		34		45		10		12		14		16		8		10		12		14		35		6		8		10		12		4		6		8		10		28		30		32		34		36		38		40		42		44		46		48		50		52		54		56		58		60		2		4		6		8		0		2		4		6		74		76
150		171		172		184		184		178		145		144		143		141		113		108		129		140		150		153		190		165		164		196		196		190		92		94		96		98		100		102		104		106		108		110		112		114		116		118		120		122		124		126		128		130		132		134		136		138		140		126		128		107		149		91		72		148		149		80		86		133		68		72		91		111		66		148		66		64		64		62		135		64		62		60		62		60		62		80		62		60		138		60		77		60		85		164		66		77		98		164		150		46		46		56		77		43		32		43		12		10		12		14		10		8		10		12		33		8		6		8		10		6		4		6		8		26		28		30		32		34		36		38		40		42		44		46		48		50		52		54		56		58		4		2		4		6		2		0		2		4		72		74
148		169		170		182		182		176		143		142		141		139		115		106		127		138		148		151		188		163		162		194		194		188		90		92		94		96		98		100		102		104		106		108		110		112		114		116		118		120		122		124		126		128		130		132		134		136		138		124		126		105		147		89		70		146		147		78		84		131		70		70		89		109		68		146		68		66		66		64		133		66		64		62		64		62		60		78		64		62		136		62		75		62		83		162		64		75		96		162		148		44		44		54		75		41		30		41		14		12		10		12		12		10		8		10		31		10		8		6		8		8		6		4		6		24		26		28		30		32		34		36		38		40		42		44		46		48		50		52		54		56		6		4		2		4		4		2		0		2		70		72
146		167		168		180		180		174		141		140		139		137		117		104		125		136		146		149		186		161		160		192		192		186		88		90		92		94		96		98		100		102		104		106		108		110		112		114		116		118		120		122		124		126		128		130		132		134		136		122		124		103		145		87		68		144		145		76		82		129		72		68		87		107		70		144		70		68		68		66		131		68		66		64		66		64		58		76		66		64		134		64		73		64		81		160		62		73		94		160		146		42		42		52		73		39		28		39		16		14		12		10		14		12		10		8		29		12		10		8		6		10		8		6		4		22		24		26		28		30		32		34		36		38		40		42		44		46		48		50		52		54		8		6		4		2		6		4		2		0		68		70
170		149		140		124		118		118		143		142		141		139		185		170		149		138		128		125		122		103		102		128		128		122		140		138		136		134		132		130		128		126		124		122		120		118		116		114		112		110		108		106		104		102		100		98		96		94		92		92		90		105		81		113		128		80		81		114		108		65		140		118		99		79		138		80		138		136		136		134		67		136		134		132		134		132		118		100		134		132		70		132		99		132		83		96		100		79		58		96		82		82		68		58		37		65		68		55		84		82		80		78		82		80		78		76		55		80		78		76		74		78		76		74		72		54		52		50		48		46		44		42		40		38		36		34		32		30		28		26		24		22		76		74		72		70		74		72		70		68		0		2
172		151		142		126		120		120		145		144		143		141		187		172		151		140		130		127		120		105		104		126		126		120		142		140		138		136		134		132		130		128		126		124		122		120		118		116		114		112		110		108		106		104		102		100		98		96		94		94		92		107		79		115		130		78		79		116		110		63		142		120		101		81		140		78		140		138		138		136		65		138		136		134		136		134		120		102		136		134		68		134		101		134		85		94		102		81		60		94		80		84		70		60		39		67		70		57		86		84		82		80		84		82		80		78		57		82		80		78		76		80		78		76		74		56		54		52		50		48		46		44		42		40		38		36		34		32		30		28		26		24		78		76		74		72		76		74		72		70		2		0
