140
0		2		10		12		14		16		12		14		16		18		97		14		16		18		20		99		16		18		20		22		101		31		29		22		20		18		16		16		18		20		22		24		26		28		30		32		34		103		33		31		17		23		105		107		109		22		28		111		113		115		117		119		121		123		125		127		129		131		133		135		54		83		137		139		141		143		62		58		145		147		65		61		149		151		70		71		71		72		153		134		155		140		140		106		108		110		179		181		183		185		112		181		183		185		187		114		183		185		187		189		116		131		132		185		187		189		191		118		132		133		120		106		188		158		161		194		121		122		161		164		122		123		194		106		133		116		118		120		222		122		147		228		228		147		151		153		153		155		155		155
2		0		8		10		12		14		10		12		14		16		95		12		14		16		18		97		14		16		18		20		99		29		27		20		18		16		14		14		16		18		20		22		24		26		28		30		32		101		31		29		15		21		103		105		107		20		26		109		111		113		115		117		119		121		123		125		127		129		131		133		52		81		135		137		139		141		60		56		143		145		63		59		147		149		68		69		69		70		151		132		153		138		138		104		106		108		177		179		181		183		110		179		181		183		185		112		181		183		185		187		114		129		130		183		185		187		189		116		130		131		118		104		186		156		159		192		119		120		159		162		120		121		192		104		131		114		116		118		220		120		145		226		226		145		149		151		151		153		153		153
10		8		0		2		4		6		2		4		6		8		87		4		6		8		10		89		6		8		10		12		91		27		25		18		16		14		12		10		8		10		12		14		16		18		20		22		24		93		29		27		13		13		95		97		99		18		18		101		103		105		107		109		111		113		115		117		119		121		123		125		50		73		127		129		131		133		58		54		135		137		61		57		139		141		60		61		61		62		143		124		145		130		130		96		98		100		169		171		173		175		102		171		173		175		177		104		173		175		177		179		106		121		122		175		177		179		181		108		122		123		110		102		178		148		151		184		111		112		151		154		112		113		184		102		123		112		114		116		212		118		137		218		218		137		141		143		143		145		145		145
12		10		2		0		2		4		4		2		4		6		85		6		4		6		8		87		8		6		8		10		89		29		27		20		18		16		14		12		10		8		10		12		14		16		18		20		22		91		31		29		15		11		93		95		97		20		16		99		101		103		105		107		109		111		113		115		117		119		121		123		52		71		125		127		129		131		60		56		133		135		63		59		137		139		58		59		59		60		141		122		143		128		128		94		96		98		167		169		171		173		100		169		171		173		175		102		171		173		175		177		104		119		120		173		175		177		179		106		120		121		108		104		176		146		149		182		109		110		149		152		110		111		182		104		121		114		116		118		210		120		135		216		216		135		139		141		141		143		143		143
14		12		4		2		0		2		6		4		2		4		83		8		6		4		6		85		10		8		6		8		87		31		29		22		20		18		16		14		12		10		8		10		12		14		16		18		20		89		33		31		17		11		91		93		95		22		16		97		99		101		103		105		107		109		111		113		115		117		119		121		54		69		123		125		127		129		62		58		131		133		65		61		135		137		58		57		59		58		139		120		141		126		126		92		94		96		165		167		169		171		98		167		169		171		173		100		169		171		173		175		102		117		118		171		173		175		177		104		118		119		106		106		174		144		147		180		107		108		147		150		108		109		180		106		119		116		118		120		208		122		133		214		214		133		137		139		139		141		141		141
16		14		6		4		2		0		8		6		4		2		81		10		8		6		4		83		12		10		8		6		85		33		31		24		22		20		18		16		14		12		10		8		10		12		14		16		18		87		35		33		19		13		89		91		93		24		18		95		97		99		101		103		105		107		109		111		113		115		117		119		56		67		121		123		125		127		64		60		129		131		67		63		133		135		60		59		61		60		137		118		139		124		124		90		92		94		163		165		167		169		96		165		167		169		171		98		167		169		171		173		100		115		116		169		171		173		175		102		116		117		104		108		172		142		145		178		105		106		145		148		106		107		178		108		117		118		120		122		206		124		131		212		212		131		135		137		137		139		139		139
12		10		2		4		6		8		0		2		4		6		85		2		4		6		8		87		4		6		8		10		89		25		23		16		14		12		10		8		6		8		10		12		14		16		18		20		22		91		27		25		11		11		93		95		97		16		16		99		101		103		105		107		109		111		113		115		117		119		121		123		48		71		125		127		129		131		56		52		133		135		59		55		137		139		58		59		59		60		141		122		143		128		128		94		96		98		167		169		171		173		100		169		171		173		175		102		171		173		175		177		104		119		120		173		175		177		179		106		120		121		108		100		176		146		149		182		109		110		149		152		110		111		182		100		121		110		112		114		210		116		135		216		216		135		139		141		141		143		143		143
14		12		4		2		4		6		2		0		2		4		83		4		2		4		6		85		6		4		6		8		87		27		25		18		16		14		12		10		8		6		8		10		12		14		16		18		20		89		29		27		13		9		91		93		95		18		14		97		99		101		103		105		107		109		111		113		115		117		119		121		50		69		123		125		127		129		58		54		131		133		61		57		135		137		56		57		57		58		139		120		141		126		126		92		94		96		165		167		169		171		98		167		169		171		173		100		169		171		173		175		102		117		118		171		173		175		177		104		118		119		106		102		174		144		147		180		107		108		147		150		108		109		180		102		119		112		114		116		208		118		133		214		214		133		137		139		139		141		141		141
16		14		6		4		2		4		4		2		0		2		81		6		4		2		4		83		8		6		4		6		85		29		27		20		18		16		14		12		10		8		6		8		10		12		14		16		18		87		31		29		15		9		89		91		93		20		14		95		97		99		101		103		105		107		109		111		113		115		117		119		52		67		121		123		125		127		60		56		129		131		63		59		133		135		56		55		57		56		137		118		139		124		124		90		92		94		163		165		167		169		96		165		167		169		171		98		167		169		171		173		100		115		116		169		171		173		175		102		116		117		104		104		172		142		145		178		105		106		145		148		106		107		178		104		117		114		116		118		206		120		131		212		212		131		135		137		137		139		139		139
18		16		8		6		4		2		6		4		2		0		79		8		6		4		2		81		10		8		6		4		83		31		29		22		20		18		16		14		12		10		8		6		8		10		12		14		16		85		33		31		17		11		87		89		91		22		16		93		95		97		99		101		103		105		107		109		111		113		115		117		54		65		119		121		123		125		62		58		127		129		65		61		131		133		58		57		59		58		135		116		137		122		122		88		90		92		161		163		165		167		94		163		165		167		169		96		165		167		169		171		98		113		114		167		169		171		173		100		114		115		102		106		170		140		143		176		103		104		143		146		104		105		176		106		115		116		118		120		204		122		129		210		210		129		133		135		135		137		137		137
97		95		87		85		83		81		85		83		81		79		0		87		85		83		81		2		89		87		85		83		4		110		108		101		99		97		95		93		91		89		87		85		83		81		79		77		75		6		112		110		96		90		8		10		12		101		95		14		16		18		20		22		24		26		28		30		32		34		36		38		133		92		40		42		44		46		141		137		48		50		144		140		52		54		137		136		138		137		56		79		58		79		85		127		129		131		82		84		86		88		133		84		86		88		90		135		86		88		90		92		137		124		123		88		90		92		94		139		125		124		141		185		91		111		108		97		154		153		114		111		155		154		97		185		152		195		197		199		125		201		152		131		131		166		170		170		172		170		172		174
14		12		4		6		8		10		2		4		6		8		87		0		2		4		6		85		2		4		6		8		87		23		21		14		12		10		8		6		4		6		8		10		12		14		16		18		20		89		25		23		9		9		91		93		95		14		14		97		99		101		103		105		107		109		111		113		115		117		119		121		46		69		123		125		127		129		54		50		131		133		57		53		135		137		56		57		57		58		139		120		141		126		126		92		94		96		165		167		169		171		98		167		169		171		173		100		169		171		173		175		102		117		118		171		173		175		177		104		118		119		106		98		174		144		147		180		107		108		147		150		108		109		180		98		119		108		110		112		208		114		133		214		214		133		137		139		139		141		141		141
16		14		6		4		6		8		4		2		4		6		85		2		0		2		4		83		4		2		4		6		85		25		23		16		14		12		10		8		6		4		6		8		10		12		14		16		18		87		27		25		11		7		89		91		93		16		12		95		97		99		101		103		105		107		109		111		113		115		117		119		48		67		121		123		125		127		56		52		129		131		59		55		133		135		54		55		55		56		137		118		139		124		124		90		92		94		163		165		167		169		96		165		167		169		171		98		167		169		171		173		100		115		116		169		171		173		175		102		116		117		104		100		172		142		145		178		105		106		145		148		106		107		178		100		117		110		112		114		206		116		131		212		212		131		135		137		137		139		139		139
18		16		8		6		4		6		6		4		2		4		83		4		2		0		2		81		6		4		2		4		83		27		25		18		16		14		12		10		8		6		4		6		8		10		12		14		16		85		29		27		13		7		87		89		91		18		12		93		95		97		99		101		103		105		107		109		111		113		115		117		50		65		119		121		123		125		58		54		127		129		61		57		131		133		54		53		55		54		135		116		137		122		122		88		90		92		161		163		165		167		94		163		165		167		169		96		165		167		169		171		98		113		114		167		169		171		173		100		114		115		102		102		170		140		143		176		103		104		143		146		104		105		176		102		115		112		114		116		204		118		129		210		210		129		133		135		135		137		137		137
20		18		10		8		6		4		8		6		4		2		81		6		4		2		0		79		8		6		4		2		81		29		27		20		18		16		14		12		10		8		6		4		6		8		10		12		14		83		31		29		15		9		85		87		89		20		14		91		93		95		97		99		101		103		105		107		109		111		113		115		52		63		117		119		121		123		60		56		125		127		63		59		129		131		56		55		57		56		133		114		135		120		120		86		88		90		159		161		163		165		92		161		163		165		167		94		163		165		167		169		96		111		112		165		167		169		171		98		112		113		100		104		168		138		141		174		101		102		141		144		102		103		174		104		113		114		116		118		202		120		127		208		208		127		131		133		133		135		135		135
99		97		89		87		85		83		87		85		83		81		2		85		83		81		79		0		87		85		83		81		2		108		106		99		97		95		93		91		89		87		85		83		81		79		77		75		73		4		110		108		94		88		6		8		10		99		93		12		14		16		18		20		22		24		26		28		30		32		34		36		131		90		38		40		42		44		139		135		46		48		142		138		50		52		135		134		136		135		54		77		56		77		83		125		127		129		80		82		84		86		131		82		84		86		88		133		84		86		88		90		135		122		121		86		88		90		92		137		123		122		139		183		89		109		106		95		152		151		112		109		153		152		95		183		150		193		195		197		123		199		150		129		129		164		168		168		170		168		170		172
16		14		6		8		10		12		4		6		8		10		89		2		4		6		8		87		0		2		4		6		85		21		19		12		10		8		6		4		2		4		6		8		10		12		14		16		18		87		23		21		7		7		89		91		93		12		12		95		97		99		101		103		105		107		109		111		113		115		117		119		44		67		121		123		125		127		52		48		129		131		55		51		133		135		54		55		55		56		137		118		139		124		124		90		92		94		163		165		167		169		96		165		167		169		171		98		167		169		171		173		100		115		116		169		171		173		175		102		116		117		104		96		172		142		145		178		105		106		145		148		106		107		178		96		117		106		108		110		206		112		131		212		212		131		135		137		137		139		139		139
18		16		8		6		8		10		6		4		6		8		87		4		2		4		6		85		2		0		2		4		83		23		21		14		12		10		8		6		4		2		4		6		8		10		12		14		16		85		25		23		9		5		87		89		91		14		10		93		95		97		99		101		103		105		107		109		111		113		115		117		46		65		119		121		123		125		54		50		127		129		57		53		131		133		52		53		53		54		135		116		137		122		122		88		90		92		161		163		165		167		94		163		165		167		169		96		165		167		169		171		98		113		114		167		169		171		173		100		114		115		102		98		170		140		143		176		103		104		143		146		104		105		176		98		115		108		110		112		204		114		129		210		210		129		133		135		135		137		137		137
20		18		10		8		6		8		8		6		4		6		85		6		4		2		4		83		4		2		0		2		81		25		23		16		14		12		10		8		6		4		2		4		6		8		10		12		14		83		27		25		11		5		85		87		89		16		10		91		93		95		97		99		101		103		105		107		109		111		113		115		48		63		117		119		121		123		56		52		125		127		59		55		129		131		52		51		53		52		133		114		135		120		120		86		88		90		159		161		163		165		92		161		163		165		167		94		163		165		167		169		96		111		112		165		167		169		171		98		112		113		100		100		168		138		141		174		101		102		141		144		102		103		174		100		113		110		112		114		202		116		127		208		208		127		131		133		133		135		135		135
22		20		12		10		8		6		10		8		6		4		83		8		6		4		2		81		6		4		2		0		79		27		25		18		16		14		12		10		8		6		4		2		4		6		8		10		12		81		29		27		13		7		83		85		87		18		12		89		91		93		95		97		99		101		103		105		107		109		111		113		50		61		115		117		119		121		58		54		123		125		61		57		127		129		54		53		55		54		131		112		133		118		118		84		86		88		157		159		161		163		90		159		161		163		165		92		161		163		165		167		94		109		110		163		165		167		169		96		110		111		98		102		166		136		139		172		99		100		139		142		100		101		172		102		111		112		114		116		200		118		125		206		206		125		129		131		131		133		133		133
101		99		91		89		87		85		89		87		85		83		4		87		85		83		81		2		85		83		81		79		0		106		104		97		95		93		91		89		87		85		83		81		79		77		75		73		71		2		108		106		92		86		4		6		8		97		91		10		12		14		16		18		20		22		24		26		28		30		32		34		129		88		36		38		40		42		137		133		44		46		140		136		48		50		133		132		134		133		52		75		54		75		81		123		125		127		78		80		82		84		129		80		82		84		86		131		82		84		86		88		133		120		119		84		86		88		90		135		121		120		137		181		87		107		104		93		150		149		110		107		151		150		93		181		148		191		193		195		121		197		148		127		127		162		166		166		168		166		168		170
31		29		27		29		31		33		25		27		29		31		110		23		25		27		29		108		21		23		25		27		106		0		2		11		13		15		17		19		21		23		25		27		29		31		33		35		37		106		2		4		20		26		108		110		112		25		31		114		116		118		120		122		124		126		128		130		132		134		136		138		45		86		140		142		144		146		55		59		148		150		58		62		152		154		73		74		74		75		156		137		158		143		143		109		111		113		182		184		186		188		115		184		186		188		190		117		186		188		190		192		119		134		135		188		190		192		194		121		135		136		123		85		191		161		164		197		124		125		164		167		125		126		197		99		136		95		97		99		225		101		150		231		231		150		154		156		156		158		158		158
29		27		25		27		29		31		23		25		27		29		108		21		23		25		27		106		19		21		23		25		104		2		0		9		11		13		15		17		19		21		23		25		27		29		31		33		35		104		4		2		18		24		106		108		110		23		29		112		114		116		118		120		122		124		126		128		130		132		134		136		43		84		138		140		142		144		53		57		146		148		56		60		150		152		71		72		72		73		154		135		156		141		141		107		109		111		180		182		184		186		113		182		184		186		188		115		184		186		188		190		117		132		133		186		188		190		192		119		133		134		121		83		189		159		162		195		122		123		162		165		123		124		195		97		134		93		95		97		223		99		148		229		229		148		152		154		154		156		156		156
22		20		18		20		22		24		16		18		20		22		101		14		16		18		20		99		12		14		16		18		97		11		9		0		2		4		6		8		10		12		14		16		18		20		22		24		26		95		11		9		9		15		97		99		101		14		20		103		105		107		109		111		113		115		117		119		121		123		125		127		34		75		129		131		133		135		44		48		137		139		47		51		141		143		62		63		63		64		145		126		147		132		132		98		100		102		171		173		175		177		104		173		175		177		179		106		175		177		179		181		108		123		124		177		179		181		183		110		124		125		112		84		180		150		153		186		113		114		153		156		114		115		186		88		125		94		96		98		214		100		139		220		220		139		143		145		145		147		147		147
20		18		16		18		20		22		14		16		18		20		99		12		14		16		18		97		10		12		14		16		95		13		11		2		0		2		4		6		8		10		12		14		16		18		20		22		24		93		13		11		7		13		95		97		99		12		18		101		103		105		107		109		111		113		115		117		119		121		123		125		34		73		127		129		131		133		42		46		135		137		45		49		139		141		60		61		61		62		143		124		145		130		130		96		98		100		169		171		173		175		102		171		173		175		177		104		173		175		177		179		106		121		122		175		177		179		181		108		122		123		110		86		178		148		151		184		111		112		151		154		112		113		184		86		123		96		98		100		212		102		137		218		218		137		141		143		143		145		145		145
18		16		14		16		18		20		12		14		16		18		97		10		12		14		16		95		8		10		12		14		93		15		13		4		2		0		2		4		6		8		10		12		14		16		18		20		22		91		15		13		5		11		93		95		97		10		16		99		101		103		105		107		109		111		113		115		117		119		121		123		36		71		125		127		129		131		44		44		133		135		47		47		137		139		58		59		59		60		141		122		143		128		128		94		96		98		167		169		171		173		100		169		171		173		175		102		171		173		175		177		104		119		120		173		175		177		179		106		120		121		108		88		176		146		149		182		109		110		149		152		110		111		182		88		121		98		100		102		210		104		135		216		216		135		139		141		141		143		143		143
16		14		12		14		16		18		10		12		14		16		95		8		10		12		14		93		6		8		10		12		91		17		15		6		4		2		0		2		4		6		8		10		12		14		16		18		20		89		17		15		3		9		91		93		95		8		14		97		99		101		103		105		107		109		111		113		115		117		119		121		38		69		123		125		127		129		46		42		131		133		49		45		135		137		56		57		57		58		139		120		141		126		126		92		94		96		165		167		169		171		98		167		169		171		173		100		169		171		173		175		102		117		118		171		173		175		177		104		118		119		106		90		174		144		147		180		107		108		147		150		108		109		180		90		119		100		102		104		208		106		133		214		214		133		137		139		139		141		141		141
16		14		10		12		14		16		8		10		12		14		93		6		8		10		12		91		4		6		8		10		89		19		17		8		6		4		2		0		2		4		6		8		10		12		14		16		18		87		19		17		3		7		89		91		93		8		12		95		97		99		101		103		105		107		109		111		113		115		117		119		40		67		121		123		125		127		48		44		129		131		51		47		133		135		54		55		55		56		137		118		139		124		124		90		92		94		163		165		167		169		96		165		167		169		171		98		167		169		171		173		100		115		116		169		171		173		175		102		116		117		104		92		172		142		145		178		105		106		145		148		106		107		178		92		117		102		104		106		206		108		131		212		212		131		135		137		137		139		139		139
18		16		8		10		12		14		6		8		10		12		91		4		6		8		10		89		2		4		6		8		87		21		19		10		8		6		4		2		0		2		4		6		8		10		12		14		16		85		21		19		5		5		87		89		91		10		10		93		95		97		99		101		103		105		107		109		111		113		115		117		42		65		119		121		123		125		50		46		127		129		53		49		131		133		52		53		53		54		135		116		137		122		122		88		90		92		161		163		165		167		94		163		165		167		169		96		165		167		169		171		98		113		114		167		169		171		173		100		114		115		102		94		170		140		143		176		103		104		143		146		104		105		176		94		115		104		106		108		204		110		129		210		210		129		133		135		135		137		137		137
20		18		10		8		10		12		8		6		8		10		89		6		4		6		8		87		4		2		4		6		85		23		21		12		10		8		6		4		2		0		2		4		6		8		10		12		14		83		23		21		7		3		85		87		89		12		8		91		93		95		97		99		101		103		105		107		109		111		113		115		44		63		117		119		121		123		52		48		125		127		55		51		129		131		50		51		51		52		133		114		135		120		120		86		88		90		159		161		163		165		92		161		163		165		167		94		163		165		167		169		96		111		112		165		167		169		171		98		112		113		100		96		168		138		141		174		101		102		141		144		102		103		174		96		113		106		108		110		202		112		127		208		208		127		131		133		133		135		135		135
22		20		12		10		8		10		10		8		6		8		87		8		6		4		6		85		6		4		2		4		83		25		23		14		12		10		8		6		4		2		0		2		4		6		8		10		12		81		25		23		9		3		83		85		87		14		8		89		91		93		95		97		99		101		103		105		107		109		111		113		46		61		115		117		119		121		54		50		123		125		57		53		127		129		50		49		51		50		131		112		133		118		118		84		86		88		157		159		161		163		90		159		161		163		165		92		161		163		165		167		94		109		110		163		165		167		169		96		110		111		98		98		166		136		139		172		99		100		139		142		100		101		172		98		111		108		110		112		200		114		125		206		206		125		129		131		131		133		133		133
24		22		14		12		10		8		12		10		8		6		85		10		8		6		4		83		8		6		4		2		81		27		25		16		14		12		10		8		6		4		2		0		2		4		6		8		10		79		27		25		11		5		81		83		85		16		10		87		89		91		93		95		97		99		101		103		105		107		109		111		48		59		113		115		117		119		56		52		121		123		59		55		125		127		52		51		53		52		129		110		131		116		116		82		84		86		155		157		159		161		88		157		159		161		163		90		159		161		163		165		92		107		108		161		163		165		167		94		108		109		96		100		164		134		137		170		97		98		137		140		98		99		170		100		109		110		112		114		198		116		123		204		204		123		127		129		129		131		131		131
26		24		16		14		12		10		14		12		10		8		83		12		10		8		6		81		10		8		6		4		79		29		27		18		16		14		12		10		8		6		4		2		0		2		4		6		8		77		29		27		13		7		79		81		83		18		12		85		87		89		91		93		95		97		99		101		103		105		107		109		50		57		111		113		115		117		58		54		119		121		61		57		123		125		54		53		55		54		127		108		129		114		114		80		82		84		153		155		157		159		86		155		157		159		161		88		157		159		161		163		90		105		106		159		161		163		165		92		106		107		94		102		162		132		135		168		95		96		135		138		96		97		168		102		107		112		114		116		196		118		121		202		202		121		125		127		127		129		129		129
28		26		18		16		14		12		16		14		12		10		81		14		12		10		8		79		12		10		8		6		77		31		29		20		18		16		14		12		10		8		6		4		2		0		2		4		6		75		31		29		15		9		77		79		81		20		14		83		85		87		89		91		93		95		97		99		101		103		105		107		52		55		109		111		113		115		60		56		117		119		63		59		121		123		56		55		57		56		125		106		127		112		112		78		80		82		151		153		155		157		84		153		155		157		159		86		155		157		159		161		88		103		104		157		159		161		163		90		104		105		92		104		160		130		133		166		93		94		133		136		94		95		166		104		105		114		116		118		194		120		119		200		200		119		123		125		125		127		127		127
30		28		20		18		16		14		18		16		14		12		79		16		14		12		10		77		14		12		10		8		75		33		31		22		20		18		16		14		12		10		8		6		4		2		0		2		4		73		33		31		17		11		75		77		79		22		16		81		83		85		87		89		91		93		95		97		99		101		103		105		54		53		107		109		111		113		62		58		115		117		65		61		119		121		58		57		59		58		123		104		125		110		110		76		78		80		149		151		153		155		82		151		153		155		157		84		153		155		157		159		86		101		102		155		157		159		161		88		102		103		90		106		158		128		131		164		91		92		131		134		92		93		164		106		103		116		118		120		192		122		117		198		198		117		121		123		123		125		125		125
32		30		22		20		18		16		20		18		16		14		77		18		16		14		12		75		16		14		12		10		73		35		33		24		22		20		18		16		14		12		10		8		6		4		2		0		2		71		35		33		19		13		73		75		77		24		18		79		81		83		85		87		89		91		93		95		97		99		101		103		56		51		105		107		109		111		64		60		113		115		67		63		117		119		60		59		61		60		121		102		123		108		108		74		76		78		147		149		151		153		80		149		151		153		155		82		151		153		155		157		84		99		100		153		155		157		159		86		100		101		88		108		156		126		129		162		89		90		129		132		90		91		162		108		101		118		120		122		190		124		115		196		196		115		119		121		121		123		123		123
34		32		24		22		20		18		22		20		18		16		75		20		18		16		14		73		18		16		14		12		71		37		35		26		24		22		20		18		16		14		12		10		8		6		4		2		0		69		37		35		21		15		71		73		75		26		20		77		79		81		83		85		87		89		91		93		95		97		99		101		58		49		103		105		107		109		66		62		111		113		69		65		115		117		62		61		63		62		119		100		121		106		106		72		74		76		145		147		149		151		78		147		149		151		153		80		149		151		153		155		82		97		98		151		153		155		157		84		98		99		86		110		154		124		127		160		87		88		127		130		88		89		160		110		99		120		122		124		188		126		113		194		194		113		117		119		119		121		121		121
103		101		93		91		89		87		91		89		87		85		6		89		87		85		83		4		87		85		83		81		2		106		104		95		93		91		89		87		85		83		81		79		77		75		73		71		69		0		106		104		90		84		2		4		6		95		89		8		10		12		14		16		18		20		22		24		26		28		30		32		127		86		34		36		38		40		135		131		42		44		138		134		46		48		131		130		132		131		50		73		52		73		79		121		123		125		76		78		80		82		127		78		80		82		84		129		80		82		84		86		131		118		117		82		84		86		88		133		119		118		135		179		85		105		102		91		148		147		108		105		149		148		91		179		146		189		191		193		119		195		146		125		125		160		164		164		166		164		166		168
33		31		29		31		33		35		27		29		31		33		112		25		27		29		31		110		23		25		27		29		108		2		4		11		13		15		17		19		21		23		25		27		29		31		33		35		37		106		0		2		18		24		106		108		110		23		29		112		114		116		118		120		122		124		126		128		130		132		134		136		43		84		138		140		142		144		53		57		146		148		56		60		150		152		71		72		72		73		154		135		156		141		141		107		109		111		180		182		184		186		113		182		184		186		188		115		184		186		188		190		117		132		133		186		188		190		192		119		133		134		121		83		189		159		162		195		122		123		162		165		123		124		195		97		134		93		95		97		223		99		148		229		229		148		152		154		154		156		156		156
31		29		27		29		31		33		25		27		29		31		110		23		25		27		29		108		21		23		25		27		106		4		2		9		11		13		15		17		19		21		23		25		27		29		31		33		35		104		2		0		16		22		104		106		108		21		27		110		112		114		116		118		120		122		124		126		128		130		132		134		41		82		136		138		140		142		51		55		144		146		54		58		148		150		69		70		70		71		152		133		154		139		139		105		107		109		178		180		182		184		111		180		182		184		186		113		182		184		186		188		115		130		131		184		186		188		190		117		131		132		119		81		187		157		160		193		120		121		160		163		121		122		193		95		132		91		93		95		221		97		146		227		227		146		150		152		152		154		154		154
17		15		13		15		17		19		11		13		15		17		96		9		11		13		15		94		7		9		11		13		92		20		18		9		7		5		3		3		5		7		9		11		13		15		17		19		21		90		18		16		0		6		88		90		92		5		11		94		96		98		100		102		104		106		108		110		112		114		116		118		37		66		120		122		124		126		45		41		128		130		48		44		132		134		53		54		54		55		136		117		138		123		123		89		91		93		162		164		166		168		95		164		166		168		170		97		166		168		170		172		99		114		115		168		170		172		174		101		115		116		103		89		171		141		144		177		104		105		144		147		105		106		177		89		116		99		101		103		205		105		130		211		211		130		134		136		136		138		138		138
23		21		13		11		11		13		11		9		9		11		90		9		7		7		9		88		7		5		5		7		86		26		24		15		13		11		9		7		5		3		3		5		7		9		11		13		15		84		24		22		6		0		82		84		86		11		5		88		90		92		94		96		98		100		102		104		106		108		110		112		43		60		114		116		118		120		51		47		122		124		54		50		126		128		47		48		48		49		130		111		132		117		117		83		85		87		156		158		160		162		89		158		160		162		164		91		160		162		164		166		93		108		109		162		164		166		168		95		109		110		97		95		165		135		138		171		98		99		138		141		99		100		171		95		110		105		107		109		199		111		124		205		205		124		128		130		130		132		132		132
105		103		95		93		91		89		93		91		89		87		8		91		89		87		85		6		89		87		85		83		4		108		106		97		95		93		91		89		87		85		83		81		79		77		75		73		71		2		106		104		88		82		0		2		4		93		87		6		8		10		12		14		16		18		20		22		24		26		28		30		125		84		32		34		36		38		133		129		40		42		136		132		44		46		129		128		130		129		48		71		50		71		77		119		121		123		74		76		78		80		125		76		78		80		82		127		78		80		82		84		129		116		115		80		82		84		86		131		117		116		133		177		83		103		100		89		146		145		106		103		147		146		89		177		144		187		189		191		117		193		144		123		123		158		162		162		164		162		164		166
107		105		97		95		93		91		95		93		91		89		10		93		91		89		87		8		91		89		87		85		6		110		108		99		97		95		93		91		89		87		85		83		81		79		77		75		73		4		108		106		90		84		2		0		2		91		85		4		6		8		10		12		14		16		18		20		22		24		26		28		123		82		30		32		34		36		131		127		38		40		134		130		42		44		127		126		128		127		46		69		48		69		75		117		119		121		72		74		76		78		123		74		76		78		80		125		76		78		80		82		127		114		113		78		80		82		84		129		115		114		131		175		81		101		98		87		144		143		104		101		145		144		87		175		142		185		187		189		115		191		142		121		121		156		160		160		162		160		162		164
109		107		99		97		95		93		97		95		93		91		12		95		93		91		89		10		93		91		89		87		8		112		110		101		99		97		95		93		91		89		87		85		83		81		79		77		75		6		110		108		92		86		4		2		0		89		83		2		4		6		8		10		12		14		16		18		20		22		24		26		121		80		28		30		32		34		129		125		36		38		132		128		40		42		125		124		126		125		44		67		46		67		73		115		117		119		70		72		74		76		121		72		74		76		78		123		74		76		78		80		125		112		111		76		78		80		82		127		113		112		129		173		79		99		96		85		142		141		102		99		143		142		85		173		140		183		185		187		113		189		140		119		119		154		158		158		160		158		160		162
22		20		18		20		22		24		16		18		20		22		101		14		16		18		20		99		12		14		16		18		97		25		23		14		12		10		8		8		10		12		14		16		18		20		22		24		26		95		23		21		5		11		93		91		89		0		6		89		91		93		95		97		99		101		103		105		107		109		111		113		32		61		115		117		119		121		40		36		123		125		43		39		127		129		48		49		49		50		131		112		133		118		118		84		86		88		157		159		161		163		90		159		161		163		165		92		161		163		165		167		94		109		110		163		165		167		169		96		110		111		98		84		166		136		139		172		99		100		139		142		100		101		172		84		111		94		96		98		200		100		125		206		206		125		129		131		131		133		133		133
28		26		18		16		16		18		16		14		14		16		95		14		12		12		14		93		12		10		10		12		91		31		29		20		18		16		14		12		10		8		8		10		12		14		16		18		20		89		29		27		11		5		87		85		83		6		0		83		85		87		89		91		93		95		97		99		101		103		105		107		38		55		109		111		113		115		46		42		117		119		49		45		121		123		42		43		43		44		125		106		127		112		112		78		80		82		151		153		155		157		84		153		155		157		159		86		155		157		159		161		88		103		104		157		159		161		163		90		104		105		92		90		160		130		133		166		93		94		133		136		94		95		166		90		105		100		102		104		194		106		119		200		200		119		123		125		125		127		127		127
111		109		101		99		97		95		99		97		95		93		14		97		95		93		91		12		95		93		91		89		10		114		112		103		101		99		97		95		93		91		89		87		85		83		81		79		77		8		112		110		94		88		6		4		2		89		83		0		2		4		6		8		10		12		14		16		18		20		22		24		119		78		26		28		30		32		127		123		34		36		130		126		38		40		123		122		124		123		42		65		44		65		71		113		115		117		68		70		72		74		119		70		72		74		76		121		72		74		76		78		123		110		109		74		76		78		80		125		111		110		127		171		77		97		94		83		140		139		100		97		141		140		83		171		138		181		183		185		111		187		138		117		117		152		156		156		158		156		158		160
113		111		103		101		99		97		101		99		97		95		16		99		97		95		93		14		97		95		93		91		12		116		114		105		103		101		99		97		95		93		91		89		87		85		83		81		79		10		114		112		96		90		8		6		4		91		85		2		0		2		4		6		8		10		12		14		16		18		20		22		117		76		24		26		28		30		125		121		32		34		128		124		36		38		121		120		122		121		40		63		42		63		69		111		113		115		66		68		70		72		117		68		70		72		74		119		70		72		74		76		121		108		107		72		74		76		78		123		109		108		125		169		75		95		92		81		138		137		98		95		139		138		81		169		136		179		181		183		109		185		136		115		115		150		154		154		156		154		156		158
115		113		105		103		101		99		103		101		99		97		18		101		99		97		95		16		99		97		95		93		14		118		116		107		105		103		101		99		97		95		93		91		89		87		85		83		81		12		116		114		98		92		10		8		6		93		87		4		2		0		2		4		6		8		10		12		14		16		18		20		115		74		22		24		26		28		123		119		30		32		126		122		34		36		119		118		120		119		38		61		40		61		67		109		111		113		64		66		68		70		115		66		68		70		72		117		68		70		72		74		119		106		105		70		72		74		76		121		107		106		123		167		73		93		90		79		136		135		96		93		137		136		79		167		134		177		179		181		107		183		134		113		113		148		152		152		154		152		154		156
117		115		107		105		103		101		105		103		101		99		20		103		101		99		97		18		101		99		97		95		16		120		118		109		107		105		103		101		99		97		95		93		91		89		87		85		83		14		118		116		100		94		12		10		8		95		89		6		4		2		0		2		4		6		8		10		12		14		16		18		113		72		20		22		24		26		121		117		28		30		124		120		32		34		117		116		118		117		36		59		38		59		65		107		109		111		62		64		66		68		113		64		66		68		70		115		66		68		70		72		117		104		103		68		70		72		74		119		105		104		121		165		71		91		88		77		134		133		94		91		135		134		77		165		132		175		177		179		105		181		132		111		111		146		150		150		152		150		152		154
119		117		109		107		105		103		107		105		103		101		22		105		103		101		99		20		103		101		99		97		18		122		120		111		109		107		105		103		101		99		97		95		93		91		89		87		85		16		120		118		102		96		14		12		10		97		91		8		6		4		2		0		2		4		6		8		10		12		14		16		111		70		18		20		22		24		119		115		26		28		122		118		30		32		115		114		116		115		34		57		36		57		63		105		107		109		60		62		64		66		111		62		64		66		68		113		64		66		68		70		115		102		101		66		68		70		72		117		103		102		119		163		69		89		86		75		132		131		92		89		133		132		75		163		130		173		175		177		103		179		130		109		109		144		148		148		150		148		150		152
121		119		111		109		107		105		109		107		105		103		24		107		105		103		101		22		105		103		101		99		20		124		122		113		111		109		107		105		103		101		99		97		95		93		91		89		87		18		122		120		104		98		16		14		12		99		93		10		8		6		4		2		0		2		4		6		8		10		12		14		109		68		16		18		20		22		117		113		24		26		120		116		28		30		113		112		114		113		32		55		34		55		61		103		105		107		58		60		62		64		109		60		62		64		66		111		62		64		66		68		113		100		99		64		66		68		70		115		101		100		117		161		67		87		84		73		130		129		90		87		131		130		73		161		128		171		173		175		101		177		128		107		107		142		146		146		148		146		148		150
123		121		113		111		109		107		111		109		107		105		26		109		107		105		103		24		107		105		103		101		22		126		124		115		113		111		109		107		105		103		101		99		97		95		93		91		89		20		124		122		106		100		18		16		14		101		95		12		10		8		6		4		2		0		2		4		6		8		10		12		107		66		14		16		18		20		115		111		22		24		118		114		26		28		111		110		112		111		30		53		32		53		59		101		103		105		56		58		60		62		107		58		60		62		64		109		60		62		64		66		111		98		97		62		64		66		68		113		99		98		115		159		65		85		82		71		128		127		88		85		129		128		71		159		126		169		171		173		99		175		126		105		105		140		144		144		146		144		146		148
125		123		115		113		111		109		113		111		109		107		28		111		109		107		105		26		109		107		105		103		24		128		126		117		115		113		111		109		107		105		103		101		99		97		95		93		91		22		126		124		108		102		20		18		16		103		97		14		12		10		8		6		4		2		0		2		4		6		8		10		105		64		12		14		16		18		113		109		20		22		116		112		24		26		109		108		110		109		28		51		30		51		57		99		101		103		54		56		58		60		105		56		58		60		62		107		58		60		62		64		109		96		95		60		62		64		66		111		97		96		113		157		63		83		80		69		126		125		86		83		127		126		69		157		124		167		169		171		97		173		124		103		103		138		142		142		144		142		144		146
127		125		117		115		113		111		115		113		111		109		30		113		111		109		107		28		111		109		107		105		26		130		128		119		117		115		113		111		109		107		105		103		101		99		97		95		93		24		128		126		110		104		22		20		18		105		99		16		14		12		10		8		6		4		2		0		2		4		6		8		103		62		10		12		14		16		111		107		18		20		114		110		22		24		107		106		108		107		26		49		28		49		55		97		99		101		52		54		56		58		103		54		56		58		60		105		56		58		60		62		107		94		93		58		60		62		64		109		95		94		111		155		61		81		78		67		124		123		84		81		125		124		67		155		122		165		167		169		95		171		122		101		101		136		140		140		142		140		142		144
129		127		119		117		115		113		117		115		113		111		32		115		113		111		109		30		113		111		109		107		28		132		130		121		119		117		115		113		111		109		107		105		103		101		99		97		95		26		130		128		112		106		24		22		20		107		101		18		16		14		12		10		8		6		4		2		0		2		4		6		101		60		8		10		12		14		109		105		16		18		112		108		20		22		105		104		106		105		24		47		26		47		53		95		97		99		50		52		54		56		101		52		54		56		58		103		54		56		58		60		105		92		91		56		58		60		62		107		93		92		109		153		59		79		76		65		122		121		82		79		123		122		65		153		120		163		165		167		93		169		120		99		99		134		138		138		140		138		140		142
131		129		121		119		117		115		119		117		115		113		34		117		115		113		111		32		115		113		111		109		30		134		132		123		121		119		117		115		113		111		109		107		105		103		101		99		97		28		132		130		114		108		26		24		22		109		103		20		18		16		14		12		10		8		6		4		2		0		2		4		99		58		6		8		10		12		107		103		14		16		110		106		18		20		103		102		104		103		22		45		24		45		51		93		95		97		48		50		52		54		99		50		52		54		56		101		52		54		56		58		103		90		89		54		56		58		60		105		91		90		107		151		57		77		74		63		120		119		80		77		121		120		63		151		118		161		163		165		91		167		118		97		97		132		136		136		138		136		138		140
133		131		123		121		119		117		121		119		117		115		36		119		117		115		113		34		117		115		113		111		32		136		134		125		123		121		119		117		115		113		111		109		107		105		103		101		99		30		134		132		116		110		28		26		24		111		105		22		20		18		16		14		12		10		8		6		4		2		0		2		97		56		4		6		8		10		105		101		12		14		108		104		16		18		101		100		102		101		20		43		22		43		49		91		93		95		46		48		50		52		97		48		50		52		54		99		50		52		54		56		101		88		87		52		54		56		58		103		89		88		105		149		55		75		72		61		118		117		78		75		119		118		61		149		116		159		161		163		89		165		116		95		95		130		134		134		136		134		136		138
135		133		125		123		121		119		123		121		119		117		38		121		119		117		115		36		119		117		115		113		34		138		136		127		125		123		121		119		117		115		113		111		109		107		105		103		101		32		136		134		118		112		30		28		26		113		107		24		22		20		18		16		14		12		10		8		6		4		2		0		95		54		2		4		6		8		103		99		10		12		106		102		14		16		99		98		100		99		18		41		20		41		47		89		91		93		44		46		48		50		95		46		48		50		52		97		48		50		52		54		99		86		85		50		52		54		56		101		87		86		103		147		53		73		70		59		116		115		76		73		117		116		59		147		114		157		159		161		87		163		114		93		93		128		132		132		134		132		134		136
54		52		50		52		54		56		48		50		52		54		133		46		48		50		52		131		44		46		48		50		129		45		43		34		34		36		38		40		42		44		46		48		50		52		54		56		58		127		43		41		37		43		125		123		121		32		38		119		117		115		113		111		109		107		105		103		101		99		97		95		0		41		95		97		99		101		10		14		103		105		13		17		107		109		28		29		29		30		111		92		113		98		98		64		66		68		137		139		141		143		70		139		141		143		145		72		141		143		145		147		74		89		90		143		145		147		149		76		90		91		78		52		146		116		119		152		79		80		119		122		80		81		152		54		91		62		64		66		180		68		105		186		186		105		109		111		111		113		113		113
83		81		73		71		69		67		71		69		67		65		92		69		67		65		63		90		67		65		63		61		88		86		84		75		73		71		69		67		65		63		61		59		57		55		53		51		49		86		84		82		66		60		84		82		80		61		55		78		76		74		72		70		68		66		64		62		60		58		56		54		41		0		54		56		58		60		49		45		62		64		52		48		66		68		45		44		46		45		70		51		72		57		57		35		37		39		96		98		100		102		41		98		100		102		104		43		100		102		104		106		45		48		49		102		104		106		108		47		49		50		49		93		105		75		78		111		62		61		78		81		63		62		111		93		60		103		105		107		139		109		64		145		145		74		78		78		80		78		80		82
137		135		127		125		123		121		125		123		121		119		40		123		121		119		117		38		121		119		117		115		36		140		138		129		127		125		123		121		119		117		115		113		111		109		107		105		103		34		138		136		120		114		32		30		28		115		109		26		24		22		20		18		16		14		12		10		8		6		4		2		95		54		0		2		4		6		101		97		8		10		104		100		12		14		97		96		98		97		16		39		18		39		45		87		89		91		42		44		46		48		93		44		46		48		50		95		46		48		50		52		97		84		83		48		50		52		54		99		85		84		101		145		51		71		68		57		114		113		74		71		115		114		57		145		112		155		157		159		85		161		112		91		91		126		130		130		132		130		132		134
139		137		129		127		125		123		127		125		123		121		42		125		123		121		119		40		123		121		119		117		38		142		140		131		129		127		125		123		121		119		117		115		113		111		109		107		105		36		140		138		122		116		34		32		30		117		111		28		26		24		22		20		18		16		14		12		10		8		6		4		97		56		2		0		2		4		99		95		6		8		102		98		10		12		95		94		96		95		14		37		16		37		43		85		87		89		40		42		44		46		91		42		44		46		48		93		44		46		48		50		95		82		81		46		48		50		52		97		83		82		99		143		49		69		66		55		112		111		72		69		113		112		55		143		110		153		155		157		83		159		110		89		89		124		128		128		130		128		130		132
141		139		131		129		127		125		129		127		125		123		44		127		125		123		121		42		125		123		121		119		40		144		142		133		131		129		127		125		123		121		119		117		115		113		111		109		107		38		142		140		124		118		36		34		32		119		113		30		28		26		24		22		20		18		16		14		12		10		8		6		99		58		4		2		0		2		97		93		4		6		100		96		8		10		93		92		94		93		12		35		14		35		41		83		85		87		38		40		42		44		89		40		42		44		46		91		42		44		46		48		93		80		79		44		46		48		50		95		81		80		97		141		47		67		64		53		110		109		70		67		111		110		53		141		108		151		153		155		81		157		108		87		87		122		126		126		128		126		128		130
143		141		133		131		129		127		131		129		127		125		46		129		127		125		123		44		127		125		123		121		42		146		144		135		133		131		129		127		125		123		121		119		117		115		113		111		109		40		144		142		126		120		38		36		34		121		115		32		30		28		26		24		22		20		18		16		14		12		10		8		101		60		6		4		2		0		95		91		2		4		98		94		6		8		91		90		92		91		10		33		12		33		39		81		83		85		36		38		40		42		87		38		40		42		44		89		40		42		44		46		91		78		77		42		44		46		48		93		79		78		95		139		45		65		62		51		108		107		68		65		109		108		51		139		106		149		151		153		79		155		106		85		85		120		124		124		126		124		126		128
62		60		58		60		62		64		56		58		60		62		141		54		56		58		60		139		52		54		56		58		137		55		53		44		42		44		46		48		50		52		54		56		58		60		62		64		66		135		53		51		45		51		133		131		129		40		46		127		125		123		121		119		117		115		113		111		109		107		105		103		10		49		101		99		97		95		0		4		93		95		3		7		97		99		18		19		19		20		101		82		103		88		88		54		56		58		127		129		131		133		60		129		131		133		135		62		131		133		135		137		64		79		80		133		135		137		139		66		80		81		68		44		136		106		109		142		69		70		109		112		70		71		142		44		81		54		56		58		170		60		95		176		176		95		99		101		101		103		103		103
58		56		54		56		58		60		52		54		56		58		137		50		52		54		56		135		48		50		52		54		133		59		57		48		46		44		42		44		46		48		50		52		54		56		58		60		62		131		57		55		41		47		129		127		125		36		42		123		121		119		117		115		113		111		109		107		105		103		101		99		14		45		97		95		93		91		4		0		89		91		7		3		93		95		14		15		15		16		97		78		99		84		84		50		52		54		123		125		127		129		56		125		127		129		131		58		127		129		131		133		60		75		76		129		131		133		135		62		76		77		64		48		132		102		105		138		65		66		105		108		66		67		138		48		77		58		60		62		166		64		91		172		172		91		95		97		97		99		99		99
145		143		135		133		131		129		133		131		129		127		48		131		129		127		125		46		129		127		125		123		44		148		146		137		135		133		131		129		127		125		123		121		119		117		115		113		111		42		146		144		128		122		40		38		36		123		117		34		32		30		28		26		24		22		20		18		16		14		12		10		103		62		8		6		4		2		93		89		0		2		96		92		4		6		89		88		90		89		8		31		10		31		37		79		81		83		34		36		38		40		85		36		38		40		42		87		38		40		42		44		89		76		75		40		42		44		46		91		77		76		93		137		43		63		60		49		106		105		66		63		107		106		49		137		104		147		149		151		77		153		104		83		83		118		122		122		124		122		124		126
147		145		137		135		133		131		135		133		131		129		50		133		131		129		127		48		131		129		127		125		46		150		148		139		137		135		133		131		129		127		125		123		121		119		117		115		113		44		148		146		130		124		42		40		38		125		119		36		34		32		30		28		26		24		22		20		18		16		14		12		105		64		10		8		6		4		95		91		2		0		94		90		2		4		87		86		88		87		6		29		8		29		35		77		79		81		32		34		36		38		83		34		36		38		40		85		36		38		40		42		87		74		73		38		40		42		44		89		75		74		91		135		41		61		58		47		104		103		64		61		105		104		47		135		102		145		147		149		75		151		102		81		81		116		120		120		122		120		122		124
65		63		61		63		65		67		59		61		63		65		144		57		59		61		63		142		55		57		59		61		140		58		56		47		45		47		49		51		53		55		57		59		61		63		65		67		69		138		56		54		48		54		136		134		132		43		49		130		128		126		124		122		120		118		116		114		112		110		108		106		13		52		104		102		100		98		3		7		96		94		0		4		94		96		15		16		16		17		98		79		100		85		85		51		53		55		124		126		128		130		57		126		128		130		132		59		128		130		132		134		61		76		77		130		132		134		136		63		77		78		65		41		133		103		106		139		66		67		106		109		67		68		139		41		78		51		53		55		167		57		92		173		173		92		96		98		98		100		100		100
61		59		57		59		61		63		55		57		59		61		140		53		55		57		59		138		51		53		55		57		136		62		60		51		49		47		45		47		49		51		53		55		57		59		61		63		65		134		60		58		44		50		132		130		128		39		45		126		124		122		120		118		116		114		112		110		108		106		104		102		17		48		100		98		96		94		7		3		92		90		4		0		90		92		11		12		12		13		94		75		96		81		81		47		49		51		120		122		124		126		53		122		124		126		128		55		124		126		128		130		57		72		73		126		128		130		132		59		73		74		61		45		129		99		102		135		62		63		102		105		63		64		135		45		74		55		57		59		163		61		88		169		169		88		92		94		94		96		96		96
149		147		139		137		135		133		137		135		133		131		52		135		133		131		129		50		133		131		129		127		48		152		150		141		139		137		135		133		131		129		127		125		123		121		119		117		115		46		150		148		132		126		44		42		40		127		121		38		36		34		32		30		28		26		24		22		20		18		16		14		107		66		12		10		8		6		97		93		4		2		94		90		0		2		85		84		86		85		4		27		6		27		33		75		77		79		30		32		34		36		81		32		34		36		38		83		34		36		38		40		85		72		71		36		38		40		42		87		73		72		89		133		39		59		56		45		102		101		62		59		103		102		45		133		100		143		145		147		73		149		100		79		79		114		118		118		120		118		120		122
151		149		141		139		137		135		139		137		135		133		54		137		135		133		131		52		135		133		131		129		50		154		152		143		141		139		137		135		133		131		129		127		125		123		121		119		117		48		152		150		134		128		46		44		42		129		123		40		38		36		34		32		30		28		26		24		22		20		18		16		109		68		14		12		10		8		99		95		6		4		96		92		2		0		83		82		84		83		2		25		4		25		31		73		75		77		28		30		32		34		79		30		32		34		36		81		32		34		36		38		83		70		69		34		36		38		40		85		71		70		87		131		37		57		54		43		100		99		60		57		101		100		43		131		98		141		143		145		71		147		98		77		77		112		116		116		118		116		118		120
70		68		60		58		58		60		58		56		56		58		137		56		54		54		56		135		54		52		52		54		133		73		71		62		60		58		56		54		52		50		50		52		54		56		58		60		62		131		71		69		53		47		129		127		125		48		42		123		121		119		117		115		113		111		109		107		105		103		101		99		28		45		97		95		93		91		18		14		89		87		15		11		85		83		0		1		1		2		83		64		85		70		70		36		38		40		109		111		113		115		42		111		113		115		117		44		113		115		117		119		46		61		62		115		117		119		121		48		62		63		50		48		118		88		91		124		51		52		91		94		52		53		124		48		63		58		60		62		152		64		77		158		158		77		81		83		83		85		85		85
71		69		61		59		57		59		59		57		55		57		136		57		55		53		55		134		55		53		51		53		132		74		72		63		61		59		57		55		53		51		49		51		53		55		57		59		61		130		72		70		54		48		128		126		124		49		43		122		120		118		116		114		112		110		108		106		104		102		100		98		29		44		96		94		92		90		19		15		88		86		16		12		84		82		1		0		2		1		82		63		84		69		69		35		37		39		108		110		112		114		41		110		112		114		116		43		112		114		116		118		45		60		61		114		116		118		120		47		61		62		49		49		117		87		90		123		50		51		90		93		51		52		123		49		62		59		61		63		151		65		76		157		157		76		80		82		82		84		84		84
71		69		61		59		59		61		59		57		57		59		138		57		55		55		57		136		55		53		53		55		134		74		72		63		61		59		57		55		53		51		51		53		55		57		59		61		63		132		72		70		54		48		130		128		126		49		43		124		122		120		118		116		114		112		110		108		106		104		102		100		29		46		98		96		94		92		19		15		90		88		16		12		86		84		1		2		0		1		82		63		84		69		69		35		37		39		108		110		112		114		41		110		112		114		116		43		112		114		116		118		45		60		61		114		116		118		120		47		61		62		49		47		117		87		90		123		50		51		90		93		51		52		123		47		62		57		59		61		151		63		76		157		157		76		80		82		82		84		84		84
72		70		62		60		58		60		60		58		56		58		137		58		56		54		56		135		56		54		52		54		133		75		73		64		62		60		58		56		54		52		50		52		54		56		58		60		62		131		73		71		55		49		129		127		125		50		44		123		121		119		117		115		113		111		109		107		105		103		101		99		30		45		97		95		93		91		20		16		89		87		17		13		85		83		2		1		1		0		81		62		83		68		68		34		36		38		107		109		111		113		40		109		111		113		115		42		111		113		115		117		44		59		60		113		115		117		119		46		60		61		48		48		116		86		89		122		49		50		89		92		50		51		122		48		61		58		60		62		150		64		75		156		156		75		79		81		81		83		83		83
153		151		143		141		139		137		141		139		137		135		56		139		137		135		133		54		137		135		133		131		52		156		154		145		143		141		139		137		135		133		131		129		127		125		123		121		119		50		154		152		136		130		48		46		44		131		125		42		40		38		36		34		32		30		28		26		24		22		20		18		111		70		16		14		12		10		101		97		8		6		98		94		4		2		83		82		82		81		0		23		2		23		29		71		73		75		26		28		30		32		77		28		30		32		34		79		30		32		34		36		81		68		67		32		34		36		38		83		69		68		85		129		35		55		52		41		98		97		58		55		99		98		41		129		96		139		141		143		69		145		96		75		75		110		114		114		116		114		116		118
134		132		124		122		120		118		122		120		118		116		79		120		118		116		114		77		118		116		114		112		75		137		135		126		124		122		120		118		116		114		112		110		108		106		104		102		100		73		135		133		117		111		71		69		67		112		106		65		63		61		59		57		55		53		51		49		47		45		43		41		92		51		39		37		35		33		82		78		31		29		79		75		27		25		64		63		63		62		23		0		21		6		6		48		50		52		45		47		49		51		54		47		49		51		53		56		49		51		53		55		58		45		44		51		53		55		57		60		46		45		62		106		54		32		29		60		75		74		35		32		76		75		60		106		73		116		118		120		88		122		73		94		94		87		91		91		93		91		93		95
155		153		145		143		141		139		143		141		139		137		58		141		139		137		135		56		139		137		135		133		54		158		156		147		145		143		141		139		137		135		133		131		129		127		125		123		121		52		156		154		138		132		50		48		46		133		127		44		42		40		38		36		34		32		30		28		26		24		22		20		113		72		18		16		14		12		103		99		10		8		100		96		6		4		85		84		84		83		2		21		0		21		27		69		71		73		24		26		28		30		75		26		28		30		32		77		28		30		32		34		79		66		65		30		32		34		36		81		67		66		83		127		33		53		50		39		96		95		56		53		97		96		39		127		94		137		139		141		67		143		94		73		73		108		112		112		114		112		114		116
140		138		130		128		126		124		128		126		124		122		79		126		124		122		120		77		124		122		120		118		75		143		141		132		130		128		126		124		122		120		118		116		114		112		110		108		106		73		141		139		123		117		71		69		67		118		112		65		63		61		59		57		55		53		51		49		47		45		43		41		98		57		39		37		35		33		88		84		31		29		85		81		27		25		70		69		69		68		23		6		21		0		6		48		50		52		39		41		43		45		54		41		43		45		47		56		43		45		47		49		58		45		44		45		47		49		51		60		46		45		62		106		48		32		29		54		75		74		35		32		76		75		54		106		73		116		118		120		82		122		73		88		88		87		91		91		93		91		93		95
140		138		130		128		126		124		128		126		124		122		85		126		124		122		120		83		124		122		120		118		81		143		141		132		130		128		126		124		122		120		118		116		114		112		110		108		106		79		141		139		123		117		77		75		73		118		112		71		69		67		65		63		61		59		57		55		53		51		49		47		98		57		45		43		41		39		88		84		37		35		85		81		33		31		70		69		69		68		29		6		27		6		0		42		44		46		39		41		43		45		48		41		43		45		47		50		43		45		47		49		52		39		38		45		47		49		51		54		40		39		56		100		48		26		23		54		69		68		29		26		70		69		54		100		67		110		112		114		82		116		67		88		88		81		85		85		87		85		87		89
106		104		96		94		92		90		94		92		90		88		127		92		90		88		86		125		90		88		86		84		123		109		107		98		96		94		92		90		88		86		84		82		80		78		76		74		72		121		107		105		89		83		119		117		115		84		78		113		111		109		107		105		103		101		99		97		95		93		91		89		64		35		87		85		83		81		54		50		79		77		51		47		75		73		36		35		35		34		71		48		69		48		42		0		2		4		73		75		77		79		6		75		77		79		81		8		77		79		81		83		10		25		26		79		81		83		85		12		26		27		14		58		82		52		55		88		27		26		55		58		28		27		88		58		27		68		70		72		116		74		41		122		122		41		45		47		47		49		49		49
108		106		98		96		94		92		96		94		92		90		129		94		92		90		88		127		92		90		88		86		125		111		109		100		98		96		94		92		90		88		86		84		82		80		78		76		74		123		109		107		91		85		121		119		117		86		80		115		113		111		109		107		105		103		101		99		97		95		93		91		66		37		89		87		85		83		56		52		81		79		53		49		77		75		38		37		37		36		73		50		71		50		44		2		0		2		71		73		75		77		4		73		75		77		79		6		75		77		79		81		8		23		24		77		79		81		83		10		24		25		12		56		80		50		53		86		25		24		53		56		26		25		86		56		25		66		68		70		114		72		39		120		120		39		43		45		45		47		47		47
110		108		100		98		96		94		98		96		94		92		131		96		94		92		90		129		94		92		90		88		127		113		111		102		100		98		96		94		92		90		88		86		84		82		80		78		76		125		111		109		93		87		123		121		119		88		82		117		115		113		111		109		107		105		103		101		99		97		95		93		68		39		91		89		87		85		58		54		83		81		55		51		79		77		40		39		39		38		75		52		73		52		46		4		2		0		69		71		73		75		2		71		73		75		77		4		73		75		77		79		6		21		22		75		77		79		81		8		22		23		10		54		78		48		51		84		23		22		51		54		24		23		84		54		23		64		66		68		112		70		37		118		118		37		41		43		43		45		45		45
179		177		169		167		165		163		167		165		163		161		82		165		163		161		159		80		163		161		159		157		78		182		180		171		169		167		165		163		161		159		157		155		153		151		149		147		145		76		180		178		162		156		74		72		70		157		151		68		66		64		62		60		58		56		54		52		50		48		46		44		137		96		42		40		38		36		127		123		34		32		124		120		30		28		109		108		108		107		26		45		24		39		39		73		71		69		0		2		4		6		69		2		4		6		8		71		4		6		8		10		73		60		59		6		8		10		12		75		61		60		77		121		15		47		44		15		90		89		50		47		91		90		21		121		88		131		133		135		43		137		88		49		49		102		106		106		108		106		108		110
181		179		171		169		167		165		169		167		165		163		84		167		165		163		161		82		165		163		161		159		80		184		182		173		171		169		167		165		163		161		159		157		155		153		151		149		147		78		182		180		164		158		76		74		72		159		153		70		68		66		64		62		60		58		56		54		52		50		48		46		139		98		44		42		40		38		129		125		36		34		126		122		32		30		111		110		110		109		28		47		26		41		41		75		73		71		2		0		2		4		71		4		2		4		6		73		6		4		6		8		75		62		61		8		6		8		10		77		63		62		79		123		17		49		46		17		92		91		52		49		93		92		23		123		90		133		135		137		41		139		90		47		47		104		108		108		110		108		110		112
183		181		173		171		169		167		171		169		167		165		86		169		167		165		163		84		167		165		163		161		82		186		184		175		173		171		169		167		165		163		161		159		157		155		153		151		149		80		184		182		166		160		78		76		74		161		155		72		70		68		66		64		62		60		58		56		54		52		50		48		141		100		46		44		42		40		131		127		38		36		128		124		34		32		113		112		112		111		30		49		28		43		43		77		75		73		4		2		0		2		73		6		4		2		4		75		8		6		4		6		77		64		63		10		8		6		8		79		65		64		81		125		19		51		48		19		94		93		54		51		95		94		25		125		92		135		137		139		39		141		92		45		45		106		110		110		112		110		112		114
185		183		175		173		171		169		173		171		169		167		88		171		169		167		165		86		169		167		165		163		84		188		186		177		175		173		171		169		167		165		163		161		159		157		155		153		151		82		186		184		168		162		80		78		76		163		157		74		72		70		68		66		64		62		60		58		56		54		52		50		143		102		48		46		44		42		133		129		40		38		130		126		36		34		115		114		114		113		32		51		30		45		45		79		77		75		6		4		2		0		75		8		6		4		2		77		10		8		6		4		79		66		65		12		10		8		6		81		67		66		83		127		21		53		50		21		96		95		56		53		97		96		27		127		94		137		139		141		37		143		94		43		43		108		112		112		114		112		114		116
112		110		102		100		98		96		100		98		96		94		133		98		96		94		92		131		96		94		92		90		129		115		113		104		102		100		98		96		94		92		90		88		86		84		82		80		78		127		113		111		95		89		125		123		121		90		84		119		117		115		113		111		109		107		105		103		101		99		97		95		70		41		93		91		89		87		60		56		85		83		57		53		81		79		42		41		41		40		77		54		75		54		48		6		4		2		69		71		73		75		0		69		71		73		75		2		71		73		75		77		4		19		20		73		75		77		79		6		20		21		8		52		76		46		49		82		21		20		49		52		22		21		82		52		21		62		64		66		110		68		35		116		116		35		39		41		41		43		43		43
181		179		171		169		167		165		169		167		165		163		84		167		165		163		161		82		165		163		161		159		80		184		182		173		171		169		167		165		163		161		159		157		155		153		151		149		147		78		182		180		164		158		76		74		72		159		153		70		68		66		64		62		60		58		56		54		52		50		48		46		139		98		44		42		40		38		129		125		36		34		126		122		32		30		111		110		110		109		28		47		26		41		41		75		73		71		2		4		6		8		69		0		2		4		6		69		2		4		6		8		71		58		57		4		6		8		10		73		59		58		75		119		13		45		42		13		88		87		48		45		89		88		19		119		86		129		131		133		41		135		86		47		47		100		104		104		106		104		106		108
183		181		173		171		169		167		171		169		167		165		86		169		167		165		163		84		167		165		163		161		82		186		184		175		173		171		169		167		165		163		161		159		157		155		153		151		149		80		184		182		166		160		78		76		74		161		155		72		70		68		66		64		62		60		58		56		54		52		50		48		141		100		46		44		42		40		131		127		38		36		128		124		34		32		113		112		112		111		30		49		28		43		43		77		75		73		4		2		4		6		71		2		0		2		4		71		4		2		4		6		73		60		59		6		4		6		8		75		61		60		77		121		15		47		44		15		90		89		50		47		91		90		21		121		88		131		133		135		39		137		88		45		45		102		106		106		108		106		108		110
185		183		175		173		171		169		173		171		169		167		88		171		169		167		165		86		169		167		165		163		84		188		186		177		175		173		171		169		167		165		163		161		159		157		155		153		151		82		186		184		168		162		80		78		76		163		157		74		72		70		68		66		64		62		60		58		56		54		52		50		143		102		48		46		44		42		133		129		40		38		130		126		36		34		115		114		114		113		32		51		30		45		45		79		77		75		6		4		2		4		73		4		2		0		2		73		6		4		2		4		75		62		61		8		6		4		6		77		63		62		79		123		17		49		46		17		92		91		52		49		93		92		23		123		90		133		135		137		37		139		90		43		43		104		108		108		110		108		110		112
187		185		177		175		173		171		175		173		171		169		90		173		171		169		167		88		171		169		167		165		86		190		188		179		177		175		173		171		169		167		165		163		161		159		157		155		153		84		188		186		170		164		82		80		78		165		159		76		74		72		70		68		66		64		62		60		58		56		54		52		145		104		50		48		46		44		135		131		42		40		132		128		38		36		117		116		116		115		34		53		32		47		47		81		79		77		8		6		4		2		75		6		4		2		0		75		8		6		4		2		77		64		63		10		8		6		4		79		65		64		81		125		19		51		48		19		94		93		54		51		95		94		25		125		92		135		137		139		35		141		92		41		41		106		110		110		112		110		112		114
114		112		104		102		100		98		102		100		98		96		135		100		98		96		94		133		98		96		94		92		131		117		115		106		104		102		100		98		96		94		92		90		88		86		84		82		80		129		115		113		97		91		127		125		123		92		86		121		119		117		115		113		111		109		107		105		103		101		99		97		72		43		95		93		91		89		62		58		87		85		59		55		83		81		44		43		43		42		79		56		77		56		50		8		6		4		71		73		75		77		2		69		71		73		75		0		69		71		73		75		2		17		18		71		73		75		77		4		18		19		6		50		74		44		47		80		19		18		47		50		20		19		80		50		19		60		62		64		108		66		33		114		114		33		37		39		39		41		41		41
183		181		173		171		169		167		171		169		167		165		86		169		167		165		163		84		167		165		163		161		82		186		184		175		173		171		169		167		165		163		161		159		157		155		153		151		149		80		184		182		166		160		78		76		74		161		155		72		70		68		66		64		62		60		58		56		54		52		50		48		141		100		46		44		42		40		131		127		38		36		128		124		34		32		113		112		112		111		30		49		28		43		43		77		75		73		4		6		8		10		71		2		4		6		8		69		0		2		4		6		69		56		55		2		4		6		8		71		57		56		73		117		11		43		40		11		86		85		46		43		87		86		17		117		84		127		129		131		39		133		84		45		45		98		102		102		104		102		104		106
185		183		175		173		171		169		173		171		169		167		88		171		169		167		165		86		169		167		165		163		84		188		186		177		175		173		171		169		167		165		163		161		159		157		155		153		151		82		186		184		168		162		80		78		76		163		157		74		72		70		68		66		64		62		60		58		56		54		52		50		143		102		48		46		44		42		133		129		40		38		130		126		36		34		115		114		114		113		32		51		30		45		45		79		77		75		6		4		6		8		73		4		2		4		6		71		2		0		2		4		71		58		57		4		2		4		6		73		59		58		75		119		13		45		42		13		88		87		48		45		89		88		19		119		86		129		131		133		37		135		86		43		43		100		104		104		106		104		106		108
187		185		177		175		173		171		175		173		171		169		90		173		171		169		167		88		171		169		167		165		86		190		188		179		177		175		173		171		169		167		165		163		161		159		157		155		153		84		188		186		170		164		82		80		78		165		159		76		74		72		70		68		66		64		62		60		58		56		54		52		145		104		50		48		46		44		135		131		42		40		132		128		38		36		117		116		116		115		34		53		32		47		47		81		79		77		8		6		4		6		75		6		4		2		4		73		4		2		0		2		73		60		59		6		4		2		4		75		61		60		77		121		15		47		44		15		90		89		50		47		91		90		21		121		88		131		133		135		35		137		88		41		41		102		106		106		108		106		108		110
189		187		179		177		175		173		177		175		173		171		92		175		173		171		169		90		173		171		169		167		88		192		190		181		179		177		175		173		171		169		167		165		163		161		159		157		155		86		190		188		172		166		84		82		80		167		161		78		76		74		72		70		68		66		64		62		60		58		56		54		147		106		52		50		48		46		137		133		44		42		134		130		40		38		119		118		118		117		36		55		34		49		49		83		81		79		10		8		6		4		77		8		6		4		2		75		6		4		2		0		75		62		61		8		6		4		2		77		63		62		79		123		17		49		46		17		92		91		52		49		93		92		23		123		90		133		135		137		33		139		90		39		39		104		108		108		110		108		110		112
116		114		106		104		102		100		104		102		100		98		137		102		100		98		96		135		100		98		96		94		133		119		117		108		106		104		102		100		98		96		94		92		90		88		86		84		82		131		117		115		99		93		129		127		125		94		88		123		121		119		117		115		113		111		109		107		105		103		101		99		74		45		97		95		93		91		64		60		89		87		61		57		85		83		46		45		45		44		81		58		79		58		52		10		8		6		73		75		77		79		4		71		73		75		77		2		69		71		73		75		0		15		16		69		71		73		75		2		16		17		4		48		72		42		45		78		17		16		45		48		18		17		78		48		17		58		60		62		106		64		31		112		112		31		35		37		37		39		39		39
131		129		121		119		117		115		119		117		115		113		124		117		115		113		111		122		115		113		111		109		120		134		132		123		121		119		117		115		113		111		109		107		105		103		101		99		97		118		132		130		114		108		116		114		112		109		103		110		108		106		104		102		100		98		96		94		92		90		88		86		89		48		84		82		80		78		79		75		76		74		76		72		72		70		61		60		60		59		68		45		66		45		39		25		23		21		60		62		64		66		19		58		60		62		64		17		56		58		60		62		15		0		1		54		56		58		60		15		1		2		17		61		57		27		30		63		30		29		30		33		31		30		63		61		28		71		73		75		91		77		28		97		97		42		46		46		48		46		48		50
132		130		122		120		118		116		120		118		116		114		123		118		116		114		112		121		116		114		112		110		119		135		133		124		122		120		118		116		114		112		110		108		106		104		102		100		98		117		133		131		115		109		115		113		111		110		104		109		107		105		103		101		99		97		95		93		91		89		87		85		90		49		83		81		79		77		80		76		75		73		77		73		71		69		62		61		61		60		67		44		65		44		38		26		24		22		59		61		63		65		20		57		59		61		63		18		55		57		59		61		16		1		0		53		55		57		59		16		2		1		18		62		56		26		29		62		31		30		29		32		32		31		62		62		29		72		74		76		90		78		29		96		96		43		47		47		49		47		49		51
185		183		175		173		171		169		173		171		169		167		88		171		169		167		165		86		169		167		165		163		84		188		186		177		175		173		171		169		167		165		163		161		159		157		155		153		151		82		186		184		168		162		80		78		76		163		157		74		72		70		68		66		64		62		60		58		56		54		52		50		143		102		48		46		44		42		133		129		40		38		130		126		36		34		115		114		114		113		32		51		30		45		45		79		77		75		6		8		10		12		73		4		6		8		10		71		2		4		6		8		69		54		53		0		2		4		6		69		55		54		71		115		9		41		38		9		84		83		44		41		85		84		15		115		82		125		127		129		37		131		82		43		43		96		100		100		102		100		102		104
187		185		177		175		173		171		175		173		171		169		90		173		171		169		167		88		171		169		167		165		86		190		188		179		177		175		173		171		169		167		165		163		161		159		157		155		153		84		188		186		170		164		82		80		78		165		159		76		74		72		70		68		66		64		62		60		58		56		54		52		145		104		50		48		46		44		135		131		42		40		132		128		38		36		117		116		116		115		34		53		32		47		47		81		79		77		8		6		8		10		75		6		4		6		8		73		4		2		4		6		71		56		55		2		0		2		4		71		57		56		73		117		11		43		40		11		86		85		46		43		87		86		17		117		84		127		129		131		35		133		84		41		41		98		102		102		104		102		104		106
189		187		179		177		175		173		177		175		173		171		92		175		173		171		169		90		173		171		169		167		88		192		190		181		179		177		175		173		171		169		167		165		163		161		159		157		155		86		190		188		172		166		84		82		80		167		161		78		76		74		72		70		68		66		64		62		60		58		56		54		147		106		52		50		48		46		137		133		44		42		134		130		40		38		119		118		118		117		36		55		34		49		49		83		81		79		10		8		6		8		77		8		6		4		6		75		6		4		2		4		73		58		57		4		2		0		2		73		59		58		75		119		13		45		42		13		88		87		48		45		89		88		19		119		86		129		131		133		33		135		86		39		39		100		104		104		106		104		106		108
191		189		181		179		177		175		179		177		175		173		94		177		175		173		171		92		175		173		171		169		90		194		192		183		181		179		177		175		173		171		169		167		165		163		161		159		157		88		192		190		174		168		86		84		82		169		163		80		78		76		74		72		70		68		66		64		62		60		58		56		149		108		54		52		50		48		139		135		46		44		136		132		42		40		121		120		120		119		38		57		36		51		51		85		83		81		12		10		8		6		79		10		8		6		4		77		8		6		4		2		75		60		59		6		4		2		0		75		61		60		77		121		15		47		44		15		90		89		50		47		91		90		21		121		88		131		133		135		31		137		88		37		37		102		106		106		108		106		108		110
118		116		108		106		104		102		106		104		102		100		139		104		102		100		98		137		102		100		98		96		135		121		119		110		108		106		104		102		100		98		96		94		92		90		88		86		84		133		119		117		101		95		131		129		127		96		90		125		123		121		119		117		115		113		111		109		107		105		103		101		76		47		99		97		95		93		66		62		91		89		63		59		87		85		48		47		47		46		83		60		81		60		54		12		10		8		75		77		79		81		6		73		75		77		79		4		71		73		75		77		2		15		16		69		71		73		75		0		14		15		2		46		70		40		43		76		15		14		43		46		16		15		76		46		15		56		58		60		104		62		29		110		110		29		33		35		35		37		37		37
132		130		122		120		118		116		120		118		116		114		125		118		116		114		112		123		116		114		112		110		121		135		133		124		122		120		118		116		114		112		110		108		106		104		102		100		98		119		133		131		115		109		117		115		113		110		104		111		109		107		105		103		101		99		97		95		93		91		89		87		90		49		85		83		81		79		80		76		77		75		77		73		73		71		62		61		61		60		69		46		67		46		40		26		24		22		61		63		65		67		20		59		61		63		65		18		57		59		61		63		16		1		2		55		57		59		61		14		0		1		16		60		56		26		29		62		29		28		29		32		30		29		62		60		27		70		72		74		90		76		27		96		96		41		45		45		47		45		47		49
133		131		123		121		119		117		121		119		117		115		124		119		117		115		113		122		117		115		113		111		120		136		134		125		123		121		119		117		115		113		111		109		107		105		103		101		99		118		134		132		116		110		116		114		112		111		105		110		108		106		104		102		100		98		96		94		92		90		88		86		91		50		84		82		80		78		81		77		76		74		78		74		72		70		63		62		62		61		68		45		66		45		39		27		25		23		60		62		64		66		21		58		60		62		64		19		56		58		60		62		17		2		1		54		56		58		60		15		1		0		17		61		55		25		28		61		30		29		28		31		31		30		61		61		28		71		73		75		89		77		28		95		95		42		46		46		48		46		48		50
120		118		110		108		106		104		108		106		104		102		141		106		104		102		100		139		104		102		100		98		137		123		121		112		110		108		106		104		102		100		98		96		94		92		90		88		86		135		121		119		103		97		133		131		129		98		92		127		125		123		121		119		117		115		113		111		109		107		105		103		78		49		101		99		97		95		68		64		93		91		65		61		89		87		50		49		49		48		85		62		83		62		56		14		12		10		77		79		81		83		8		75		77		79		81		6		73		75		77		79		4		17		18		71		73		75		77		2		16		17		0		44		68		38		41		74		13		12		41		44		14		13		74		44		13		54		56		58		102		60		27		108		108		27		31		33		33		35		35		35
106		104		102		104		106		108		100		102		104		106		185		98		100		102		104		183		96		98		100		102		181		85		83		84		86		88		90		92		94		96		98		100		102		104		106		108		110		179		83		81		89		95		177		175		173		84		90		171		169		167		165		163		161		159		157		155		153		151		149		147		52		93		145		143		141		139		44		48		137		135		41		45		133		131		48		49		47		48		129		106		127		106		100		58		56		54		121		123		125		127		52		119		121		123		125		50		117		119		121		123		48		61		62		115		117		119		121		46		60		61		44		0		106		76		79		112		39		40		79		82		40		41		112		14		51		10		12		14		140		16		65		146		146		65		69		71		71		73		73		73
188		186		178		176		174		172		176		174		172		170		91		174		172		170		168		89		172		170		168		166		87		191		189		180		178		176		174		172		170		168		166		164		162		160		158		156		154		85		189		187		171		165		83		81		79		166		160		77		75		73		71		69		67		65		63		61		59		57		55		53		146		105		51		49		47		45		136		132		43		41		133		129		39		37		118		117		117		116		35		54		33		48		48		82		80		78		15		17		19		21		76		13		15		17		19		74		11		13		15		17		72		57		56		9		11		13		15		70		56		55		68		106		0		32		29		6		75		74		35		32		76		75		6		106		73		116		118		120		34		122		73		40		40		87		91		91		93		91		93		95
158		156		148		146		144		142		146		144		142		140		111		144		142		140		138		109		142		140		138		136		107		161		159		150		148		146		144		142		140		138		136		134		132		130		128		126		124		105		159		157		141		135		103		101		99		136		130		97		95		93		91		89		87		85		83		81		79		77		75		73		116		75		71		69		67		65		106		102		63		61		103		99		59		57		88		87		87		86		55		32		53		32		26		52		50		48		47		49		51		53		46		45		47		49		51		44		43		45		47		49		42		27		26		41		43		45		47		40		26		25		38		76		32		0		3		36		43		42		3		6		44		43		36		74		41		84		86		88		64		90		41		70		70		55		59		59		61		59		61		63
161		159		151		149		147		145		149		147		145		143		108		147		145		143		141		106		145		143		141		139		104		164		162		153		151		149		147		145		143		141		139		137		135		133		131		129		127		102		162		160		144		138		100		98		96		139		133		94		92		90		88		86		84		82		80		78		76		74		72		70		119		78		68		66		64		62		109		105		60		58		106		102		56		54		91		90		90		89		52		29		50		29		23		55		53		51		44		46		48		50		49		42		44		46		48		47		40		42		44		46		45		30		29		38		40		42		44		43		29		28		41		79		29		3		0		33		46		45		6		3		47		46		33		77		44		87		89		91		61		93		44		67		67		58		62		62		64		62		64		66
194		192		184		182		180		178		182		180		178		176		97		180		178		176		174		95		178		176		174		172		93		197		195		186		184		182		180		178		176		174		172		170		168		166		164		162		160		91		195		193		177		171		89		87		85		172		166		83		81		79		77		75		73		71		69		67		65		63		61		59		152		111		57		55		53		51		142		138		49		47		139		135		45		43		124		123		123		122		41		60		39		54		54		88		86		84		15		17		19		21		82		13		15		17		19		80		11		13		15		17		78		63		62		9		11		13		15		76		62		61		74		112		6		36		33		0		75		74		35		32		76		75		6		106		73		116		118		120		28		122		73		34		34		87		91		91		93		91		93		95
121		119		111		109		107		105		109		107		105		103		154		107		105		103		101		152		105		103		101		99		150		124		122		113		111		109		107		105		103		101		99		97		95		93		91		89		87		148		122		120		104		98		146		144		142		99		93		140		138		136		134		132		130		128		126		124		122		120		118		116		79		62		114		112		110		108		69		65		106		104		66		62		102		100		51		50		50		49		98		75		96		75		69		27		25		23		90		92		94		96		21		88		90		92		94		19		86		88		90		92		17		30		31		84		86		88		90		15		29		30		13		39		75		43		46		75		0		1		40		43		1		2		73		31		12		41		43		45		101		47		26		107		107		26		30		32		32		34		34		34
122		120		112		110		108		106		110		108		106		104		153		108		106		104		102		151		106		104		102		100		149		125		123		114		112		110		108		106		104		102		100		98		96		94		92		90		88		147		123		121		105		99		145		143		141		100		94		139		137		135		133		131		129		127		125		123		121		119		117		115		80		61		113		111		109		107		70		66		105		103		67		63		101		99		52		51		51		50		97		74		95		74		68		26		24		22		89		91		93		95		20		87		89		91		93		18		85		87		89		91		16		29		30		83		85		87		89		14		28		29		12		40		74		42		45		74		1		0		39		42		2		1		72		32		11		42		44		46		100		48		25		106		106		25		29		31		31		33		33		33
161		159		151		149		147		145		149		147		145		143		114		147		145		143		141		112		145		143		141		139		110		164		162		153		151		149		147		145		143		141		139		137		135		133		131		129		127		108		162		160		144		138		106		104		102		139		133		100		98		96		94		92		90		88		86		84		82		80		78		76		119		78		74		72		70		68		109		105		66		64		106		102		62		60		91		90		90		89		58		35		56		35		29		55		53		51		50		52		54		56		49		48		50		52		54		47		46		48		50		52		45		30		29		44		46		48		50		43		29		28		41		79		35		3		6		35		40		39		0		3		41		40		33		71		38		81		83		85		61		87		38		67		67		52		56		56		58		56		58		60
164		162		154		152		150		148		152		150		148		146		111		150		148		146		144		109		148		146		144		142		107		167		165		156		154		152		150		148		146		144		142		140		138		136		134		132		130		105		165		163		147		141		103		101		99		142		136		97		95		93		91		89		87		85		83		81		79		77		75		73		122		81		71		69		67		65		112		108		63		61		109		105		59		57		94		93		93		92		55		32		53		32		26		58		56		54		47		49		51		53		52		45		47		49		51		50		43		45		47		49		48		33		32		41		43		45		47		46		32		31		44		82		32		6		3		32		43		42		3		0		44		43		30		74		41		84		86		88		58		90		41		64		64		55		59		59		61		59		61		63
122		120		112		110		108		106		110		108		106		104		155		108		106		104		102		153		106		104		102		100		151		125		123		114		112		110		108		106		104		102		100		98		96		94		92		90		88		149		123		121		105		99		147		145		143		100		94		141		139		137		135		133		131		129		127		125		123		121		119		117		80		63		115		113		111		109		70		66		107		105		67		63		103		101		52		51		51		50		99		76		97		76		70		28		26		24		91		93		95		97		22		89		91		93		95		20		87		89		91		93		18		31		32		85		87		89		91		16		30		31		14		40		76		44		47		76		1		2		41		44		0		1		72		30		11		40		42		44		100		46		25		106		106		25		29		31		31		33		33		33
123		121		113		111		109		107		111		109		107		105		154		109		107		105		103		152		107		105		103		101		150		126		124		115		113		111		109		107		105		103		101		99		97		95		93		91		89		148		124		122		106		100		146		144		142		101		95		140		138		136		134		132		130		128		126		124		122		120		118		116		81		62		114		112		110		108		71		67		106		104		68		64		102		100		53		52		52		51		98		75		96		75		69		27		25		23		90		92		94		96		21		88		90		92		94		19		86		88		90		92		17		30		31		84		86		88		90		15		29		30		13		41		75		43		46		75		2		1		40		43		1		0		71		31		10		41		43		45		99		47		24		105		105		24		28		30		30		32		32		32
194		192		184		182		180		178		182		180		178		176		97		180		178		176		174		95		178		176		174		172		93		197		195		186		184		182		180		178		176		174		172		170		168		166		164		162		160		91		195		193		177		171		89		87		85		172		166		83		81		79		77		75		73		71		69		67		65		63		61		59		152		111		57		55		53		51		142		138		49		47		139		135		45		43		124		123		123		122		41		60		39		54		54		88		86		84		21		23		25		27		82		19		21		23		25		80		17		19		21		23		78		63		62		15		17		19		21		76		62		61		74		112		6		36		33		6		73		72		33		30		72		71		0		100		67		110		112		114		28		116		67		34		34		81		85		85		87		85		87		89
106		104		102		104		106		108		100		102		104		106		185		98		100		102		104		183		96		98		100		102		181		99		97		88		86		88		90		92		94		96		98		100		102		104		106		108		110		179		97		95		89		95		177		175		173		84		90		171		169		167		165		163		161		159		157		155		153		151		149		147		54		93		145		143		141		139		44		48		137		135		41		45		133		131		48		49		47		48		129		106		127		106		100		58		56		54		121		123		125		127		52		119		121		123		125		50		117		119		121		123		48		61		62		115		117		119		121		46		60		61		44		14		106		74		77		106		31		32		71		74		30		31		100		0		37		10		12		14		126		16		51		132		132		51		55		57		57		59		59		59
133		131		123		121		119		117		121		119		117		115		152		119		117		115		113		150		117		115		113		111		148		136		134		125		123		121		119		117		115		113		111		109		107		105		103		101		99		146		134		132		116		110		144		142		140		111		105		138		136		134		132		130		128		126		124		122		120		118		116		114		91		60		112		110		108		106		81		77		104		102		78		74		100		98		63		62		62		61		96		73		94		73		67		27		25		23		88		90		92		94		21		86		88		90		92		19		84		86		88		90		17		28		29		82		84		86		88		15		27		28		13		51		73		41		44		73		12		11		38		41		11		10		67		37		0		43		45		47		89		49		14		95		95		14		18		20		20		22		22		22
116		114		112		114		116		118		110		112		114		116		195		108		110		112		114		193		106		108		110		112		191		95		93		94		96		98		100		102		104		106		108		110		112		114		116		118		120		189		93		91		99		105		187		185		183		94		100		181		179		177		175		173		171		169		167		165		163		161		159		157		62		103		155		153		151		149		54		58		147		145		51		55		143		141		58		59		57		58		139		116		137		116		110		68		66		64		131		133		135		137		62		129		131		133		135		60		127		129		131		133		58		71		72		125		127		129		131		56		70		71		54		10		116		84		87		116		41		42		81		84		40		41		110		10		43		0		2		4		130		6		55		136		136		55		59		61		61		63		63		63
118		116		114		116		118		120		112		114		116		118		197		110		112		114		116		195		108		110		112		114		193		97		95		96		98		100		102		104		106		108		110		112		114		116		118		120		122		191		95		93		101		107		189		187		185		96		102		183		181		179		177		175		173		171		169		167		165		163		161		159		64		105		157		155		153		151		56		60		149		147		53		57		145		143		60		61		59		60		141		118		139		118		112		70		68		66		133		135		137		139		64		131		133		135		137		62		129		131		133		135		60		73		74		127		129		131		133		58		72		73		56		12		118		86		89		118		43		44		83		86		42		43		112		12		45		2		0		2		128		4		53		134		134		53		57		59		59		61		61		61
120		118		116		118		120		122		114		116		118		120		199		112		114		116		118		197		110		112		114		116		195		99		97		98		100		102		104		106		108		110		112		114		116		118		120		122		124		193		97		95		103		109		191		189		187		98		104		185		183		181		179		177		175		173		171		169		167		165		163		161		66		107		159		157		155		153		58		62		151		149		55		59		147		145		62		63		61		62		143		120		141		120		114		72		70		68		135		137		139		141		66		133		135		137		139		64		131		133		135		137		62		75		76		129		131		133		135		60		74		75		58		14		120		88		91		120		45		46		85		88		44		45		114		14		47		4		2		0		126		2		51		132		132		51		55		57		57		59		59		59
222		220		212		210		208		206		210		208		206		204		125		208		206		204		202		123		206		204		202		200		121		225		223		214		212		210		208		206		204		202		200		198		196		194		192		190		188		119		223		221		205		199		117		115		113		200		194		111		109		107		105		103		101		99		97		95		93		91		89		87		180		139		85		83		81		79		170		166		77		75		167		163		73		71		152		151		151		150		69		88		67		82		82		116		114		112		43		41		39		37		110		41		39		37		35		108		39		37		35		33		106		91		90		37		35		33		31		104		90		89		102		140		34		64		61		28		101		100		61		58		100		99		28		126		89		130		128		126		0		128		79		6		6		93		97		97		99		97		99		101
122		120		118		120		122		124		116		118		120		122		201		114		116		118		120		199		112		114		116		118		197		101		99		100		102		104		106		108		110		112		114		116		118		120		122		124		126		195		99		97		105		111		193		191		189		100		106		187		185		183		181		179		177		175		173		171		169		167		165		163		68		109		161		159		157		155		60		64		153		151		57		61		149		147		64		65		63		64		145		122		143		122		116		74		72		70		137		139		141		143		68		135		137		139		141		66		133		135		137		139		64		77		78		131		133		135		137		62		76		77		60		16		122		90		93		122		47		48		87		90		46		47		116		16		49		6		4		2		128		0		49		130		130		49		53		55		55		57		57		57
147		145		137		135		133		131		135		133		131		129		152		133		131		129		127		150		131		129		127		125		148		150		148		139		137		135		133		131		129		127		125		123		121		119		117		115		113		146		148		146		130		124		144		142		140		125		119		138		136		134		132		130		128		126		124		122		120		118		116		114		105		64		112		110		108		106		95		91		104		102		92		88		100		98		77		76		76		75		96		73		94		73		67		41		39		37		88		90		92		94		35		86		88		90		92		33		84		86		88		90		31		28		29		82		84		86		88		29		27		28		27		65		73		41		44		73		26		25		38		41		25		24		67		51		14		55		53		51		79		49		0		81		81		14		18		18		20		18		20		22
228		226		218		216		214		212		216		214		212		210		131		214		212		210		208		129		212		210		208		206		127		231		229		220		218		216		214		212		210		208		206		204		202		200		198		196		194		125		229		227		211		205		123		121		119		206		200		117		115		113		111		109		107		105		103		101		99		97		95		93		186		145		91		89		87		85		176		172		83		81		173		169		79		77		158		157		157		156		75		94		73		88		88		122		120		118		49		47		45		43		116		47		45		43		41		114		45		43		41		39		112		97		96		43		41		39		37		110		96		95		108		146		40		70		67		34		107		106		67		64		106		105		34		132		95		136		134		132		6		130		81		0		6		93		97		97		99		97		99		101
228		226		218		216		214		212		216		214		212		210		131		214		212		210		208		129		212		210		208		206		127		231		229		220		218		216		214		212		210		208		206		204		202		200		198		196		194		125		229		227		211		205		123		121		119		206		200		117		115		113		111		109		107		105		103		101		99		97		95		93		186		145		91		89		87		85		176		172		83		81		173		169		79		77		158		157		157		156		75		94		73		88		88		122		120		118		49		47		45		43		116		47		45		43		41		114		45		43		41		39		112		97		96		43		41		39		37		110		96		95		108		146		40		70		67		34		107		106		67		64		106		105		34		132		95		136		134		132		6		130		81		6		0		87		91		91		93		91		93		95
147		145		137		135		133		131		135		133		131		129		166		133		131		129		127		164		131		129		127		125		162		150		148		139		137		135		133		131		129		127		125		123		121		119		117		115		113		160		148		146		130		124		158		156		154		125		119		152		150		148		146		144		142		140		138		136		134		132		130		128		105		74		126		124		122		120		95		91		118		116		92		88		114		112		77		76		76		75		110		87		108		87		81		41		39		37		102		104		106		108		35		100		102		104		106		33		98		100		102		104		31		42		43		96		98		100		102		29		41		42		27		65		87		55		58		87		26		25		52		55		25		24		81		51		14		55		53		51		93		49		14		93		87		0		4		6		6		8		8		8
151		149		141		139		137		135		139		137		135		133		170		137		135		133		131		168		135		133		131		129		166		154		152		143		141		139		137		135		133		131		129		127		125		123		121		119		117		164		152		150		134		128		162		160		158		129		123		156		154		152		150		148		146		144		142		140		138		136		134		132		109		78		130		128		126		124		99		95		122		120		96		92		118		116		81		80		80		79		114		91		112		91		85		45		43		41		106		108		110		112		39		104		106		108		110		37		102		104		106		108		35		46		47		100		102		104		106		33		45		46		31		69		91		59		62		91		30		29		56		59		29		28		85		55		18		59		57		55		97		53		18		97		91		4		0		2		2		4		4		4
153		151		143		141		139		137		141		139		137		135		170		139		137		135		133		168		137		135		133		131		166		156		154		145		143		141		139		137		135		133		131		129		127		125		123		121		119		164		154		152		136		130		162		160		158		131		125		156		154		152		150		148		146		144		142		140		138		136		134		132		111		78		130		128		126		124		101		97		122		120		98		94		118		116		83		82		82		81		114		91		112		91		85		47		45		43		106		108		110		112		41		104		106		108		110		39		102		104		106		108		37		46		47		100		102		104		106		35		45		46		33		71		91		59		62		91		32		31		56		59		31		30		85		57		20		61		59		57		97		55		18		97		91		6		2		0		2		2		2		4
153		151		143		141		139		137		141		139		137		135		172		139		137		135		133		170		137		135		133		131		168		156		154		145		143		141		139		137		135		133		131		129		127		125		123		121		119		166		154		152		136		130		164		162		160		131		125		158		156		154		152		150		148		146		144		142		140		138		136		134		111		80		132		130		128		126		101		97		124		122		98		94		120		118		83		82		82		81		116		93		114		93		87		47		45		43		108		110		112		114		41		106		108		110		112		39		104		106		108		110		37		48		49		102		104		106		108		35		47		48		33		71		93		61		64		93		32		31		58		61		31		30		87		57		20		61		59		57		99		55		20		99		93		6		2		2		0		2		2		2
155		153		145		143		141		139		143		141		139		137		170		141		139		137		135		168		139		137		135		133		166		158		156		147		145		143		141		139		137		135		133		131		129		127		125		123		121		164		156		154		138		132		162		160		158		133		127		156		154		152		150		148		146		144		142		140		138		136		134		132		113		78		130		128		126		124		103		99		122		120		100		96		118		116		85		84		84		83		114		91		112		91		85		49		47		45		106		108		110		112		43		104		106		108		110		41		102		104		106		108		39		46		47		100		102		104		106		37		45		46		35		73		91		59		62		91		34		33		56		59		33		32		85		59		22		63		61		59		97		57		18		97		91		8		4		2		2		0		2		4
155		153		145		143		141		139		143		141		139		137		172		141		139		137		135		170		139		137		135		133		168		158		156		147		145		143		141		139		137		135		133		131		129		127		125		123		121		166		156		154		138		132		164		162		160		133		127		158		156		154		152		150		148		146		144		142		140		138		136		134		113		80		132		130		128		126		103		99		124		122		100		96		120		118		85		84		84		83		116		93		114		93		87		49		47		45		108		110		112		114		43		106		108		110		112		41		104		106		108		110		39		48		49		102		104		106		108		37		47		48		35		73		93		61		64		93		34		33		58		61		33		32		87		59		22		63		61		59		99		57		20		99		93		8		4		2		2		2		0		2
155		153		145		143		141		139		143		141		139		137		174		141		139		137		135		172		139		137		135		133		170		158		156		147		145		143		141		139		137		135		133		131		129		127		125		123		121		168		156		154		138		132		166		164		162		133		127		160		158		156		154		152		150		148		146		144		142		140		138		136		113		82		134		132		130		128		103		99		126		124		100		96		122		120		85		84		84		83		118		95		116		95		89		49		47		45		110		112		114		116		43		108		110		112		114		41		106		108		110		112		39		50		51		104		106		108		110		37		49		50		35		73		95		63		66		95		34		33		60		63		33		32		89		59		22		63		61		59		101		57		22		101		95		8		4		4		2		4		2		0
