140
0		10		12		12		14		14		14		37		39		87		41		89		43		91		45		93		47		95		49		37		67		69		71		73		75		97		51		46		69		71		73		75		77		99		53		71		73		75		77		79		101		47		55		73		75		77		79		81		103		56		57		75		77		79		81		83		86		105		59		47		88		107		61		95		56		109		80		44		46		48		50		52		54		56		58		60		62		63		64		66		68		70		72		74		76		80		57		111		82		80		65		82		80		84		82		80		67		84		82		80		74		109		86		84		82		80		57		69		86		84		82		88		86		84		74		71		88		86		90		88		73		90		80		67		92		75		109		77		79		81		83		85		87		89		139		149		149		179		185		185
10		0		2		2		4		4		4		27		29		77		31		79		33		81		35		83		37		85		39		27		57		59		61		63		65		87		41		36		59		61		63		65		67		89		43		61		63		65		67		69		91		37		45		63		65		67		69		71		93		46		47		65		67		69		71		73		76		95		49		37		78		97		51		85		46		99		86		42		40		38		40		42		44		46		48		50		52		53		54		56		58		60		62		64		66		86		63		101		88		86		55		88		86		90		88		86		57		90		88		86		80		99		92		90		88		86		63		59		92		90		88		94		92		90		80		61		94		92		96		94		63		96		86		73		98		65		99		67		69		71		73		75		77		79		129		139		139		169		175		175
12		2		0		2		2		2		4		25		27		75		29		77		31		79		33		81		35		83		37		25		55		57		59		61		63		85		39		34		57		59		61		63		65		87		41		59		61		63		65		67		89		35		43		61		63		65		67		69		91		44		45		63		65		67		69		71		74		93		47		35		76		95		49		83		44		97		86		42		40		38		38		40		42		44		46		48		50		51		52		54		56		58		60		62		64		86		63		99		88		86		53		88		86		90		88		86		55		90		88		86		80		97		92		90		88		86		63		57		92		90		88		94		92		90		80		59		94		92		96		94		61		96		86		73		98		63		97		65		67		69		71		73		75		77		127		137		137		167		173		173
12		2		2		0		2		2		2		25		27		75		29		77		31		79		33		81		35		83		37		25		55		57		59		61		63		85		39		34		57		59		61		63		65		87		41		59		61		63		65		67		89		35		43		61		63		65		67		69		91		44		45		63		65		67		69		71		74		93		47		35		76		95		49		83		44		97		84		40		38		36		38		40		42		44		46		48		50		51		52		54		56		58		60		62		64		84		61		99		86		84		53		86		84		88		86		84		55		88		86		84		78		97		90		88		86		84		61		57		90		88		86		92		90		88		78		59		92		90		94		92		61		94		84		71		96		63		97		65		67		69		71		73		75		77		127		137		137		167		173		173
14		4		2		2		0		2		4		23		25		73		27		75		29		77		31		79		33		81		35		23		53		55		57		59		61		83		37		32		55		57		59		61		63		85		39		57		59		61		63		65		87		33		41		59		61		63		65		67		89		42		43		61		63		65		67		69		72		91		45		33		74		93		47		81		42		95		86		42		40		38		36		38		40		42		44		46		48		49		50		52		54		56		58		60		62		86		63		97		88		86		51		88		86		90		88		86		53		90		88		86		80		95		92		90		88		86		63		55		92		90		88		94		92		90		80		57		94		92		96		94		59		96		86		73		98		61		95		63		65		67		69		71		73		75		125		135		135		165		171		171
14		4		2		2		2		0		2		23		25		73		27		75		29		77		31		79		33		81		35		23		53		55		57		59		61		83		37		32		55		57		59		61		63		85		39		57		59		61		63		65		87		33		41		59		61		63		65		67		89		42		43		61		63		65		67		69		72		91		45		33		74		93		47		81		42		95		84		40		38		36		36		38		40		42		44		46		48		49		50		52		54		56		58		60		62		84		61		97		86		84		51		86		84		88		86		84		53		88		86		84		78		95		90		88		86		84		61		55		90		88		86		92		90		88		78		57		92		90		94		92		59		94		84		71		96		61		95		63		65		67		69		71		73		75		125		135		135		165		171		171
14		4		4		2		4		2		0		23		25		73		27		75		29		77		31		79		33		81		35		23		53		55		57		59		61		83		37		32		55		57		59		61		63		85		39		57		59		61		63		65		87		33		41		59		61		63		65		67		89		42		43		61		63		65		67		69		72		91		45		33		74		93		47		81		42		95		82		38		36		34		36		38		40		42		44		46		48		49		50		52		54		56		58		60		62		82		59		97		84		82		51		84		82		86		84		82		53		86		84		82		76		95		88		86		84		82		59		55		88		86		84		90		88		86		76		57		90		88		92		90		59		92		82		69		94		61		95		63		65		67		69		71		73		75		125		135		135		165		171		171
37		27		25		25		23		23		23		0		2		50		4		52		6		54		8		56		10		58		12		26		30		32		34		36		38		60		14		21		32		34		36		38		40		62		16		34		36		38		40		42		64		26		18		36		38		40		42		44		66		21		20		38		40		42		44		46		49		68		22		36		51		70		24		58		31		72		89		45		43		41		39		37		35		33		31		29		27		26		27		29		31		33		35		37		39		89		66		74		91		89		28		91		89		93		91		89		30		93		91		89		83		72		95		93		91		89		66		32		95		93		91		97		95		93		83		34		97		95		99		97		36		99		89		76		101		38		72		40		42		44		46		48		50		52		102		112		112		142		148		148
39		29		27		27		25		25		25		2		0		48		2		50		4		52		6		54		8		56		10		24		28		30		32		34		36		58		12		19		30		32		34		36		38		60		14		32		34		36		38		40		62		24		16		34		36		38		40		42		64		19		18		36		38		40		42		44		47		66		20		34		49		68		22		56		29		70		87		43		41		39		37		35		33		31		29		27		25		24		25		27		29		31		33		35		37		87		64		72		89		87		26		89		87		91		89		87		28		91		89		87		81		70		93		91		89		87		64		30		93		91		89		95		93		91		81		32		95		93		97		95		34		97		87		74		99		36		70		38		40		42		44		46		48		50		100		110		110		140		146		146
87		77		75		75		73		73		73		50		48		0		48		2		50		4		52		6		54		8		56		70		40		38		36		34		32		10		58		65		42		40		38		36		34		12		60		44		42		40		38		36		14		70		62		46		44		42		40		38		16		65		64		48		46		44		42		40		37		18		66		80		39		20		68		34		75		22		133		89		87		85		83		81		79		77		75		73		71		70		69		67		65		63		61		59		57		133		110		24		135		133		72		135		133		137		135		133		74		137		135		133		127		34		139		137		135		133		110		76		139		137		135		141		139		137		127		78		141		139		143		141		80		143		133		120		145		82		48		84		86		88		90		92		94		96		72		72		82		104		104		110
41		31		29		29		27		27		27		4		2		48		0		48		2		50		4		52		6		54		8		22		26		28		30		32		34		56		10		17		28		30		32		34		36		58		12		30		32		34		36		38		60		22		14		32		34		36		38		40		62		17		16		34		36		38		40		42		45		64		18		32		47		66		20		54		27		68		85		41		39		37		35		33		31		29		27		25		23		22		23		25		27		29		31		33		35		85		62		70		87		85		24		87		85		89		87		85		26		89		87		85		79		68		91		89		87		85		62		28		91		89		87		93		91		89		79		30		93		91		95		93		32		95		85		72		97		34		68		36		38		40		42		44		46		48		98		108		108		138		144		144
89		79		77		77		75		75		75		52		50		2		48		0		48		2		50		4		52		6		54		68		38		36		34		32		30		8		56		63		40		38		36		34		32		10		58		42		40		38		36		34		12		68		60		44		42		40		38		36		14		63		62		46		44		42		40		38		35		16		64		78		37		18		66		32		73		20		131		87		85		83		81		79		77		75		73		71		69		68		67		65		63		61		59		57		55		131		108		22		133		131		70		133		131		135		133		131		72		135		133		131		125		32		137		135		133		131		108		74		137		135		133		139		137		135		125		76		139		137		141		139		78		141		131		118		143		80		46		82		84		86		88		90		92		94		70		70		80		102		102		108
43		33		31		31		29		29		29		6		4		50		2		48		0		48		2		50		4		52		6		20		24		26		28		30		32		54		8		15		26		28		30		32		34		56		10		28		30		32		34		36		58		20		12		30		32		34		36		38		60		15		14		32		34		36		38		40		43		62		16		30		45		64		18		52		25		66		83		39		37		35		33		31		29		27		25		23		21		20		21		23		25		27		29		31		33		83		60		68		85		83		22		85		83		87		85		83		24		87		85		83		77		66		89		87		85		83		60		26		89		87		85		91		89		87		77		28		91		89		93		91		30		93		83		70		95		32		66		34		36		38		40		42		44		46		96		106		106		136		142		142
91		81		79		79		77		77		77		54		52		4		50		2		48		0		48		2		50		4		52		66		36		34		32		30		28		6		54		61		38		36		34		32		30		8		56		40		38		36		34		32		10		66		58		42		40		38		36		34		12		61		60		44		42		40		38		36		33		14		62		76		35		16		64		30		71		18		129		85		83		81		79		77		75		73		71		69		67		66		65		63		61		59		57		55		53		129		106		20		131		129		68		131		129		133		131		129		70		133		131		129		123		30		135		133		131		129		106		72		135		133		131		137		135		133		123		74		137		135		139		137		76		139		129		116		141		78		44		80		82		84		86		88		90		92		68		68		78		100		100		106
45		35		33		33		31		31		31		8		6		52		4		50		2		48		0		48		2		50		4		18		22		24		26		28		30		52		6		13		24		26		28		30		32		54		8		26		28		30		32		34		56		18		10		28		30		32		34		36		58		13		12		30		32		34		36		38		41		60		14		28		43		62		16		50		23		64		81		37		35		33		31		29		27		25		23		21		19		18		19		21		23		25		27		29		31		81		58		66		83		81		20		83		81		85		83		81		22		85		83		81		75		64		87		85		83		81		58		24		87		85		83		89		87		85		75		26		89		87		91		89		28		91		81		68		93		30		64		32		34		36		38		40		42		44		94		104		104		134		140		140
93		83		81		81		79		79		79		56		54		6		52		4		50		2		48		0		48		2		50		64		34		32		30		28		26		4		52		59		36		34		32		30		28		6		54		38		36		34		32		30		8		64		56		40		38		36		34		32		10		59		58		42		40		38		36		34		31		12		60		74		33		14		62		28		69		16		127		83		81		79		77		75		73		71		69		67		65		64		63		61		59		57		55		53		51		127		104		18		129		127		66		129		127		131		129		127		68		131		129		127		121		28		133		131		129		127		104		70		133		131		129		135		133		131		121		72		135		133		137		135		74		137		127		114		139		76		42		78		80		82		84		86		88		90		66		66		76		98		98		104
47		37		35		35		33		33		33		10		8		54		6		52		4		50		2		48		0		48		2		16		20		22		24		26		28		50		4		11		22		24		26		28		30		52		6		24		26		28		30		32		54		16		8		26		28		30		32		34		56		11		10		28		30		32		34		36		39		58		12		26		41		60		14		48		21		62		79		35		33		31		29		27		25		23		21		19		17		16		17		19		21		23		25		27		29		79		56		64		81		79		18		81		79		83		81		79		20		83		81		79		73		62		85		83		81		79		56		22		85		83		81		87		85		83		73		24		87		85		89		87		26		89		79		66		91		28		62		30		32		34		36		38		40		42		92		102		102		132		138		138
95		85		83		83		81		81		81		58		56		8		54		6		52		4		50		2		48		0		48		62		32		30		28		26		24		2		50		57		34		32		30		28		26		4		52		36		34		32		30		28		6		62		54		38		36		34		32		30		8		57		56		40		38		36		34		32		29		10		58		72		31		12		60		26		67		14		125		81		79		77		75		73		71		69		67		65		63		62		61		59		57		55		53		51		49		125		102		16		127		125		64		127		125		129		127		125		66		129		127		125		119		26		131		129		127		125		102		68		131		129		127		133		131		129		119		70		133		131		135		133		72		135		125		112		137		74		40		76		78		80		82		84		86		88		64		64		74		96		96		102
49		39		37		37		35		35		35		12		10		56		8		54		6		52		4		50		2		48		0		14		18		20		22		24		26		48		2		9		20		22		24		26		28		50		4		22		24		26		28		30		52		14		6		24		26		28		30		32		54		9		8		26		28		30		32		34		37		56		10		24		39		58		12		46		19		60		77		33		31		29		27		25		23		21		19		17		15		14		15		17		19		21		23		25		27		77		54		62		79		77		16		79		77		81		79		77		18		81		79		77		71		60		83		81		79		77		54		20		83		81		79		85		83		81		71		22		85		83		87		85		24		87		77		64		89		26		60		28		30		32		34		36		38		40		90		100		100		130		136		136
37		27		25		25		23		23		23		26		24		70		22		68		20		66		18		64		16		62		14		0		30		32		34		36		38		60		14		9		32		34		36		38		40		62		16		34		36		38		40		42		64		10		18		36		38		40		42		44		66		19		20		38		40		42		44		46		49		68		22		10		51		70		24		58		19		72		63		19		17		15		13		15		17		19		21		23		25		26		27		29		31		33		35		37		39		63		40		74		65		63		28		65		63		67		65		63		30		67		65		63		57		72		69		67		65		63		40		32		69		67		65		71		69		67		57		34		71		69		73		71		36		73		63		50		75		38		72		40		42		44		46		48		50		52		102		112		112		142		148		148
67		57		55		55		53		53		53		30		28		40		26		38		24		36		22		34		20		32		18		30		0		2		4		6		8		30		18		25		2		4		6		8		10		32		20		4		6		8		10		12		34		30		22		6		8		10		12		14		36		25		24		8		10		12		14		16		19		38		26		40		21		40		28		28		35		42		93		49		47		45		43		41		39		37		35		33		31		30		29		27		25		23		21		19		17		93		70		44		95		93		32		95		93		97		95		93		34		97		95		93		87		42		99		97		95		93		70		36		99		97		95		101		99		97		87		38		101		99		103		101		40		103		93		80		105		42		42		44		46		48		50		52		54		56		72		82		82		112		118		118
69		59		57		57		55		55		55		32		30		38		28		36		26		34		24		32		22		30		20		32		2		0		2		4		6		28		20		27		4		2		4		6		8		30		22		6		4		6		8		10		32		32		24		8		6		8		10		12		34		27		26		10		8		10		12		14		17		36		28		42		19		38		30		26		37		40		95		51		49		47		45		43		41		39		37		35		33		32		31		29		27		25		23		21		19		95		72		42		97		95		34		97		95		99		97		95		36		99		97		95		89		40		101		99		97		95		72		38		101		99		97		103		101		99		89		40		103		101		105		103		42		105		95		82		107		44		40		46		48		50		52		54		56		58		70		80		80		110		116		116
71		61		59		59		57		57		57		34		32		36		30		34		28		32		26		30		24		28		22		34		4		2		0		2		4		26		22		29		6		4		2		4		6		28		24		8		6		4		6		8		30		34		26		10		8		6		8		10		32		29		28		12		10		8		10		12		15		34		30		44		17		36		32		24		39		38		97		53		51		49		47		45		43		41		39		37		35		34		33		31		29		27		25		23		21		97		74		40		99		97		36		99		97		101		99		97		38		101		99		97		91		38		103		101		99		97		74		40		103		101		99		105		103		101		91		42		105		103		107		105		44		107		97		84		109		46		38		48		50		52		54		56		58		60		68		78		78		108		114		114
73		63		61		61		59		59		59		36		34		34		32		32		30		30		28		28		26		26		24		36		6		4		2		0		2		24		24		31		8		6		4		2		4		26		26		10		8		6		4		6		28		36		28		12		10		8		6		8		30		31		30		14		12		10		8		10		13		32		32		46		15		34		34		22		41		36		99		55		53		51		49		47		45		43		41		39		37		36		35		33		31		29		27		25		23		99		76		38		101		99		38		101		99		103		101		99		40		103		101		99		93		36		105		103		101		99		76		42		105		103		101		107		105		103		93		44		107		105		109		107		46		109		99		86		111		48		36		50		52		54		56		58		60		62		66		76		76		106		112		112
75		65		63		63		61		61		61		38		36		32		34		30		32		28		30		26		28		24		26		38		8		6		4		2		0		22		26		33		10		8		6		4		2		24		28		12		10		8		6		4		26		38		30		14		12		10		8		6		28		33		32		16		14		12		10		8		11		30		34		48		13		32		36		20		43		34		101		57		55		53		51		49		47		45		43		41		39		38		37		35		33		31		29		27		25		101		78		36		103		101		40		103		101		105		103		101		42		105		103		101		95		34		107		105		103		101		78		44		107		105		103		109		107		105		95		46		109		107		111		109		48		111		101		88		113		50		34		52		54		56		58		60		62		64		64		74		74		104		110		110
97		87		85		85		83		83		83		60		58		10		56		8		54		6		52		4		50		2		48		60		30		28		26		24		22		0		48		55		32		30		28		26		24		2		50		34		32		30		28		26		4		60		52		36		34		32		30		28		6		55		54		38		36		34		32		30		27		8		56		70		29		10		58		24		65		12		123		79		77		75		73		71		69		67		65		63		61		60		59		57		55		53		51		49		47		123		100		14		125		123		62		125		123		127		125		123		64		127		125		123		117		24		129		127		125		123		100		66		129		127		125		131		129		127		117		68		131		129		133		131		70		133		123		110		135		72		38		74		76		78		80		82		84		86		62		62		72		94		94		100
51		41		39		39		37		37		37		14		12		58		10		56		8		54		6		52		4		50		2		14		18		20		22		24		26		48		0		7		18		20		22		24		26		48		2		20		22		24		26		28		50		12		4		22		24		26		28		30		52		7		6		24		26		28		30		32		35		54		8		22		37		56		10		44		17		58		75		31		29		27		25		23		21		19		17		15		13		12		13		15		17		19		21		23		25		75		52		60		77		75		14		77		75		79		77		75		16		79		77		75		69		58		81		79		77		75		52		18		81		79		77		83		81		79		69		20		83		81		85		83		22		85		75		62		87		24		58		26		28		30		32		34		36		38		88		98		98		128		134		134
46		36		34		34		32		32		32		21		19		65		17		63		15		61		13		59		11		57		9		9		25		27		29		31		33		55		7		0		23		25		27		29		31		53		7		25		27		29		31		33		55		5		9		27		29		31		33		35		57		10		11		29		31		33		35		37		40		59		13		15		42		61		15		49		10		63		68		24		22		20		18		16		14		12		12		14		16		17		18		20		22		24		26		28		30		68		45		65		70		68		19		70		68		72		70		68		21		72		70		68		62		63		74		72		70		68		45		23		74		72		70		76		74		72		62		25		76		74		78		76		27		78		68		55		80		29		63		31		33		35		37		39		41		43		93		103		103		133		139		139
69		59		57		57		55		55		55		32		30		42		28		40		26		38		24		36		22		34		20		32		2		4		6		8		10		32		18		23		0		2		4		6		8		30		18		2		4		6		8		10		32		28		20		4		6		8		10		12		34		23		22		6		8		10		12		14		17		36		24		38		19		38		26		26		33		40		91		47		45		43		41		39		37		35		33		31		29		28		27		25		23		21		19		17		15		91		68		42		93		91		30		93		91		95		93		91		32		95		93		91		85		40		97		95		93		91		68		34		97		95		93		99		97		95		85		36		99		97		101		99		38		101		91		78		103		40		40		42		44		46		48		50		52		54		70		80		80		110		116		116
71		61		59		59		57		57		57		34		32		40		30		38		28		36		26		34		24		32		22		34		4		2		4		6		8		30		20		25		2		0		2		4		6		28		20		4		2		4		6		8		30		30		22		6		4		6		8		10		32		25		24		8		6		8		10		12		15		34		26		40		17		36		28		24		35		38		93		49		47		45		43		41		39		37		35		33		31		30		29		27		25		23		21		19		17		93		70		40		95		93		32		95		93		97		95		93		34		97		95		93		87		38		99		97		95		93		70		36		99		97		95		101		99		97		87		38		101		99		103		101		40		103		93		80		105		42		38		44		46		48		50		52		54		56		68		78		78		108		114		114
73		63		61		61		59		59		59		36		34		38		32		36		30		34		28		32		26		30		24		36		6		4		2		4		6		28		22		27		4		2		0		2		4		26		22		6		4		2		4		6		28		32		24		8		6		4		6		8		30		27		26		10		8		6		8		10		13		32		28		42		15		34		30		22		37		36		95		51		49		47		45		43		41		39		37		35		33		32		31		29		27		25		23		21		19		95		72		38		97		95		34		97		95		99		97		95		36		99		97		95		89		36		101		99		97		95		72		38		101		99		97		103		101		99		89		40		103		101		105		103		42		105		95		82		107		44		36		46		48		50		52		54		56		58		66		76		76		106		112		112
75		65		63		63		61		61		61		38		36		36		34		34		32		32		30		30		28		28		26		38		8		6		4		2		4		26		24		29		6		4		2		0		2		24		24		8		6		4		2		4		26		34		26		10		8		6		4		6		28		29		28		12		10		8		6		8		11		30		30		44		13		32		32		20		39		34		97		53		51		49		47		45		43		41		39		37		35		34		33		31		29		27		25		23		21		97		74		36		99		97		36		99		97		101		99		97		38		101		99		97		91		34		103		101		99		97		74		40		103		101		99		105		103		101		91		42		105		103		107		105		44		107		97		84		109		46		34		48		50		52		54		56		58		60		64		74		74		104		110		110
77		67		65		65		63		63		63		40		38		34		36		32		34		30		32		28		30		26		28		40		10		8		6		4		2		24		26		31		8		6		4		2		0		22		26		10		8		6		4		2		24		36		28		12		10		8		6		4		26		31		30		14		12		10		8		6		9		28		32		46		11		30		34		18		41		32		99		55		53		51		49		47		45		43		41		39		37		36		35		33		31		29		27		25		23		99		76		34		101		99		38		101		99		103		101		99		40		103		101		99		93		32		105		103		101		99		76		42		105		103		101		107		105		103		93		44		107		105		109		107		46		109		99		86		111		48		32		50		52		54		56		58		60		62		62		72		72		102		108		108
99		89		87		87		85		85		85		62		60		12		58		10		56		8		54		6		52		4		50		62		32		30		28		26		24		2		48		53		30		28		26		24		22		0		48		32		30		28		26		24		2		58		50		34		32		30		28		26		4		53		52		36		34		32		30		28		25		6		54		68		27		8		56		22		63		10		121		77		75		73		71		69		67		65		63		61		59		58		57		55		53		51		49		47		45		121		98		12		123		121		60		123		121		125		123		121		62		125		123		121		115		22		127		125		123		121		98		64		127		125		123		129		127		125		115		66		129		127		131		129		68		131		121		108		133		70		36		72		74		76		78		80		82		84		60		60		70		92		92		98
53		43		41		41		39		39		39		16		14		60		12		58		10		56		8		54		6		52		4		16		20		22		24		26		28		50		2		7		18		20		22		24		26		48		0		18		20		22		24		26		48		10		2		20		22		24		26		28		50		5		4		22		24		26		28		30		33		52		6		20		35		54		8		42		15		56		73		29		27		25		23		21		19		17		15		13		11		10		11		13		15		17		19		21		23		73		50		58		75		73		12		75		73		77		75		73		14		77		75		73		67		56		79		77		75		73		50		16		79		77		75		81		79		77		67		18		81		79		83		81		20		83		73		60		85		22		56		24		26		28		30		32		34		36		86		96		96		126		132		132
71		61		59		59		57		57		57		34		32		44		30		42		28		40		26		38		24		36		22		34		4		6		8		10		12		34		20		25		2		4		6		8		10		32		18		0		2		4		6		8		30		26		18		2		4		6		8		10		32		21		20		4		6		8		10		12		15		34		22		36		17		36		24		24		31		38		89		45		43		41		39		37		35		33		31		29		27		26		25		23		21		19		17		15		13		89		66		40		91		89		28		91		89		93		91		89		30		93		91		89		83		38		95		93		91		89		66		32		95		93		91		97		95		93		83		34		97		95		99		97		36		99		89		76		101		38		38		40		42		44		46		48		50		52		68		78		78		108		114		114
73		63		61		61		59		59		59		36		34		42		32		40		30		38		28		36		26		34		24		36		6		4		6		8		10		32		22		27		4		2		4		6		8		30		20		2		0		2		4		6		28		28		20		4		2		4		6		8		30		23		22		6		4		6		8		10		13		32		24		38		15		34		26		22		33		36		91		47		45		43		41		39		37		35		33		31		29		28		27		25		23		21		19		17		15		91		68		38		93		91		30		93		91		95		93		91		32		95		93		91		85		36		97		95		93		91		68		34		97		95		93		99		97		95		85		36		99		97		101		99		38		101		91		78		103		40		36		42		44		46		48		50		52		54		66		76		76		106		112		112
75		65		63		63		61		61		61		38		36		40		34		38		32		36		30		34		28		32		26		38		8		6		4		6		8		30		24		29		6		4		2		4		6		28		22		4		2		0		2		4		26		30		22		6		4		2		4		6		28		25		24		8		6		4		6		8		11		30		26		40		13		32		28		20		35		34		93		49		47		45		43		41		39		37		35		33		31		30		29		27		25		23		21		19		17		93		70		36		95		93		32		95		93		97		95		93		34		97		95		93		87		34		99		97		95		93		70		36		99		97		95		101		99		97		87		38		101		99		103		101		40		103		93		80		105		42		34		44		46		48		50		52		54		56		64		74		74		104		110		110
77		67		65		65		63		63		63		40		38		38		36		36		34		34		32		32		30		30		28		40		10		8		6		4		6		28		26		31		8		6		4		2		4		26		24		6		4		2		0		2		24		32		24		8		6		4		2		4		26		27		26		10		8		6		4		6		9		28		28		42		11		30		30		18		37		32		95		51		49		47		45		43		41		39		37		35		33		32		31		29		27		25		23		21		19		95		72		34		97		95		34		97		95		99		97		95		36		99		97		95		89		32		101		99		97		95		72		38		101		99		97		103		101		99		89		40		103		101		105		103		42		105		95		82		107		44		32		46		48		50		52		54		56		58		62		72		72		102		108		108
79		69		67		67		65		65		65		42		40		36		38		34		36		32		34		30		32		28		30		42		12		10		8		6		4		26		28		33		10		8		6		4		2		24		26		8		6		4		2		0		22		34		26		10		8		6		4		2		24		29		28		12		10		8		6		4		7		26		30		44		9		28		32		16		39		30		97		53		51		49		47		45		43		41		39		37		35		34		33		31		29		27		25		23		21		97		74		32		99		97		36		99		97		101		99		97		38		101		99		97		91		30		103		101		99		97		74		40		103		101		99		105		103		101		91		42		105		103		107		105		44		107		97		84		109		46		30		48		50		52		54		56		58		60		60		70		70		100		106		106
101		91		89		89		87		87		87		64		62		14		60		12		58		10		56		8		54		6		52		64		34		32		30		28		26		4		50		55		32		30		28		26		24		2		48		30		28		26		24		22		0		56		48		32		30		28		26		24		2		51		50		34		32		30		28		26		23		4		52		66		25		6		54		20		61		8		119		75		73		71		69		67		65		63		61		59		57		56		55		53		51		49		47		45		43		119		96		10		121		119		58		121		119		123		121		119		60		123		121		119		113		20		125		123		121		119		96		62		125		123		121		127		125		123		113		64		127		125		129		127		66		129		119		106		131		68		34		70		72		74		76		78		80		82		58		58		68		90		90		96
47		37		35		35		33		33		33		26		24		70		22		68		20		66		18		64		16		62		14		10		30		32		34		36		38		60		12		5		28		30		32		34		36		58		10		26		28		30		32		34		56		0		8		26		28		30		32		34		56		9		10		28		30		32		34		36		39		58		12		10		41		60		14		48		9		62		63		19		17		15		13		11		9		9		11		13		15		16		17		19		21		23		25		27		29		63		40		64		65		63		18		65		63		67		65		63		20		67		65		63		57		62		69		67		65		63		40		22		69		67		65		71		69		67		57		24		71		69		73		71		26		73		63		50		75		28		62		30		32		34		36		38		40		42		92		102		102		132		138		138
55		45		43		43		41		41		41		18		16		62		14		60		12		58		10		56		8		54		6		18		22		24		26		28		30		52		4		9		20		22		24		26		28		50		2		18		20		22		24		26		48		8		0		18		20		22		24		26		48		3		2		20		22		24		26		28		31		50		4		18		33		52		6		40		13		54		71		27		25		23		21		19		17		15		13		11		9		8		9		11		13		15		17		19		21		71		48		56		73		71		10		73		71		75		73		71		12		75		73		71		65		54		77		75		73		71		48		14		77		75		73		79		77		75		65		16		79		77		81		79		18		81		71		58		83		20		54		22		24		26		28		30		32		34		84		94		94		124		130		130
73		63		61		61		59		59		59		36		34		46		32		44		30		42		28		40		26		38		24		36		6		8		10		12		14		36		22		27		4		6		8		10		12		34		20		2		4		6		8		10		32		26		18		0		2		4		6		8		30		19		18		2		4		6		8		10		13		32		20		34		15		34		22		22		29		36		87		43		41		39		37		35		33		31		29		27		25		24		23		21		19		17		15		13		11		87		64		38		89		87		26		89		87		91		89		87		28		91		89		87		81		36		93		91		89		87		64		30		93		91		89		95		93		91		81		32		95		93		97		95		34		97		87		74		99		36		36		38		40		42		44		46		48		50		66		76		76		106		112		112
75		65		63		63		61		61		61		38		36		44		34		42		32		40		30		38		28		36		26		38		8		6		8		10		12		34		24		29		6		4		6		8		10		32		22		4		2		4		6		8		30		28		20		2		0		2		4		6		28		21		20		4		2		4		6		8		11		30		22		36		13		32		24		20		31		34		89		45		43		41		39		37		35		33		31		29		27		26		25		23		21		19		17		15		13		89		66		36		91		89		28		91		89		93		91		89		30		93		91		89		83		34		95		93		91		89		66		32		95		93		91		97		95		93		83		34		97		95		99		97		36		99		89		76		101		38		34		40		42		44		46		48		50		52		64		74		74		104		110		110
77		67		65		65		63		63		63		40		38		42		36		40		34		38		32		36		30		34		28		40		10		8		6		8		10		32		26		31		8		6		4		6		8		30		24		6		4		2		4		6		28		30		22		4		2		0		2		4		26		23		22		6		4		2		4		6		9		28		24		38		11		30		26		18		33		32		91		47		45		43		41		39		37		35		33		31		29		28		27		25		23		21		19		17		15		91		68		34		93		91		30		93		91		95		93		91		32		95		93		91		85		32		97		95		93		91		68		34		97		95		93		99		97		95		85		36		99		97		101		99		38		101		91		78		103		40		32		42		44		46		48		50		52		54		62		72		72		102		108		108
79		69		67		67		65		65		65		42		40		40		38		38		36		36		34		34		32		32		30		42		12		10		8		6		8		30		28		33		10		8		6		4		6		28		26		8		6		4		2		4		26		32		24		6		4		2		0		2		24		25		24		8		6		4		2		4		7		26		26		40		9		28		28		16		35		30		93		49		47		45		43		41		39		37		35		33		31		30		29		27		25		23		21		19		17		93		70		32		95		93		32		95		93		97		95		93		34		97		95		93		87		30		99		97		95		93		70		36		99		97		95		101		99		97		87		38		101		99		103		101		40		103		93		80		105		42		30		44		46		48		50		52		54		56		60		70		70		100		106		106
81		71		69		69		67		67		67		44		42		38		40		36		38		34		36		32		34		30		32		44		14		12		10		8		6		28		30		35		12		10		8		6		4		26		28		10		8		6		4		2		24		34		26		8		6		4		2		0		22		27		26		10		8		6		4		2		5		24		28		42		7		26		30		14		37		28		95		51		49		47		45		43		41		39		37		35		33		32		31		29		27		25		23		21		19		95		72		30		97		95		34		97		95		99		97		95		36		99		97		95		89		28		101		99		97		95		72		38		101		99		97		103		101		99		89		40		103		101		105		103		42		105		95		82		107		44		28		46		48		50		52		54		56		58		58		68		68		98		104		104
103		93		91		91		89		89		89		66		64		16		62		14		60		12		58		10		56		8		54		66		36		34		32		30		28		6		52		57		34		32		30		28		26		4		50		32		30		28		26		24		2		56		48		30		28		26		24		22		0		49		48		32		30		28		26		24		21		2		50		64		23		4		52		18		59		6		117		73		71		69		67		65		63		61		59		57		55		54		53		51		49		47		45		43		41		117		94		8		119		117		56		119		117		121		119		117		58		121		119		117		111		18		123		121		119		117		94		60		123		121		119		125		123		121		111		62		125		123		127		125		64		127		117		104		129		66		32		68		70		72		74		76		78		80		56		56		66		88		88		94
56		46		44		44		42		42		42		21		19		65		17		63		15		61		13		59		11		57		9		19		25		27		29		31		33		55		7		10		23		25		27		29		31		53		5		21		23		25		27		29		51		9		3		19		21		23		25		27		49		0		1		19		21		23		25		27		30		49		3		15		32		51		5		39		10		53		68		24		22		20		18		16		14		12		10		8		6		7		8		10		12		14		16		18		20		68		45		55		70		68		9		70		68		72		70		68		11		72		70		68		62		53		74		72		70		68		45		13		74		72		70		76		74		72		62		15		76		74		78		76		17		78		68		55		80		19		53		21		23		25		27		29		31		33		83		93		93		123		129		129
57		47		45		45		43		43		43		20		18		64		16		62		14		60		12		58		10		56		8		20		24		26		28		30		32		54		6		11		22		24		26		28		30		52		4		20		22		24		26		28		50		10		2		18		20		22		24		26		48		1		0		18		20		22		24		26		29		48		2		16		31		50		4		38		11		52		69		25		23		21		19		17		15		13		11		9		7		6		7		9		11		13		15		17		19		69		46		54		71		69		8		71		69		73		71		69		10		73		71		69		63		52		75		73		71		69		46		12		75		73		71		77		75		73		63		14		77		75		79		77		16		79		69		56		81		18		52		20		22		24		26		28		30		32		82		92		92		122		128		128
75		65		63		63		61		61		61		38		36		48		34		46		32		44		30		42		28		40		26		38		8		10		12		14		16		38		24		29		6		8		10		12		14		36		22		4		6		8		10		12		34		28		20		2		4		6		8		10		32		19		18		0		2		4		6		8		11		30		18		32		13		32		20		20		27		34		85		41		39		37		35		33		31		29		27		25		23		22		21		19		17		15		13		11		9		85		62		36		87		85		24		87		85		89		87		85		26		89		87		85		79		34		91		89		87		85		62		28		91		89		87		93		91		89		79		30		93		91		95		93		32		95		85		72		97		34		34		36		38		40		42		44		46		48		64		74		74		104		110		110
77		67		65		65		63		63		63		40		38		46		36		44		34		42		32		40		30		38		28		40		10		8		10		12		14		36		26		31		8		6		8		10		12		34		24		6		4		6		8		10		32		30		22		4		2		4		6		8		30		21		20		2		0		2		4		6		9		28		20		34		11		30		22		18		29		32		87		43		41		39		37		35		33		31		29		27		25		24		23		21		19		17		15		13		11		87		64		34		89		87		26		89		87		91		89		87		28		91		89		87		81		32		93		91		89		87		64		30		93		91		89		95		93		91		81		32		95		93		97		95		34		97		87		74		99		36		32		38		40		42		44		46		48		50		62		72		72		102		108		108
79		69		67		67		65		65		65		42		40		44		38		42		36		40		34		38		32		36		30		42		12		10		8		10		12		34		28		33		10		8		6		8		10		32		26		8		6		4		6		8		30		32		24		6		4		2		4		6		28		23		22		4		2		0		2		4		7		26		22		36		9		28		24		16		31		30		89		45		43		41		39		37		35		33		31		29		27		26		25		23		21		19		17		15		13		89		66		32		91		89		28		91		89		93		91		89		30		93		91		89		83		30		95		93		91		89		66		32		95		93		91		97		95		93		83		34		97		95		99		97		36		99		89		76		101		38		30		40		42		44		46		48		50		52		60		70		70		100		106		106
81		71		69		69		67		67		67		44		42		42		40		40		38		38		36		36		34		34		32		44		14		12		10		8		10		32		30		35		12		10		8		6		8		30		28		10		8		6		4		6		28		34		26		8		6		4		2		4		26		25		24		6		4		2		0		2		5		24		24		38		7		26		26		14		33		28		91		47		45		43		41		39		37		35		33		31		29		28		27		25		23		21		19		17		15		91		68		30		93		91		30		93		91		95		93		91		32		95		93		91		85		28		97		95		93		91		68		34		97		95		93		99		97		95		85		36		99		97		101		99		38		101		91		78		103		40		28		42		44		46		48		50		52		54		58		68		68		98		104		104
83		73		71		71		69		69		69		46		44		40		42		38		40		36		38		34		36		32		34		46		16		14		12		10		8		30		32		37		14		12		10		8		6		28		30		12		10		8		6		4		26		36		28		10		8		6		4		2		24		27		26		8		6		4		2		0		3		22		26		40		5		24		28		12		35		26		93		49		47		45		43		41		39		37		35		33		31		30		29		27		25		23		21		19		17		93		70		28		95		93		32		95		93		97		95		93		34		97		95		93		87		26		99		97		95		93		70		36		99		97		95		101		99		97		87		38		101		99		103		101		40		103		93		80		105		42		26		44		46		48		50		52		54		56		56		66		66		96		102		102
86		76		74		74		72		72		72		49		47		37		45		35		43		33		41		31		39		29		37		49		19		17		15		13		11		27		35		40		17		15		13		11		9		25		33		15		13		11		9		7		23		39		31		13		11		9		7		5		21		30		29		11		9		7		5		3		0		19		29		43		2		21		31		9		38		23		96		52		50		48		46		44		42		40		38		36		34		33		32		30		28		26		24		22		20		96		73		25		98		96		35		98		96		100		98		96		37		100		98		96		90		23		102		100		98		96		73		39		102		100		98		104		102		100		90		41		104		102		106		104		43		106		96		83		108		45		23		47		49		51		53		55		57		59		53		63		63		93		99		99
105		95		93		93		91		91		91		68		66		18		64		16		62		14		60		12		58		10		56		68		38		36		34		32		30		8		54		59		36		34		32		30		28		6		52		34		32		30		28		26		4		58		50		32		30		28		26		24		2		49		48		30		28		26		24		22		19		0		48		62		21		2		50		16		57		4		115		71		69		67		65		63		61		59		57		55		53		52		51		49		47		45		43		41		39		115		92		6		117		115		54		117		115		119		117		115		56		119		117		115		109		16		121		119		117		115		92		58		121		119		117		123		121		119		109		60		123		121		125		123		62		125		115		102		127		64		30		66		68		70		72		74		76		78		54		54		64		86		86		92
59		49		47		47		45		45		45		22		20		66		18		64		16		62		14		60		12		58		10		22		26		28		30		32		34		56		8		13		24		26		28		30		32		54		6		22		24		26		28		30		52		12		4		20		22		24		26		28		50		3		2		18		20		22		24		26		29		48		0		14		29		48		2		36		9		50		67		23		21		19		17		15		13		11		9		7		5		4		5		7		9		11		13		15		17		67		44		52		69		67		6		69		67		71		69		67		8		71		69		67		61		50		73		71		69		67		44		10		73		71		69		75		73		71		61		12		75		73		77		75		14		77		67		54		79		16		50		18		20		22		24		26		28		30		80		90		90		120		126		126
47		37		35		35		33		33		33		36		34		80		32		78		30		76		28		74		26		72		24		10		40		42		44		46		48		70		22		15		38		40		42		44		46		68		20		36		38		40		42		44		66		10		18		34		36		38		40		42		64		15		16		32		34		36		38		40		43		62		14		0		41		60		14		48		9		62		53		9		7		5		3		5		7		9		11		13		15		16		17		19		21		23		25		27		29		53		30		64		55		53		18		55		53		57		55		53		20		57		55		53		47		62		59		57		55		53		30		22		59		57		55		61		59		57		47		24		61		59		63		61		26		63		53		40		65		28		62		30		32		34		36		38		40		42		92		102		102		132		138		138
88		78		76		76		74		74		74		51		49		39		47		37		45		35		43		33		41		31		39		51		21		19		17		15		13		29		37		42		19		17		15		13		11		27		35		17		15		13		11		9		25		41		33		15		13		11		9		7		23		32		31		13		11		9		7		5		2		21		29		41		0		19		29		7		36		21		94		50		48		46		44		42		40		38		36		34		32		31		30		28		26		24		22		20		18		94		71		23		96		94		33		96		94		98		96		94		35		98		96		94		88		21		100		98		96		94		71		37		100		98		96		102		100		98		88		39		102		100		104		102		41		104		94		81		106		43		21		45		47		49		51		53		55		57		51		61		61		91		97		97
107		97		95		95		93		93		93		70		68		20		66		18		64		16		62		14		60		12		58		70		40		38		36		34		32		10		56		61		38		36		34		32		30		8		54		36		34		32		30		28		6		60		52		34		32		30		28		26		4		51		50		32		30		28		26		24		21		2		48		60		19		0		48		14		55		2		113		69		67		65		63		61		59		57		55		53		51		50		49		47		45		43		41		39		37		113		90		4		115		113		52		115		113		117		115		113		54		117		115		113		107		14		119		117		115		113		90		56		119		117		115		121		119		117		107		58		121		119		123		121		60		123		113		100		125		62		28		64		66		68		70		72		74		76		52		52		62		84		84		90
61		51		49		49		47		47		47		24		22		68		20		66		18		64		16		62		14		60		12		24		28		30		32		34		36		58		10		15		26		28		30		32		34		56		8		24		26		28		30		32		54		14		6		22		24		26		28		30		52		5		4		20		22		24		26		28		31		50		2		14		29		48		0		34		7		48		65		21		19		17		15		13		11		9		7		5		3		2		3		5		7		9		11		13		15		65		42		50		67		65		4		67		65		69		67		65		6		69		67		65		59		48		71		69		67		65		42		8		71		69		67		73		71		69		59		10		73		71		75		73		12		75		65		52		77		14		48		16		18		20		22		24		26		28		78		88		88		118		124		124
95		85		83		83		81		81		81		58		56		34		54		32		52		30		50		28		48		26		46		58		28		26		24		22		20		24		44		49		26		24		22		20		18		22		42		24		22		20		18		16		20		48		40		22		20		18		16		14		18		39		38		20		18		16		14		12		9		16		36		48		7		14		34		0		41		14		99		55		53		51		49		47		45		43		41		39		37		36		35		33		31		29		27		25		23		99		76		16		101		99		38		101		99		103		101		99		40		103		101		99		93		14		105		103		101		99		76		42		105		103		101		107		105		103		93		44		107		105		109		107		46		109		99		86		111		48		14		50		52		54		56		58		60		62		44		54		54		84		90		90
56		46		44		44		42		42		42		31		29		75		27		73		25		71		23		69		21		67		19		19		35		37		39		41		43		65		17		10		33		35		37		39		41		63		15		31		33		35		37		39		61		9		13		29		31		33		35		37		59		10		11		27		29		31		33		35		38		57		9		9		36		55		7		41		0		53		58		14		12		10		8		6		4		2		2		4		6		7		8		10		12		14		16		18		20		58		35		55		60		58		9		60		58		62		60		58		11		62		60		58		52		53		64		62		60		58		35		13		64		62		60		66		64		62		52		15		66		64		68		66		17		68		58		45		70		19		53		21		23		25		27		29		31		33		83		93		93		123		129		129
109		99		97		97		95		95		95		72		70		22		68		20		66		18		64		16		62		14		60		72		42		40		38		36		34		12		58		63		40		38		36		34		32		10		56		38		36		34		32		30		8		62		54		36		34		32		30		28		6		53		52		34		32		30		28		26		23		4		50		62		21		2		48		14		53		0		111		67		65		63		61		59		57		55		53		51		49		48		47		45		43		41		39		37		35		111		88		2		113		111		50		113		111		115		113		111		52		115		113		111		105		12		117		115		113		111		88		54		117		115		113		119		117		115		105		56		119		117		121		119		58		121		111		98		123		60		26		62		64		66		68		70		72		74		50		50		60		82		82		88
80		86		86		84		86		84		82		89		87		133		85		131		83		129		81		127		79		125		77		63		93		95		97		99		101		123		75		68		91		93		95		97		99		121		73		89		91		93		95		97		119		63		71		87		89		91		93		95		117		68		69		85		87		89		91		93		96		115		67		53		94		113		65		99		58		111		0		44		46		48		50		52		54		56		58		60		62		63		64		66		68		70		72		74		76		2		25		111		2		4		65		4		6		4		6		8		67		6		8		10		16		109		6		8		10		12		35		69		8		10		12		8		10		12		22		71		10		12		10		12		73		12		22		35		12		75		109		77		79		81		83		85		87		89		139		149		149		179		185		185
44		42		42		40		42		40		38		45		43		89		41		87		39		85		37		83		35		81		33		19		49		51		53		55		57		79		31		24		47		49		51		53		55		77		29		45		47		49		51		53		75		19		27		43		45		47		49		51		73		24		25		41		43		45		47		49		52		71		23		9		50		69		21		55		14		67		44		0		2		4		6		8		10		12		14		16		18		19		20		22		24		26		28		30		32		44		21		67		46		44		21		46		44		48		46		44		23		48		46		44		38		65		50		48		46		44		21		25		50		48		46		52		50		48		38		27		52		50		54		52		29		54		44		31		56		31		65		33		35		37		39		41		43		45		95		105		105		135		141		141
46		40		40		38		40		38		36		43		41		87		39		85		37		83		35		81		33		79		31		17		47		49		51		53		55		77		29		22		45		47		49		51		53		75		27		43		45		47		49		51		73		17		25		41		43		45		47		49		71		22		23		39		41		43		45		47		50		69		21		7		48		67		19		53		12		65		46		2		0		2		4		6		8		10		12		14		16		17		18		20		22		24		26		28		30		46		23		65		48		46		19		48		46		50		48		46		21		50		48		46		40		63		52		50		48		46		23		23		52		50		48		54		52		50		40		25		54		52		56		54		27		56		46		33		58		29		63		31		33		35		37		39		41		43		93		103		103		133		139		139
48		38		38		36		38		36		34		41		39		85		37		83		35		81		33		79		31		77		29		15		45		47		49		51		53		75		27		20		43		45		47		49		51		73		25		41		43		45		47		49		71		15		23		39		41		43		45		47		69		20		21		37		39		41		43		45		48		67		19		5		46		65		17		51		10		63		48		4		2		0		2		4		6		8		10		12		14		15		16		18		20		22		24		26		28		48		25		63		50		48		17		50		48		52		50		48		19		52		50		48		42		61		54		52		50		48		25		21		54		52		50		56		54		52		42		23		56		54		58		56		25		58		48		35		60		27		61		29		31		33		35		37		39		41		91		101		101		131		137		137
50		40		38		38		36		36		36		39		37		83		35		81		33		79		31		77		29		75		27		13		43		45		47		49		51		73		25		18		41		43		45		47		49		71		23		39		41		43		45		47		69		13		21		37		39		41		43		45		67		18		19		35		37		39		41		43		46		65		17		3		44		63		15		49		8		61		50		6		4		2		0		2		4		6		8		10		12		13		14		16		18		20		22		24		26		50		27		61		52		50		15		52		50		54		52		50		17		54		52		50		44		59		56		54		52		50		27		19		56		54		52		58		56		54		44		21		58		56		60		58		23		60		50		37		62		25		59		27		29		31		33		35		37		39		89		99		99		129		135		135
52		42		40		40		38		38		38		37		35		81		33		79		31		77		29		75		27		73		25		15		41		43		45		47		49		71		23		16		39		41		43		45		47		69		21		37		39		41		43		45		67		11		19		35		37		39		41		43		65		16		17		33		35		37		39		41		44		63		15		5		42		61		13		47		6		59		52		8		6		4		2		0		2		4		6		8		10		11		12		14		16		18		20		22		24		52		29		59		54		52		13		54		52		56		54		52		15		56		54		52		46		57		58		56		54		52		29		17		58		56		54		60		58		56		46		19		60		58		62		60		21		62		52		39		64		23		57		25		27		29		31		33		35		37		87		97		97		127		133		133
54		44		42		42		40		40		40		35		33		79		31		77		29		75		27		73		25		71		23		17		39		41		43		45		47		69		21		14		37		39		41		43		45		67		19		35		37		39		41		43		65		9		17		33		35		37		39		41		63		14		15		31		33		35		37		39		42		61		13		7		40		59		11		45		4		57		54		10		8		6		4		2		0		2		4		6		8		9		10		12		14		16		18		20		22		54		31		57		56		54		11		56		54		58		56		54		13		58		56		54		48		55		60		58		56		54		31		15		60		58		56		62		60		58		48		17		62		60		64		62		19		64		54		41		66		21		55		23		25		27		29		31		33		35		85		95		95		125		131		131
56		46		44		44		42		42		42		33		31		77		29		75		27		73		25		71		23		69		21		19		37		39		41		43		45		67		19		12		35		37		39		41		43		65		17		33		35		37		39		41		63		9		15		31		33		35		37		39		61		12		13		29		31		33		35		37		40		59		11		9		38		57		9		43		2		55		56		12		10		8		6		4		2		0		2		4		6		7		8		10		12		14		16		18		20		56		33		55		58		56		9		58		56		60		58		56		11		60		58		56		50		53		62		60		58		56		33		13		62		60		58		64		62		60		50		15		64		62		66		64		17		66		56		43		68		19		53		21		23		25		27		29		31		33		83		93		93		123		129		129
58		48		46		46		44		44		44		31		29		75		27		73		25		71		23		69		21		67		19		21		35		37		39		41		43		65		17		12		33		35		37		39		41		63		15		31		33		35		37		39		61		11		13		29		31		33		35		37		59		10		11		27		29		31		33		35		38		57		9		11		36		55		7		41		2		53		58		14		12		10		8		6		4		2		0		2		4		5		6		8		10		12		14		16		18		58		35		53		60		58		7		60		58		62		60		58		9		62		60		58		52		51		64		62		60		58		35		11		64		62		60		66		64		62		52		13		66		64		68		66		15		68		58		45		70		17		51		19		21		23		25		27		29		31		81		91		91		121		127		127
60		50		48		48		46		46		46		29		27		73		25		71		23		69		21		67		19		65		17		23		33		35		37		39		41		63		15		14		31		33		35		37		39		61		13		29		31		33		35		37		59		13		11		27		29		31		33		35		57		8		9		25		27		29		31		33		36		55		7		13		34		53		5		39		4		51		60		16		14		12		10		8		6		4		2		0		2		3		4		6		8		10		12		14		16		60		37		51		62		60		5		62		60		64		62		60		7		64		62		60		54		49		66		64		62		60		37		9		66		64		62		68		66		64		54		11		68		66		70		68		13		70		60		47		72		15		49		17		19		21		23		25		27		29		79		89		89		119		125		125
62		52		50		50		48		48		48		27		25		71		23		69		21		67		19		65		17		63		15		25		31		33		35		37		39		61		13		16		29		31		33		35		37		59		11		27		29		31		33		35		57		15		9		25		27		29		31		33		55		6		7		23		25		27		29		31		34		53		5		15		32		51		3		37		6		49		62		18		16		14		12		10		8		6		4		2		0		1		2		4		6		8		10		12		14		62		39		49		64		62		3		64		62		66		64		62		5		66		64		62		56		47		68		66		64		62		39		7		68		66		64		70		68		66		56		9		70		68		72		70		11		72		62		49		74		13		47		15		17		19		21		23		25		27		77		87		87		117		123		123
63		53		51		51		49		49		49		26		24		70		22		68		20		66		18		64		16		62		14		26		30		32		34		36		38		60		12		17		28		30		32		34		36		58		10		26		28		30		32		34		56		16		8		24		26		28		30		32		54		7		6		22		24		26		28		30		33		52		4		16		31		50		2		36		7		48		63		19		17		15		13		11		9		7		5		3		1		0		1		3		5		7		9		11		13		63		40		48		65		63		2		65		63		67		65		63		4		67		65		63		57		46		69		67		65		63		40		6		69		67		65		71		69		67		57		8		71		69		73		71		10		73		63		50		75		12		46		14		16		18		20		22		24		26		76		86		86		116		122		122
64		54		52		52		50		50		50		27		25		69		23		67		21		65		19		63		17		61		15		27		29		31		33		35		37		59		13		18		27		29		31		33		35		57		11		25		27		29		31		33		55		17		9		23		25		27		29		31		53		8		7		21		23		25		27		29		32		51		5		17		30		49		3		35		8		47		64		20		18		16		14		12		10		8		6		4		2		1		0		2		4		6		8		10		12		64		41		47		66		64		3		66		64		68		66		64		5		68		66		64		58		45		70		68		66		64		41		7		70		68		66		72		70		68		58		9		72		70		74		72		11		74		64		51		76		13		45		15		17		19		21		23		25		27		75		85		85		115		121		121
66		56		54		54		52		52		52		29		27		67		25		65		23		63		21		61		19		59		17		29		27		29		31		33		35		57		15		20		25		27		29		31		33		55		13		23		25		27		29		31		53		19		11		21		23		25		27		29		51		10		9		19		21		23		25		27		30		49		7		19		28		47		5		33		10		45		66		22		20		18		16		14		12		10		8		6		4		3		2		0		2		4		6		8		10		66		43		45		68		66		5		68		66		70		68		66		7		70		68		66		60		43		72		70		68		66		43		9		72		70		68		74		72		70		60		11		74		72		76		74		13		76		66		53		78		15		43		17		19		21		23		25		27		29		73		83		83		113		119		119
68		58		56		56		54		54		54		31		29		65		27		63		25		61		23		59		21		57		19		31		25		27		29		31		33		55		17		22		23		25		27		29		31		53		15		21		23		25		27		29		51		21		13		19		21		23		25		27		49		12		11		17		19		21		23		25		28		47		9		21		26		45		7		31		12		43		68		24		22		20		18		16		14		12		10		8		6		5		4		2		0		2		4		6		8		68		45		43		70		68		7		70		68		72		70		68		9		72		70		68		62		41		74		72		70		68		45		11		74		72		70		76		74		72		62		13		76		74		78		76		15		78		68		55		80		17		41		19		21		23		25		27		29		31		71		81		81		111		117		117
70		60		58		58		56		56		56		33		31		63		29		61		27		59		25		57		23		55		21		33		23		25		27		29		31		53		19		24		21		23		25		27		29		51		17		19		21		23		25		27		49		23		15		17		19		21		23		25		47		14		13		15		17		19		21		23		26		45		11		23		24		43		9		29		14		41		70		26		24		22		20		18		16		14		12		10		8		7		6		4		2		0		2		4		6		70		47		41		72		70		9		72		70		74		72		70		11		74		72		70		64		39		76		74		72		70		47		13		76		74		72		78		76		74		64		15		78		76		80		78		17		80		70		57		82		19		39		21		23		25		27		29		31		33		69		79		79		109		115		115
72		62		60		60		58		58		58		35		33		61		31		59		29		57		27		55		25		53		23		35		21		23		25		27		29		51		21		26		19		21		23		25		27		49		19		17		19		21		23		25		47		25		17		15		17		19		21		23		45		16		15		13		15		17		19		21		24		43		13		25		22		41		11		27		16		39		72		28		26		24		22		20		18		16		14		12		10		9		8		6		4		2		0		2		4		72		49		39		74		72		11		74		72		76		74		72		13		76		74		72		66		37		78		76		74		72		49		15		78		76		74		80		78		76		66		17		80		78		82		80		19		82		72		59		84		21		37		23		25		27		29		31		33		35		67		77		77		107		113		113
74		64		62		62		60		60		60		37		35		59		33		57		31		55		29		53		27		51		25		37		19		21		23		25		27		49		23		28		17		19		21		23		25		47		21		15		17		19		21		23		45		27		19		13		15		17		19		21		43		18		17		11		13		15		17		19		22		41		15		27		20		39		13		25		18		37		74		30		28		26		24		22		20		18		16		14		12		11		10		8		6		4		2		0		2		74		51		37		76		74		13		76		74		78		76		74		15		78		76		74		68		35		80		78		76		74		51		17		80		78		76		82		80		78		68		19		82		80		84		82		21		84		74		61		86		23		35		25		27		29		31		33		35		37		65		75		75		105		111		111
76		66		64		64		62		62		62		39		37		57		35		55		33		53		31		51		29		49		27		39		17		19		21		23		25		47		25		30		15		17		19		21		23		45		23		13		15		17		19		21		43		29		21		11		13		15		17		19		41		20		19		9		11		13		15		17		20		39		17		29		18		37		15		23		20		35		76		32		30		28		26		24		22		20		18		16		14		13		12		10		8		6		4		2		0		76		53		35		78		76		15		78		76		80		78		76		17		80		78		76		70		33		82		80		78		76		53		19		82		80		78		84		82		80		70		21		84		82		86		84		23		86		76		63		88		25		33		27		29		31		33		35		37		39		63		73		73		103		109		109
80		86		86		84		86		84		82		89		87		133		85		131		83		129		81		127		79		125		77		63		93		95		97		99		101		123		75		68		91		93		95		97		99		121		73		89		91		93		95		97		119		63		71		87		89		91		93		95		117		68		69		85		87		89		91		93		96		115		67		53		94		113		65		99		58		111		2		44		46		48		50		52		54		56		58		60		62		63		64		66		68		70		72		74		76		0		23		109		2		2		63		2		4		4		4		6		65		4		6		8		14		107		6		6		8		10		33		67		6		8		10		8		8		10		20		69		8		10		10		10		71		10		20		33		12		73		107		75		77		79		81		83		85		87		137		147		147		177		183		183
57		63		63		61		63		61		59		66		64		110		62		108		60		106		58		104		56		102		54		40		70		72		74		76		78		100		52		45		68		70		72		74		76		98		50		66		68		70		72		74		96		40		48		64		66		68		70		72		94		45		46		62		64		66		68		70		73		92		44		30		71		90		42		76		35		88		25		21		23		25		27		29		31		33		35		37		39		40		41		43		45		47		49		51		53		23		0		86		25		23		40		25		23		27		25		23		42		27		25		23		17		84		29		27		25		23		10		44		29		27		25		31		29		27		17		46		31		29		33		31		48		33		23		10		35		50		84		52		54		56		58		60		62		64		114		124		124		154		160		160
111		101		99		99		97		97		97		74		72		24		70		22		68		20		66		18		64		16		62		74		44		42		40		38		36		14		60		65		42		40		38		36		34		12		58		40		38		36		34		32		10		64		56		38		36		34		32		30		8		55		54		36		34		32		30		28		25		6		52		64		23		4		50		16		55		2		111		67		65		63		61		59		57		55		53		51		49		48		47		45		43		41		39		37		35		109		86		0		111		109		48		111		109		113		111		109		50		113		111		109		103		10		115		113		111		109		86		52		115		113		111		117		115		113		103		54		117		115		119		117		56		119		109		96		121		58		24		60		62		64		66		68		70		72		48		48		58		80		80		86
82		88		88		86		88		86		84		91		89		135		87		133		85		131		83		129		81		127		79		65		95		97		99		101		103		125		77		70		93		95		97		99		101		123		75		91		93		95		97		99		121		65		73		89		91		93		95		97		119		70		71		87		89		91		93		95		98		117		69		55		96		115		67		101		60		113		2		46		48		50		52		54		56		58		60		62		64		65		66		68		70		72		74		76		78		2		25		111		0		2		63		2		4		2		4		6		65		4		6		8		14		107		4		6		8		10		33		67		6		8		10		6		8		10		20		69		8		10		8		10		71		10		20		33		10		73		107		75		77		79		81		83		85		87		137		147		147		177		183		183
80		86		86		84		86		84		82		89		87		133		85		131		83		129		81		127		79		125		77		63		93		95		97		99		101		123		75		68		91		93		95		97		99		121		73		89		91		93		95		97		119		63		71		87		89		91		93		95		117		68		69		85		87		89		91		93		96		115		67		53		94		113		65		99		58		111		4		44		46		48		50		52		54		56		58		60		62		63		64		66		68		70		72		74		76		2		23		109		2		0		61		2		2		4		2		4		63		4		4		6		12		105		6		4		6		8		31		65		6		6		8		8		6		8		18		67		8		8		10		8		69		10		18		31		12		71		105		73		75		77		79		81		83		85		135		145		145		175		181		181
65		55		53		53		51		51		51		28		26		72		24		70		22		68		20		66		18		64		16		28		32		34		36		38		40		62		14		19		30		32		34		36		38		60		12		28		30		32		34		36		58		18		10		26		28		30		32		34		56		9		8		24		26		28		30		32		35		54		6		18		33		52		4		38		9		50		65		21		19		17		15		13		11		9		7		5		3		2		3		5		7		9		11		13		15		63		40		48		63		61		0		63		61		65		63		61		2		65		63		61		55		44		67		65		63		61		38		4		67		65		63		69		67		65		55		6		69		67		71		69		8		71		61		48		73		10		44		12		14		16		18		20		22		24		74		84		84		114		120		120
82		88		88		86		88		86		84		91		89		135		87		133		85		131		83		129		81		127		79		65		95		97		99		101		103		125		77		70		93		95		97		99		101		123		75		91		93		95		97		99		121		65		73		89		91		93		95		97		119		70		71		87		89		91		93		95		98		117		69		55		96		115		67		101		60		113		4		46		48		50		52		54		56		58		60		62		64		65		66		68		70		72		74		76		78		2		25		111		2		2		63		0		2		2		2		4		63		2		4		6		12		105		4		4		6		8		31		65		4		6		8		6		6		8		18		67		6		8		8		8		69		8		18		31		10		71		105		73		75		77		79		81		83		85		135		145		145		175		181		181
80		86		86		84		86		84		82		89		87		133		85		131		83		129		81		127		79		125		77		63		93		95		97		99		101		123		75		68		91		93		95		97		99		121		73		89		91		93		95		97		119		63		71		87		89		91		93		95		117		68		69		85		87		89		91		93		96		115		67		53		94		113		65		99		58		111		6		44		46		48		50		52		54		56		58		60		62		63		64		66		68		70		72		74		76		4		23		109		4		2		61		2		0		4		2		2		61		4		2		4		10		103		6		4		4		6		29		63		6		4		6		8		6		6		16		65		8		6		10		8		67		10		16		29		12		69		103		71		73		75		77		79		81		83		133		143		143		173		179		179
84		90		90		88		90		88		86		93		91		137		89		135		87		133		85		131		83		129		81		67		97		99		101		103		105		127		79		72		95		97		99		101		103		125		77		93		95		97		99		101		123		67		75		91		93		95		97		99		121		72		73		89		91		93		95		97		100		119		71		57		98		117		69		103		62		115		4		48		50		52		54		56		58		60		62		64		66		67		68		70		72		74		76		78		80		4		27		113		2		4		65		2		4		0		2		4		63		2		4		6		12		105		2		4		6		8		31		65		4		6		8		4		6		8		18		67		6		8		6		8		69		8		18		31		8		71		105		73		75		77		79		81		83		85		135		145		145		175		181		181
82		88		88		86		88		86		84		91		89		135		87		133		85		131		83		129		81		127		79		65		95		97		99		101		103		125		77		70		93		95		97		99		101		123		75		91		93		95		97		99		121		65		73		89		91		93		95		97		119		70		71		87		89		91		93		95		98		117		69		55		96		115		67		101		60		113		6		46		48		50		52		54		56		58		60		62		64		65		66		68		70		72		74		76		78		4		25		111		4		2		63		2		2		2		0		2		61		2		2		4		10		103		4		2		4		6		29		63		4		4		6		6		4		6		16		65		6		6		8		6		67		8		16		29		10		69		103		71		73		75		77		79		81		83		133		143		143		173		179		179
80		86		86		84		86		84		82		89		87		133		85		131		83		129		81		127		79		125		77		63		93		95		97		99		101		123		75		68		91		93		95		97		99		121		73		89		91		93		95		97		119		63		71		87		89		91		93		95		117		68		69		85		87		89		91		93		96		115		67		53		94		113		65		99		58		111		8		44		46		48		50		52		54		56		58		60		62		63		64		66		68		70		72		74		76		6		23		109		6		4		61		4		2		4		2		0		59		4		2		2		8		101		6		4		2		4		27		61		6		4		4		8		6		4		14		63		8		6		10		8		65		10		14		27		12		67		101		69		71		73		75		77		79		81		131		141		141		171		177		177
67		57		55		55		53		53		53		30		28		74		26		72		24		70		22		68		20		66		18		30		34		36		38		40		42		64		16		21		32		34		36		38		40		62		14		30		32		34		36		38		60		20		12		28		30		32		34		36		58		11		10		26		28		30		32		34		37		56		8		20		35		54		6		40		11		52		67		23		21		19		17		15		13		11		9		7		5		4		5		7		9		11		13		15		17		65		42		50		65		63		2		63		61		63		61		59		0		63		61		59		53		42		65		63		61		59		36		2		65		63		61		67		65		63		53		4		67		65		69		67		6		69		59		46		71		8		42		10		12		14		16		18		20		22		72		82		82		112		118		118
84		90		90		88		90		88		86		93		91		137		89		135		87		133		85		131		83		129		81		67		97		99		101		103		105		127		79		72		95		97		99		101		103		125		77		93		95		97		99		101		123		67		75		91		93		95		97		99		121		72		73		89		91		93		95		97		100		119		71		57		98		117		69		103		62		115		6		48		50		52		54		56		58		60		62		64		66		67		68		70		72		74		76		78		80		4		27		113		4		4		65		2		4		2		2		4		63		0		2		4		10		103		2		2		4		6		29		63		2		4		6		4		4		6		16		65		4		6		6		6		67		6		16		29		8		69		103		71		73		75		77		79		81		83		133		143		143		173		179		179
82		88		88		86		88		86		84		91		89		135		87		133		85		131		83		129		81		127		79		65		95		97		99		101		103		125		77		70		93		95		97		99		101		123		75		91		93		95		97		99		121		65		73		89		91		93		95		97		119		70		71		87		89		91		93		95		98		117		69		55		96		115		67		101		60		113		8		46		48		50		52		54		56		58		60		62		64		65		66		68		70		72		74		76		78		6		25		111		6		4		63		4		2		4		2		2		61		2		0		2		8		101		4		2		2		4		27		61		4		2		4		6		4		4		14		63		6		4		8		6		65		8		14		27		10		67		101		69		71		73		75		77		79		81		131		141		141		171		177		177
80		86		86		84		86		84		82		89		87		133		85		131		83		129		81		127		79		125		77		63		93		95		97		99		101		123		75		68		91		93		95		97		99		121		73		89		91		93		95		97		119		63		71		87		89		91		93		95		117		68		69		85		87		89		91		93		96		115		67		53		94		113		65		99		58		111		10		44		46		48		50		52		54		56		58		60		62		63		64		66		68		70		72		74		76		8		23		109		8		6		61		6		4		6		4		2		59		4		2		0		6		99		6		4		2		2		25		59		6		4		2		8		6		4		12		61		8		6		10		8		63		10		12		25		12		65		99		67		69		71		73		75		77		79		129		139		139		169		175		175
74		80		80		78		80		78		76		83		81		127		79		125		77		123		75		121		73		119		71		57		87		89		91		93		95		117		69		62		85		87		89		91		93		115		67		83		85		87		89		91		113		57		65		81		83		85		87		89		111		62		63		79		81		83		85		87		90		109		61		47		88		107		59		93		52		105		16		38		40		42		44		46		48		50		52		54		56		57		58		60		62		64		66		68		70		14		17		103		14		12		55		12		10		12		10		8		53		10		8		6		0		93		12		10		8		6		19		53		12		10		8		14		12		10		6		55		14		12		16		14		57		16		6		19		18		59		93		61		63		65		67		69		71		73		123		133		133		163		169		169
109		99		97		97		95		95		95		72		70		34		68		32		66		30		64		28		62		26		60		72		42		40		38		36		34		24		58		63		40		38		36		34		32		22		56		38		36		34		32		30		20		62		54		36		34		32		30		28		18		53		52		34		32		30		28		26		23		16		50		62		21		14		48		14		53		12		109		65		63		61		59		57		55		53		51		49		47		46		45		43		41		39		37		35		33		107		84		10		107		105		44		105		103		105		103		101		42		103		101		99		93		0		105		103		101		99		76		42		105		103		101		107		105		103		93		44		107		105		109		107		46		109		99		86		111		48		14		50		52		54		56		58		60		62		38		40		48		70		76		76
86		92		92		90		92		90		88		95		93		139		91		137		89		135		87		133		85		131		83		69		99		101		103		105		107		129		81		74		97		99		101		103		105		127		79		95		97		99		101		103		125		69		77		93		95		97		99		101		123		74		75		91		93		95		97		99		102		121		73		59		100		119		71		105		64		117		6		50		52		54		56		58		60		62		64		66		68		69		70		72		74		76		78		80		82		6		29		115		4		6		67		4		6		2		4		6		65		2		4		6		12		105		0		2		4		6		29		63		2		4		6		2		4		6		16		65		4		6		4		6		67		6		16		29		6		69		103		71		73		75		77		79		81		83		133		143		143		173		179		179
84		90		90		88		90		88		86		93		91		137		89		135		87		133		85		131		83		129		81		67		97		99		101		103		105		127		79		72		95		97		99		101		103		125		77		93		95		97		99		101		123		67		75		91		93		95		97		99		121		72		73		89		91		93		95		97		100		119		71		57		98		117		69		103		62		115		8		48		50		52		54		56		58		60		62		64		66		67		68		70		72		74		76		78		80		6		27		113		6		4		65		4		4		4		2		4		63		2		2		4		10		103		2		0		2		4		27		61		2		2		4		4		2		4		14		63		4		4		6		4		65		6		14		27		8		67		101		69		71		73		75		77		79		81		131		141		141		171		177		177
82		88		88		86		88		86		84		91		89		135		87		133		85		131		83		129		81		127		79		65		95		97		99		101		103		125		77		70		93		95		97		99		101		123		75		91		93		95		97		99		121		65		73		89		91		93		95		97		119		70		71		87		89		91		93		95		98		117		69		55		96		115		67		101		60		113		10		46		48		50		52		54		56		58		60		62		64		65		66		68		70		72		74		76		78		8		25		111		8		6		63		6		4		6		4		2		61		4		2		2		8		101		4		2		0		2		25		59		4		2		2		6		4		2		12		61		6		4		8		6		63		8		12		25		10		65		99		67		69		71		73		75		77		79		129		139		139		169		175		175
80		86		86		84		86		84		82		89		87		133		85		131		83		129		81		127		79		125		77		63		93		95		97		99		101		123		75		68		91		93		95		97		99		121		73		89		91		93		95		97		119		63		71		87		89		91		93		95		117		68		69		85		87		89		91		93		96		115		67		53		94		113		65		99		58		111		12		44		46		48		50		52		54		56		58		60		62		63		64		66		68		70		72		74		76		10		23		109		10		8		61		8		6		8		6		4		59		6		4		2		6		99		6		4		2		0		23		57		6		4		2		8		6		4		10		59		8		6		10		8		61		10		10		23		12		63		97		65		67		69		71		73		75		77		127		137		137		167		173		173
57		63		63		61		63		61		59		66		64		110		62		108		60		106		58		104		56		102		54		40		70		72		74		76		78		100		52		45		68		70		72		74		76		98		50		66		68		70		72		74		96		40		48		64		66		68		70		72		94		45		46		62		64		66		68		70		73		92		44		30		71		90		42		76		35		88		35		21		23		25		27		29		31		33		35		37		39		40		41		43		45		47		49		51		53		33		10		86		33		31		38		31		29		31		29		27		36		29		27		25		19		76		29		27		25		23		0		34		29		27		25		31		29		27		17		36		31		29		33		31		38		33		23		10		35		40		74		42		44		46		48		50		52		54		104		114		114		144		150		150
69		59		57		57		55		55		55		32		30		76		28		74		26		72		24		70		22		68		20		32		36		38		40		42		44		66		18		23		34		36		38		40		42		64		16		32		34		36		38		40		62		22		14		30		32		34		36		38		60		13		12		28		30		32		34		36		39		58		10		22		37		56		8		42		13		54		69		25		23		21		19		17		15		13		11		9		7		6		7		9		11		13		15		17		19		67		44		52		67		65		4		65		63		65		63		61		2		63		61		59		53		42		63		61		59		57		34		0		63		61		59		65		63		61		51		2		65		63		67		65		4		67		57		44		69		6		40		8		10		12		14		16		18		20		70		80		80		110		116		116
86		92		92		90		92		90		88		95		93		139		91		137		89		135		87		133		85		131		83		69		99		101		103		105		107		129		81		74		97		99		101		103		105		127		79		95		97		99		101		103		125		69		77		93		95		97		99		101		123		74		75		91		93		95		97		99		102		121		73		59		100		119		71		105		64		117		8		50		52		54		56		58		60		62		64		66		68		69		70		72		74		76		78		80		82		6		29		115		6		6		67		4		6		4		4		6		65		2		4		6		12		105		2		2		4		6		29		63		0		2		4		2		2		4		14		63		2		4		4		4		65		4		14		27		6		67		101		69		71		73		75		77		79		81		131		141		141		171		177		177
84		90		90		88		90		88		86		93		91		137		89		135		87		133		85		131		83		129		81		67		97		99		101		103		105		127		79		72		95		97		99		101		103		125		77		93		95		97		99		101		123		67		75		91		93		95		97		99		121		72		73		89		91		93		95		97		100		119		71		57		98		117		69		103		62		115		10		48		50		52		54		56		58		60		62		64		66		67		68		70		72		74		76		78		80		8		27		113		8		6		65		6		4		6		4		4		63		4		2		4		10		103		4		2		2		4		27		61		2		0		2		4		2		2		12		61		4		2		6		4		63		6		12		25		8		65		99		67		69		71		73		75		77		79		129		139		139		169		175		175
82		88		88		86		88		86		84		91		89		135		87		133		85		131		83		129		81		127		79		65		95		97		99		101		103		125		77		70		93		95		97		99		101		123		75		91		93		95		97		99		121		65		73		89		91		93		95		97		119		70		71		87		89		91		93		95		98		117		69		55		96		115		67		101		60		113		12		46		48		50		52		54		56		58		60		62		64		65		66		68		70		72		74		76		78		10		25		111		10		8		63		8		6		8		6		4		61		6		4		2		8		101		6		4		2		2		25		59		4		2		0		6		4		2		10		59		6		4		8		6		61		8		10		23		10		63		97		65		67		69		71		73		75		77		127		137		137		167		173		173
88		94		94		92		94		92		90		97		95		141		93		139		91		137		89		135		87		133		85		71		101		103		105		107		109		131		83		76		99		101		103		105		107		129		81		97		99		101		103		105		127		71		79		95		97		99		101		103		125		76		77		93		95		97		99		101		104		123		75		61		102		121		73		107		66		119		8		52		54		56		58		60		62		64		66		68		70		71		72		74		76		78		80		82		84		8		31		117		6		8		69		6		8		4		6		8		67		4		6		8		14		107		2		4		6		8		31		65		2		4		6		0		2		4		14		63		2		4		2		4		65		4		14		27		4		67		101		69		71		73		75		77		79		81		131		141		141		171		177		177
86		92		92		90		92		90		88		95		93		139		91		137		89		135		87		133		85		131		83		69		99		101		103		105		107		129		81		74		97		99		101		103		105		127		79		95		97		99		101		103		125		69		77		93		95		97		99		101		123		74		75		91		93		95		97		99		102		121		73		59		100		119		71		105		64		117		10		50		52		54		56		58		60		62		64		66		68		69		70		72		74		76		78		80		82		8		29		115		8		6		67		6		6		6		4		6		65		4		4		6		12		105		4		2		4		6		29		63		2		2		4		2		0		2		12		61		2		2		4		2		63		4		12		25		6		65		99		67		69		71		73		75		77		79		129		139		139		169		175		175
84		90		90		88		90		88		86		93		91		137		89		135		87		133		85		131		83		129		81		67		97		99		101		103		105		127		79		72		95		97		99		101		103		125		77		93		95		97		99		101		123		67		75		91		93		95		97		99		121		72		73		89		91		93		95		97		100		119		71		57		98		117		69		103		62		115		12		48		50		52		54		56		58		60		62		64		66		67		68		70		72		74		76		78		80		10		27		113		10		8		65		8		6		8		6		4		63		6		4		4		10		103		6		4		2		4		27		61		4		2		2		4		2		0		10		59		4		2		6		4		61		6		10		23		8		63		97		65		67		69		71		73		75		77		127		137		137		167		173		173
74		80		80		78		80		78		76		83		81		127		79		125		77		123		75		121		73		119		71		57		87		89		91		93		95		117		69		62		85		87		89		91		93		115		67		83		85		87		89		91		113		57		65		81		83		85		87		89		111		62		63		79		81		83		85		87		90		109		61		47		88		107		59		93		52		105		22		38		40		42		44		46		48		50		52		54		56		57		58		60		62		64		66		68		70		20		17		103		20		18		55		18		16		18		16		14		53		16		14		12		6		93		16		14		12		10		17		51		14		12		10		14		12		10		0		49		14		12		16		14		51		16		6		13		18		53		87		55		57		59		61		63		65		67		117		127		127		157		163		163
71		61		59		59		57		57		57		34		32		78		30		76		28		74		26		72		24		70		22		34		38		40		42		44		46		68		20		25		36		38		40		42		44		66		18		34		36		38		40		42		64		24		16		32		34		36		38		40		62		15		14		30		32		34		36		38		41		60		12		24		39		58		10		44		15		56		71		27		25		23		21		19		17		15		13		11		9		8		9		11		13		15		17		19		21		69		46		54		69		67		6		67		65		67		65		63		4		65		63		61		55		44		65		63		61		59		36		2		63		61		59		63		61		59		49		0		63		61		65		63		2		65		55		42		67		4		38		6		8		10		12		14		16		18		68		78		78		108		114		114
88		94		94		92		94		92		90		97		95		141		93		139		91		137		89		135		87		133		85		71		101		103		105		107		109		131		83		76		99		101		103		105		107		129		81		97		99		101		103		105		127		71		79		95		97		99		101		103		125		76		77		93		95		97		99		101		104		123		75		61		102		121		73		107		66		119		10		52		54		56		58		60		62		64		66		68		70		71		72		74		76		78		80		82		84		8		31		117		8		8		69		6		8		6		6		8		67		4		6		8		14		107		4		4		6		8		31		65		2		4		6		2		2		4		14		63		0		2		2		2		63		2		12		25		4		65		99		67		69		71		73		75		77		79		129		139		139		169		175		175
86		92		92		90		92		90		88		95		93		139		91		137		89		135		87		133		85		131		83		69		99		101		103		105		107		129		81		74		97		99		101		103		105		127		79		95		97		99		101		103		125		69		77		93		95		97		99		101		123		74		75		91		93		95		97		99		102		121		73		59		100		119		71		105		64		117		12		50		52		54		56		58		60		62		64		66		68		69		70		72		74		76		78		80		82		10		29		115		10		8		67		8		6		8		6		6		65		6		4		6		12		105		6		4		4		6		29		63		4		2		4		4		2		2		12		61		2		0		4		2		61		4		10		23		6		63		97		65		67		69		71		73		75		77		127		137		137		167		173		173
90		96		96		94		96		94		92		99		97		143		95		141		93		139		91		137		89		135		87		73		103		105		107		109		111		133		85		78		101		103		105		107		109		131		83		99		101		103		105		107		129		73		81		97		99		101		103		105		127		78		79		95		97		99		101		103		106		125		77		63		104		123		75		109		68		121		10		54		56		58		60		62		64		66		68		70		72		73		74		76		78		80		82		84		86		10		33		119		8		10		71		8		10		6		8		10		69		6		8		10		16		109		4		6		8		10		33		67		4		6		8		2		4		6		16		65		2		4		0		2		63		2		12		25		2		65		99		67		69		71		73		75		77		79		129		139		139		169		175		175
88		94		94		92		94		92		90		97		95		141		93		139		91		137		89		135		87		133		85		71		101		103		105		107		109		131		83		76		99		101		103		105		107		129		81		97		99		101		103		105		127		71		79		95		97		99		101		103		125		76		77		93		95		97		99		101		104		123		75		61		102		121		73		107		66		119		12		52		54		56		58		60		62		64		66		68		70		71		72		74		76		78		80		82		84		10		31		117		10		8		69		8		8		8		6		8		67		6		6		8		14		107		6		4		6		8		31		65		4		4		6		4		2		4		14		63		2		2		2		0		61		2		10		23		4		63		97		65		67		69		71		73		75		77		127		137		137		167		173		173
73		63		61		61		59		59		59		36		34		80		32		78		30		76		28		74		26		72		24		36		40		42		44		46		48		70		22		27		38		40		42		44		46		68		20		36		38		40		42		44		66		26		18		34		36		38		40		42		64		17		16		32		34		36		38		40		43		62		14		26		41		60		12		46		17		58		73		29		27		25		23		21		19		17		15		13		11		10		11		13		15		17		19		21		23		71		48		56		71		69		8		69		67		69		67		65		6		67		65		63		57		46		67		65		63		61		38		4		65		63		61		65		63		61		51		2		63		61		63		61		0		63		53		40		65		2		36		4		6		8		10		12		14		16		66		76		76		106		112		112
90		96		96		94		96		94		92		99		97		143		95		141		93		139		91		137		89		135		87		73		103		105		107		109		111		133		85		78		101		103		105		107		109		131		83		99		101		103		105		107		129		73		81		97		99		101		103		105		127		78		79		95		97		99		101		103		106		125		77		63		104		123		75		109		68		121		12		54		56		58		60		62		64		66		68		70		72		73		74		76		78		80		82		84		86		10		33		119		10		10		71		8		10		8		8		10		69		6		8		10		16		109		6		6		8		10		33		67		4		6		8		4		4		6		16		65		2		4		2		2		63		0		10		23		2		63		97		65		67		69		71		73		75		77		127		137		137		167		173		173
80		86		86		84		86		84		82		89		87		133		85		131		83		129		81		127		79		125		77		63		93		95		97		99		101		123		75		68		91		93		95		97		99		121		73		89		91		93		95		97		119		63		71		87		89		91		93		95		117		68		69		85		87		89		91		93		96		115		67		53		94		113		65		99		58		111		22		44		46		48		50		52		54		56		58		60		62		63		64		66		68		70		72		74		76		20		23		109		20		18		61		18		16		18		16		14		59		16		14		12		6		99		16		14		12		10		23		57		14		12		10		14		12		10		6		55		12		10		12		10		53		10		0		13		12		53		87		55		57		59		61		63		65		67		117		127		127		157		163		163
67		73		73		71		73		71		69		76		74		120		72		118		70		116		68		114		66		112		64		50		80		82		84		86		88		110		62		55		78		80		82		84		86		108		60		76		78		80		82		84		106		50		58		74		76		78		80		82		104		55		56		72		74		76		78		80		83		102		54		40		81		100		52		86		45		98		35		31		33		35		37		39		41		43		45		47		49		50		51		53		55		57		59		61		63		33		10		96		33		31		48		31		29		31		29		27		46		29		27		25		19		86		29		27		25		23		10		44		27		25		23		27		25		23		13		42		25		23		25		23		40		23		13		0		25		40		74		42		44		46		48		50		52		54		104		114		114		144		150		150
92		98		98		96		98		96		94		101		99		145		97		143		95		141		93		139		91		137		89		75		105		107		109		111		113		135		87		80		103		105		107		109		111		133		85		101		103		105		107		109		131		75		83		99		101		103		105		107		129		80		81		97		99		101		103		105		108		127		79		65		106		125		77		111		70		123		12		56		58		60		62		64		66		68		70		72		74		75		76		78		80		82		84		86		88		12		35		121		10		12		73		10		12		8		10		12		71		8		10		12		18		111		6		8		10		12		35		69		6		8		10		4		6		8		18		67		4		6		2		4		65		2		12		25		0		63		97		65		67		69		71		73		75		77		127		137		137		167		173		173
75		65		63		63		61		61		61		38		36		82		34		80		32		78		30		76		28		74		26		38		42		44		46		48		50		72		24		29		40		42		44		46		48		70		22		38		40		42		44		46		68		28		20		36		38		40		42		44		66		19		18		34		36		38		40		42		45		64		16		28		43		62		14		48		19		60		75		31		29		27		25		23		21		19		17		15		13		12		13		15		17		19		21		23		25		73		50		58		73		71		10		71		69		71		69		67		8		69		67		65		59		48		69		67		65		63		40		6		67		65		63		67		65		63		53		4		65		63		65		63		2		63		53		40		63		0		34		2		4		6		8		10		12		14		64		74		74		104		110		110
109		99		97		97		95		95		95		72		70		48		68		46		66		44		64		42		62		40		60		72		42		40		38		36		34		38		58		63		40		38		36		34		32		36		56		38		36		34		32		30		34		62		54		36		34		32		30		28		32		53		52		34		32		30		28		26		23		30		50		62		21		28		48		14		53		26		109		65		63		61		59		57		55		53		51		49		47		46		45		43		41		39		37		35		33		107		84		24		107		105		44		105		103		105		103		101		42		103		101		99		93		14		103		101		99		97		74		40		101		99		97		101		99		97		87		38		99		97		99		97		36		97		87		74		97		34		0		36		38		40		42		44		46		48		30		40		40		70		76		76
77		67		65		65		63		63		63		40		38		84		36		82		34		80		32		78		30		76		28		40		44		46		48		50		52		74		26		31		42		44		46		48		50		72		24		40		42		44		46		48		70		30		22		38		40		42		44		46		68		21		20		36		38		40		42		44		47		66		18		30		45		64		16		50		21		62		77		33		31		29		27		25		23		21		19		17		15		14		15		17		19		21		23		25		27		75		52		60		75		73		12		73		71		73		71		69		10		71		69		67		61		50		71		69		67		65		42		8		69		67		65		69		67		65		55		6		67		65		67		65		4		65		55		42		65		2		36		0		2		4		6		8		10		12		62		72		72		102		108		108
79		69		67		67		65		65		65		42		40		86		38		84		36		82		34		80		32		78		30		42		46		48		50		52		54		76		28		33		44		46		48		50		52		74		26		42		44		46		48		50		72		32		24		40		42		44		46		48		70		23		22		38		40		42		44		46		49		68		20		32		47		66		18		52		23		64		79		35		33		31		29		27		25		23		21		19		17		16		17		19		21		23		25		27		29		77		54		62		77		75		14		75		73		75		73		71		12		73		71		69		63		52		73		71		69		67		44		10		71		69		67		71		69		67		57		8		69		67		69		67		6		67		57		44		67		4		38		2		0		2		4		6		8		10		60		70		70		100		106		106
81		71		69		69		67		67		67		44		42		88		40		86		38		84		36		82		34		80		32		44		48		50		52		54		56		78		30		35		46		48		50		52		54		76		28		44		46		48		50		52		74		34		26		42		44		46		48		50		72		25		24		40		42		44		46		48		51		70		22		34		49		68		20		54		25		66		81		37		35		33		31		29		27		25		23		21		19		18		19		21		23		25		27		29		31		79		56		64		79		77		16		77		75		77		75		73		14		75		73		71		65		54		75		73		71		69		46		12		73		71		69		73		71		69		59		10		71		69		71		69		8		69		59		46		69		6		40		4		2		0		2		4		6		8		58		68		68		98		104		104
83		73		71		71		69		69		69		46		44		90		42		88		40		86		38		84		36		82		34		46		50		52		54		56		58		80		32		37		48		50		52		54		56		78		30		46		48		50		52		54		76		36		28		44		46		48		50		52		74		27		26		42		44		46		48		50		53		72		24		36		51		70		22		56		27		68		83		39		37		35		33		31		29		27		25		23		21		20		21		23		25		27		29		31		33		81		58		66		81		79		18		79		77		79		77		75		16		77		75		73		67		56		77		75		73		71		48		14		75		73		71		75		73		71		61		12		73		71		73		71		10		71		61		48		71		8		42		6		4		2		0		2		4		6		56		66		66		96		102		102
85		75		73		73		71		71		71		48		46		92		44		90		42		88		40		86		38		84		36		48		52		54		56		58		60		82		34		39		50		52		54		56		58		80		32		48		50		52		54		56		78		38		30		46		48		50		52		54		76		29		28		44		46		48		50		52		55		74		26		38		53		72		24		58		29		70		85		41		39		37		35		33		31		29		27		25		23		22		23		25		27		29		31		33		35		83		60		68		83		81		20		81		79		81		79		77		18		79		77		75		69		58		79		77		75		73		50		16		77		75		73		77		75		73		63		14		75		73		75		73		12		73		63		50		73		10		44		8		6		4		2		0		2		4		54		64		64		94		100		100
87		77		75		75		73		73		73		50		48		94		46		92		44		90		42		88		40		86		38		50		54		56		58		60		62		84		36		41		52		54		56		58		60		82		34		50		52		54		56		58		80		40		32		48		50		52		54		56		78		31		30		46		48		50		52		54		57		76		28		40		55		74		26		60		31		72		87		43		41		39		37		35		33		31		29		27		25		24		25		27		29		31		33		35		37		85		62		70		85		83		22		83		81		83		81		79		20		81		79		77		71		60		81		79		77		75		52		18		79		77		75		79		77		75		65		16		77		75		77		75		14		75		65		52		75		12		46		10		8		6		4		2		0		2		52		62		62		92		98		98
89		79		77		77		75		75		75		52		50		96		48		94		46		92		44		90		42		88		40		52		56		58		60		62		64		86		38		43		54		56		58		60		62		84		36		52		54		56		58		60		82		42		34		50		52		54		56		58		80		33		32		48		50		52		54		56		59		78		30		42		57		76		28		62		33		74		89		45		43		41		39		37		35		33		31		29		27		26		27		29		31		33		35		37		39		87		64		72		87		85		24		85		83		85		83		81		22		83		81		79		73		62		83		81		79		77		54		20		81		79		77		81		79		77		67		18		79		77		79		77		16		77		67		54		77		14		48		12		10		8		6		4		2		0		50		60		60		90		96		96
139		129		127		127		125		125		125		102		100		72		98		70		96		68		94		66		92		64		90		102		72		70		68		66		64		62		88		93		70		68		66		64		62		60		86		68		66		64		62		60		58		92		84		66		64		62		60		58		56		83		82		64		62		60		58		56		53		54		80		92		51		52		78		44		83		50		139		95		93		91		89		87		85		83		81		79		77		76		75		73		71		69		67		65		63		137		114		48		137		135		74		135		133		135		133		131		72		133		131		129		123		38		133		131		129		127		104		70		131		129		127		131		129		127		117		68		129		127		129		127		66		127		117		104		127		64		30		62		60		58		56		54		52		50		0		10		10		40		46		46
149		139		137		137		135		135		135		112		110		72		108		70		106		68		104		66		102		64		100		112		82		80		78		76		74		62		98		103		80		78		76		74		72		60		96		78		76		74		72		70		58		102		94		76		74		72		70		68		56		93		92		74		72		70		68		66		63		54		90		102		61		52		88		54		93		50		149		105		103		101		99		97		95		93		91		89		87		86		85		83		81		79		77		75		73		147		124		48		147		145		84		145		143		145		143		141		82		143		141		139		133		40		143		141		139		137		114		80		141		139		137		141		139		137		127		78		139		137		139		137		76		137		127		114		137		74		40		72		70		68		66		64		62		60		10		0		10		32		36		38
149		139		137		137		135		135		135		112		110		82		108		80		106		78		104		76		102		74		100		112		82		80		78		76		74		72		98		103		80		78		76		74		72		70		96		78		76		74		72		70		68		102		94		76		74		72		70		68		66		93		92		74		72		70		68		66		63		64		90		102		61		62		88		54		93		60		149		105		103		101		99		97		95		93		91		89		87		86		85		83		81		79		77		75		73		147		124		58		147		145		84		145		143		145		143		141		82		143		141		139		133		48		143		141		139		137		114		80		141		139		137		141		139		137		127		78		139		137		139		137		76		137		127		114		137		74		40		72		70		68		66		64		62		60		10		10		0		30		36		36
179		169		167		167		165		165		165		142		140		104		138		102		136		100		134		98		132		96		130		142		112		110		108		106		104		94		128		133		110		108		106		104		102		92		126		108		106		104		102		100		90		132		124		106		104		102		100		98		88		123		122		104		102		100		98		96		93		86		120		132		91		84		118		84		123		82		179		135		133		131		129		127		125		123		121		119		117		116		115		113		111		109		107		105		103		177		154		80		177		175		114		175		173		175		173		171		112		173		171		169		163		70		173		171		169		167		144		110		171		169		167		171		169		167		157		108		169		167		169		167		106		167		157		144		167		104		70		102		100		98		96		94		92		90		40		32		30		0		6		6
185		175		173		173		171		171		171		148		146		104		144		102		142		100		140		98		138		96		136		148		118		116		114		112		110		94		134		139		116		114		112		110		108		92		132		114		112		110		108		106		90		138		130		112		110		108		106		104		88		129		128		110		108		106		104		102		99		86		126		138		97		84		124		90		129		82		185		141		139		137		135		133		131		129		127		125		123		122		121		119		117		115		113		111		109		183		160		80		183		181		120		181		179		181		179		177		118		179		177		175		169		76		179		177		175		173		150		116		177		175		173		177		175		173		163		114		175		173		175		173		112		173		163		150		173		110		76		108		106		104		102		100		98		96		46		36		36		6		0		6
185		175		173		173		171		171		171		148		146		110		144		108		142		106		140		104		138		102		136		148		118		116		114		112		110		100		134		139		116		114		112		110		108		98		132		114		112		110		108		106		96		138		130		112		110		108		106		104		94		129		128		110		108		106		104		102		99		92		126		138		97		90		124		90		129		88		185		141		139		137		135		133		131		129		127		125		123		122		121		119		117		115		113		111		109		183		160		86		183		181		120		181		179		181		179		177		118		179		177		175		169		76		179		177		175		173		150		116		177		175		173		177		175		173		163		114		175		173		175		173		112		173		163		150		173		110		76		108		106		104		102		100		98		96		46		38		36		6		6		0
