120
0		216		43		73		85		117		169		172		117		43		123		196		35		104		150		86		52		192		106		225		160		85		55		159		48		111		55		176		117		126		125		210		152		172		136		120		110		86		152		4		91		8		144		136		52		37		73		165		144		47		52		150		148		86		167		117		56		160		87		64		62		137		115		127		126		82		144		89		55		49		141		88		4		46		35		52		120		79		33		24		53		50		133		25		121		101		127		123		35		86		91		38		138		126		94		35		95		108		83		87		98		108		111		67		109		83		76		175		82		163		125		27		81		64		103		176		176		218		40		126
216		0		173		143		131		99		59		44		119		173		93		20		181		112		66		130		164		32		110		9		56		131		173		57		168		105		161		40		99		90		91		10		64		44		80		96		112		130		64		220		125		214		72		80		164		179		143		51		72		169		164		66		68		130		49		99		160		56		129		152		154		79		101		89		90		134		72		127		161		169		75		128		212		170		181		164		96		137		183		200		163		166		83		207		95		115		89		93		195		130		127		178		78		90		122		197		121		108		133		129		118		108		105		149		107		133		140		41		134		53		93		189		135		152		113		40		40		2		176		90
43		173		0		30		42		74		126		129		120		4		90		153		32		61		107		43		41		149		65		182		117		74		58		116		9		76		16		133		74		83		82		167		109		129		93		87		113		87		109		47		86		41		101		93		53		36		70		122		101		14		9		107		105		43		124		74		29		117		44		23		19		94		72		84		83		61		101		46		36		46		98		91		39		15		26		9		77		36		10		27		46		19		90		34		78		58		84		80		38		57		94		41		95		83		51		38		52		65		50		44		83		97		70		24		66		58		45		132		39		120		94		16		56		21		60		133		133		175		31		83
73		143		30		0		26		60		96		99		128		30		98		123		40		61		77		49		33		119		57		152		87		66		66		86		25		84		24		103		44		67		52		137		79		99		63		95		121		95		79		77		94		71		71		63		61		44		78		92		71		26		21		77		75		23		94		66		21		87		14		15		27		64		64		54		53		69		71		22		44		38		78		99		69		27		38		21		61		6		40		57		38		23		60		64		48		28		60		50		52		65		102		49		65		53		21		54		22		39		42		14		75		105		62		30		36		66		53		102		9		90		102		46		48		9		58		103		103		145		39		53
85		131		42		26		0		34		84		87		102		42		72		111		50		35		65		23		59		107		83		140		75		92		42		74		37		58		30		91		70		41		50		125		71		87		51		69		95		69		67		89		68		83		59		51		35		48		52		80		59		38		33		65		69		3		82		40		47		75		12		41		23		52		38		42		41		43		59		4		30		64		56		73		81		39		50		33		87		26		52		69		64		37		48		76		48		32		42		38		64		39		76		47		53		41		33		66		46		23		68		32		101		79		88		18		36		40		27		90		23		78		76		58		74		29		32		91		91		133		45		67
117		99		74		60		34		0		52		55		68		74		38		79		82		13		33		31		93		75		117		108		87		126		74		52		69		24		62		59		104		9		84		93		105		55		81		35		61		35		35		121		34		115		49		71		65		80		44		58		27		70		65		35		103		37		50		6		81		97		46		75		55		34		4		58		11		35		91		38		62		98		24		39		113		71		82		65		121		60		84		101		98		71		76		108		82		66		10		50		96		31		42		79		61		73		67		98		80		21		102		66		135		45		122		50		70		34		41		58		57		64		42		90		108		63		14		87		71		101		77		101
169		59		126		96		84		52		0		53		64		126		46		39		134		65		19		83		117		27		125		56		95		134		126		60		121		58		114		43		112		43		92		49		113		63		89		49		59		83		25		173		78		167		57		79		117		132		96		66		25		122		117		43		111		83		40		52		113		105		82		105		107		42		54		66		43		87		99		80		114		122		28		81		165		123		134		117		129		90		136		153		116		119		84		160		90		74		42		58		148		83		80		131		69		81		75		150		88		61		110		82		143		61		130		102		78		86		93		46		87		72		44		142		116		105		66		95		79		61		129		109
172		44		129		99		87		55		53		0		113		129		83		24		137		68		40		86		120		26		72		53		42		87		129		13		124		69		117		10		59		52		47		38		60		10		36		80		106		86		28		176		81		170		28		36		120		135		99		13		30		125		120		22		58		86		13		55		116		52		85		108		110		35		57		45		46		90		46		83		117		125		63		84		168		126		137		120		76		93		139		156		119		122		39		163		51		71		45		49		151		86		87		134		34		46		78		153		77		64		89		85		90		90		77		105		63		89		96		7		90		19		87		145		91		108		69		42		26		46		132		56
117		119		120		128		102		68		64		113		0		124		30		99		88		67		73		79		161		87		185		120		155		194		62		120		111		44		104		103		172		61		152		109		173		123		149		33		7		33		85		115		34		125		117		139		67		84		50		126		83		134		123		103		171		105		100		62		149		165		114		143		101		102		64		126		79		59		159		106		84		166		50		29		117		135		146		115		189		128		126		93		166		139		144		96		150		134		68		118		84		63		26		79		129		141		135		86		148		89		170		134		203		23		190		98		138		62		75		106		125		132		26		134		176		131		70		155		139		121		89		169
43		173		4		30		42		74		126		129		124		0		94		153		36		61		107		45		37		149		63		182		117		70		62		116		13		80		20		133		74		83		82		167		109		129		93		91		117		91		109		47		90		41		101		93		57		40		74		122		101		10		9		107		105		43		124		74		25		117		44		21		23		94		72		84		83		65		101		46		40		42		98		95		39		11		22		9		77		36		10		31		42		15		90		34		78		58		84		80		42		61		98		45		95		83		51		42		52		65		46		44		79		101		68		26		66		62		49		132		39		120		98		16		52		21		60		133		133		175		35		83
123		93		90		98		72		38		46		83		30		94		0		73		88		37		43		49		131		69		155		102		125		164		80		90		81		14		74		73		142		31		122		87		143		93		119		3		23		37		55		127		32		121		87		109		71		86		50		96		53		104		93		73		141		75		70		32		119		135		84		113		71		72		34		96		49		41		129		76		68		136		20		35		119		105		116		85		159		98		96		107		136		109		114		114		120		104		38		88		102		37		34		85		99		111		105		104		118		59		140		104		173		15		160		68		108		40		47		76		95		102		4		104		146		101		40		125		109		95		83		139
196		20		153		123		111		79		39		24		99		153		73		0		161		92		46		110		144		12		90		29		56		111		153		37		148		85		141		20		79		70		71		14		74		24		60		76		92		110		44		200		105		194		52		60		144		159		123		31		52		149		144		46		72		110		29		79		140		66		109		132		134		59		81		69		70		114		60		107		141		149		55		108		192		150		161		144		90		117		163		180		143		146		63		187		75		95		69		73		175		110		107		158		58		70		102		177		101		88		113		109		104		88		91		129		87		113		120		21		114		33		73		169		115		132		93		56		40		22		156		70
35		181		32		40		50		82		134		137		88		36		88		161		0		69		115		51		73		157		97		190		125		106		26		124		23		76		20		141		84		91		90		175		117		137		101		85		81		55		117		39		56		37		109		101		21		4		38		130		109		46		35		115		113		51		132		82		61		125		52		55		27		102		80		92		91		47		109		54		20		78		106		59		31		47		58		27		101		44		38		19		78		51		98		26		86		66		92		88		14		51		62		9		103		91		59		16		60		73		82		52		115		73		102		32		74		48		41		140		47		128		90		46		88		43		68		141		141		183		5		91
104		112		61		61		35		13		65		68		67		61		37		92		69		0		46		18		94		88		118		121		88		127		61		55		56		23		49		72		105		22		85		106		106		68		82		34		60		34		48		108		33		102		50		72		52		67		31		61		40		67		56		46		104		38		63		13		82		98		47		76		42		35		11		59		22		22		92		39		49		99		37		38		100		68		79		52		122		61		71		88		99		72		77		95		83		67		23		51		83		18		41		66		62		74		68		85		81		22		103		67		136		44		123		37		71		21		28		71		58		65		41		77		109		64		3		88		72		114		64		102
150		66		107		77		65		33		19		40		73		107		43		46		115		46		0		64		98		42		112		75		82		121		107		47		102		39		95		30		99		24		79		60		100		50		76		40		66		64		12		154		59		148		44		66		98		113		77		53		10		103		98		30		98		64		27		33		94		92		63		86		88		29		35		53		24		68		86		61		95		103		23		62		146		104		115		98		116		71		117		134		97		100		71		141		77		61		23		45		129		64		61		112		56		68		62		131		75		42		97		63		130		50		117		83		65		67		74		33		68		59		47		123		103		86		47		82		66		68		110		96
86		130		43		49		23		31		83		86		79		45		49		110		51		18		64		0		82		106		106		139		76		115		43		73		38		35		31		90		93		40		73		124		94		86		70		46		72		46		66		90		45		84		58		60		34		49		29		79		58		55		44		64		92		26		81		31		70		86		35		64		24		51		29		47		40		20		80		27		31		87		55		50		82		56		67		36		110		49		53		70		87		60		65		77		71		55		41		39		65		16		53		48		52		62		56		67		69		22		91		55		124		56		111		19		59		17		10		89		46		77		53		59		97		52		17		90		90		132		46		90
52		164		41		33		59		93		117		120		161		37		131		144		73		94		98		82		0		140		54		173		108		33		99		107		50		117		57		124		65		100		73		158		100		120		84		128		154		128		100		56		127		50		92		84		94		77		111		113		92		27		38		98		96		56		115		99		12		108		47		18		60		85		97		75		82		102		92		55		77		5		111		132		48		26		17		46		68		33		35		68		5		22		81		69		69		49		93		71		79		98		135		82		86		74		42		79		43		72		31		35		46		138		59		63		57		99		86		123		36		111		135		27		29		30		91		124		124		166		72		74
192		32		149		119		107		75		27		26		87		149		69		12		157		88		42		106		140		0		98		33		68		107		149		33		144		81		137		16		85		66		67		22		86		36		62		72		82		106		40		196		101		190		48		56		140		155		119		39		48		145		140		42		84		106		25		75		136		78		105		128		130		55		77		65		66		110		72		103		137		145		51		104		188		146		157		140		102		113		159		176		139		142		59		183		71		91		65		69		171		106		103		154		54		66		98		173		97		84		109		105		116		84		103		125		83		109		116		19		110		45		67		165		111		128		89		68		52		34		152		82
106		110		65		57		83		117		125		72		185		63		155		90		97		118		112		106		54		98		0		119		54		21		123		65		74		141		81		82		13		124		33		104		46		66		36		152		178		152		100		110		151		104		68		46		118		101		135		59		102		59		62		82		42		80		85		123		50		54		71		42		84		83		121		59		106		126		38		79		101		59		135		156		102		60		71		70		14		57		73		92		53		56		41		97		35		51		117		67		103		122		159		106		56		44		50		103		37		96		23		51		18		162		5		87		47		123		110		79		60		57		159		79		25		54		115		70		70		112		96		20
225		9		182		152		140		108		56		53		120		182		102		29		190		121		75		139		173		33		119		0		65		140		182		66		177		114		170		49		108		99		100		15		73		53		89		105		115		139		73		229		134		223		81		89		173		188		152		60		81		178		173		75		77		139		58		108		169		65		138		161		163		88		110		98		99		143		81		136		170		178		84		137		221		179		190		173		105		146		192		209		172		175		92		216		104		124		98		102		204		139		136		187		87		99		131		206		130		117		142		138		127		117		114		158		116		142		149		50		143		62		100		198		144		161		122		49		49		7		185		99
160		56		117		87		75		87		95		42		155		117		125		56		125		88		82		76		108		68		54		65		0		75		117		35		112		111		105		52		43		94		35		50		18		32		24		122		148		122		70		164		121		158		38		24		108		123		105		29		72		113		108		52		16		74		55		93		104		10		73		96		98		53		91		33		76		96		16		71		105		113		105		126		156		114		125		108		40		81		127		144		107		110		27		151		39		59		87		37		139		92		129		122		26		34		66		141		65		66		77		73		62		132		49		93		51		93		84		49		78		23		129		133		79		96		85		16		16		58		120		34
85		131		74		66		92		126		134		87		194		70		164		111		106		127		121		115		33		107		21		140		75		0		132		74		83		150		90		91		32		133		42		125		67		87		51		161		187		161		109		89		160		83		77		55		127		110		144		80		111		60		71		91		63		89		94		132		45		75		80		51		93		92		130		68		115		135		59		88		110		38		144		165		81		59		50		79		35		66		68		101		32		55		50		102		44		60		126		76		112		131		168		115		65		53		59		112		46		105		24		60		13		171		26		96		56		132		119		90		69		78		168		60		18		63		124		91		91		133		105		41
55		173		58		66		42		74		126		129		62		62		80		153		26		61		107		43		99		149		123		182		117		132		0		116		49		68		42		133		110		83		90		167		111		129		93		77		67		43		109		53		48		63		101		93		9		22		30		122		101		72		61		107		109		43		124		74		87		117		52		81		39		94		72		84		83		39		101		46		22		104		98		45		55		73		84		53		127		66		64		31		104		77		90		34		88		72		84		80		22		43		46		17		95		83		73		24		86		65		108		72		141		65		128		36		76		40		33		132		63		120		82		72		114		69		60		133		133		175		27		107
159		57		116		86		74		52		60		13		120		116		90		37		124		55		47		73		107		33		65		66		35		74		116		0		111		76		104		17		52		59		34		51		53		13		29		87		113		87		35		163		86		157		15		23		107		122		86		6		37		112		107		17		51		73		20		58		103		45		72		95		97		22		56		32		41		77		39		70		104		112		70		91		155		113		124		107		69		80		126		143		106		109		26		150		38		58		52		36		138		73		94		121		21		33		65		140		64		51		76		72		83		97		70		92		50		76		83		16		77		12		94		132		78		95		56		35		19		59		119		49
48		168		9		25		37		69		121		124		111		13		81		148		23		56		102		38		50		144		74		177		112		83		49		111		0		67		7		128		69		78		77		162		104		124		88		78		104		78		104		52		77		46		96		88		44		27		61		117		96		23		12		102		100		38		119		69		38		112		39		32		14		89		67		79		78		52		96		41		27		55		93		82		44		24		35		4		78		31		15		32		55		28		85		39		73		53		79		75		29		48		85		32		90		78		46		29		47		60		59		39		92		88		79		19		61		49		36		127		34		115		85		23		65		20		55		128		128		170		22		78
111		105		76		84		58		24		58		69		44		80		14		85		76		23		39		35		117		81		141		114		111		150		68		76		67		0		60		65		128		17		108		99		129		79		105		11		37		25		41		115		20		109		73		95		59		74		38		82		39		90		79		59		127		61		56		18		105		121		70		99		57		58		20		82		35		29		115		62		56		122		30		23		107		91		102		71		145		84		82		95		122		95		100		102		106		90		24		74		90		25		22		73		85		97		91		92		104		45		126		90		159		21		146		54		94		28		35		64		81		88		18		90		132		87		26		111		95		107		71		125
55		161		16		24		30		62		114		117		104		20		74		141		20		49		95		31		57		137		81		170		105		90		42		104		7		60		0		121		68		71		70		155		97		117		81		71		97		71		97		59		70		53		89		81		37		20		54		110		89		30		19		95		93		31		112		62		45		105		32		39		7		82		60		72		71		45		89		34		20		62		86		75		51		31		42		11		85		24		22		39		62		35		78		46		66		46		72		68		34		41		78		25		83		71		39		36		44		53		66		32		99		81		86		12		54		42		29		120		27		108		78		30		72		27		48		121		121		163		15		71
176		40		133		103		91		59		43		10		103		133		73		20		141		72		30		90		124		16		82		49		52		91		133		17		128		65		121		0		69		50		51		34		70		20		46		70		96		90		24		180		85		174		32		40		124		139		103		23		32		129		124		26		68		90		9		59		120		62		89		112		114		39		61		49		50		94		56		87		121		129		53		88		172		130		141		124		86		97		143		160		123		126		43		167		55		75		49		53		155		90		87		138		38		50		82		157		81		68		93		89		100		80		87		109		67		93		100		3		94		29		77		149		95		112		73		52		36		42		136		66
117		99		74		44		70		104		112		59		172		74		142		79		84		105		99		93		65		85		13		108		43		32		110		52		69		128		68		69		0		111		20		93		35		55		23		139		165		139		87		121		138		115		55		33		105		88		122		48		89		70		65		69		31		67		72		110		61		43		58		53		71		70		108		46		93		113		27		66		88		70		122		143		113		71		82		65		17		44		84		101		64		67		28		108		22		38		104		54		96		109		146		93		43		31		37		98		24		83		34		38		31		149		18		74		34		110		97		66		47		46		146		90		36		53		102		59		59		101		83		9
126		90		83		67		41		9		43		52		61		83		31		70		91		22		24		40		100		66		124		99		94		133		83		59		78		17		71		50		111		0		91		84		112		62		88		28		54		40		26		130		35		124		56		78		74		89		53		65		22		79		74		42		110		44		41		9		88		104		53		82		64		41		11		65		18		44		98		45		71		105		15		38		122		80		91		74		128		67		93		110		105		78		83		117		89		73		7		57		105		40		37		88		68		80		74		107		87		28		109		73		142		38		129		59		77		43		50		49		64		71		35		99		115		70		23		94		78		92		86		108
125		91		82		52		50		84		92		47		152		82		122		71		90		85		79		73		73		67		33		100		35		42		90		34		77		108		70		51		20		91		0		85		27		47		11		119		145		119		67		129		118		123		35		13		85		88		102		40		69		78		73		49		23		47		52		90		69		35		38		61		63		50		88		26		73		93		19		46		70		78		102		123		121		79		90		73		37		46		92		109		72		75		8		116		4		24		84		34		104		89		126		87		23		11		31		106		30		63		42		38		51		129		38		58		16		90		77		50		43		38		126		98		44		61		82		51		51		93		85		17
210		10		167		137		125		93		49		38		109		167		87		14		175		106		60		124		158		22		104		15		50		125		167		51		162		99		155		34		93		84		85		0		64		38		74		90		102		124		58		214		119		208		66		74		158		173		137		45		66		163		158		60		62		124		43		93		154		56		123		146		148		73		95		83		84		128		66		121		155		163		69		122		206		164		175		158		90		131		177		194		157		160		77		201		89		109		83		87		189		124		121		172		72		84		116		191		115		102		127		123		112		102		99		143		101		127		134		35		128		47		85		183		129		146		107		46		34		12		170		84
152		64		109		79		71		105		113		60		173		109		143		74		117		106		100		94		100		86		46		73		18		67		111		53		104		129		97		70		35		112		27		64		0		50		24		140		166		140		88		156		139		150		56		34		106		115		123		47		90		105		100		70		4		68		73		111		96		8		65		88		90		71		109		47		94		114		14		67		97		105		123		144		148		106		117		100		32		73		119		136		99		102		29		143		31		51		105		55		131		110		147		114		44		32		58		133		57		84		69		65		54		150		41		85		43		111		98		67		70		41		147		125		71		88		103		24		34		66		112		26
172		44		129		99		87		55		63		10		123		129		93		24		137		68		50		86		120		36		66		53		32		87		129		13		124		79		117		20		55		62		47		38		50		0		36		90		116		90		38		176		89		170		28		36		120		135		99		7		40		125		120		22		48		86		23		61		116		42		85		108		110		35		59		45		46		90		36		83		117		125		73		94		168		126		137		120		66		93		139		156		119		122		39		163		51		71		55		49		151		86		97		134		34		46		78		153		77		64		89		85		80		100		67		105		63		89		96		17		90		9		97		145		91		108		69		32		16		46		132		46
136		80		93		63		51		81		89		36		149		93		119		60		101		82		76		70		84		62		36		89		24		51		93		29		88		105		81		46		23		88		11		74		24		36		0		116		142		116		64		140		115		134		32		10		84		99		99		29		66		89		84		46		22		50		49		87		80		24		49		72		74		47		85		23		70		90		10		47		81		89		99		120		132		90		101		84		40		57		103		120		83		86		5		127		15		35		81		31		115		86		123		98		20		10		42		117		41		60		53		49		54		126		41		69		27		87		74		43		54		27		123		109		55		72		79		40		40		82		96		20
120		96		87		95		69		35		49		80		33		91		3		76		85		34		40		46		128		72		152		105		122		161		77		87		78		11		71		70		139		28		119		90		140		90		116		0		26		34		52		124		29		118		84		106		68		83		47		93		50		101		90		70		138		72		67		29		116		132		81		110		68		69		31		93		46		38		126		73		65		133		21		32		116		102		113		82		156		95		93		104		133		106		111		111		117		101		35		85		99		34		31		82		96		108		102		101		115		56		137		101		170		12		157		65		105		37		44		73		92		99		7		101		143		98		37		122		106		98		80		136
110		112		113		121		95		61		59		106		7		117		23		92		81		60		66		72		154		82		178		115		148		187		67		113		104		37		97		96		165		54		145		102		166		116		142		26		0		26		78		114		27		118		110		132		60		77		43		119		76		127		116		96		164		98		93		55		142		158		107		136		94		95		57		119		72		52		152		99		77		159		43		22		110		128		139		108		182		121		119		94		159		132		137		101		143		127		61		111		89		56		21		72		122		134		128		91		141		82		163		127		196		16		183		91		131		55		68		99		118		125		19		127		169		124		63		148		132		114		82		162
86		130		87		95		69		35		83		86		33		91		37		110		55		34		64		46		128		106		152		139		122		161		43		87		78		25		71		90		139		40		119		124		140		90		116		34		26		0		66		90		5		92		84		106		34		51		17		93		58		101		90		70		138		72		81		31		116		132		81		110		68		69		31		93		46		26		126		73		51		133		55		4		84		102		113		82		156		95		93		70		133		106		111		77		117		101		41		85		65		30		7		48		96		108		102		67		115		56		137		101		170		22		157		65		105		29		42		89		92		99		39		101		143		98		37		122		106		132		56		136
152		64		109		79		67		35		25		28		85		109		55		44		117		48		12		66		100		40		100		73		70		109		109		35		104		41		97		24		87		26		67		58		88		38		64		52		78		66		0		156		61		150		32		54		100		115		79		41		8		105		100		18		86		66		15		35		96		80		65		88		90		17		37		41		26		70		74		63		97		105		35		64		148		106		117		100		104		73		119		136		99		102		59		143		65		51		25		33		131		66		63		114		44		56		58		133		63		44		85		65		118		62		105		85		53		69		76		23		70		47		59		125		91		88		49		70		54		66		112		84
4		220		47		77		89		121		173		176		115		47		127		200		39		108		154		90		56		196		110		229		164		89		53		163		52		115		59		180		121		130		129		214		156		176		140		124		114		90		156		0		95		10		148		140		56		41		77		169		148		51		56		154		152		90		171		121		60		164		91		68		66		141		119		131		130		86		148		93		59		51		145		92		8		50		39		56		124		83		37		22		57		54		137		23		125		105		131		127		33		90		93		42		142		130		98		33		99		112		87		91		102		112		115		71		113		87		80		179		86		167		129		31		85		68		107		180		180		222		44		130
91		125		86		94		68		34		78		81		34		90		32		105		56		33		59		45		127		101		151		134		121		160		48		86		77		20		70		85		138		35		118		119		139		89		115		29		27		5		61		95		0		91		83		105		39		54		18		92		53		100		89		69		137		71		76		28		115		131		80		109		67		68		30		92		45		25		125		72		50		132		50		5		87		101		112		81		155		94		92		75		132		105		110		82		116		100		36		84		70		29		8		53		95		107		101		72		114		55		136		100		169		17		156		64		104		28		41		84		91		98		34		100		142		97		36		121		105		127		55		135
8		214		41		71		83		115		167		170		125		41		121		194		37		102		148		84		50		190		104		223		158		83		63		157		46		109		53		174		115		124		123		208		150		170		134		118		118		92		150		10		91		0		142		134		58		41		75		163		142		45		50		148		146		84		165		115		54		158		85		62		60		135		113		125		124		80		142		87		53		45		139		96		8		44		33		50		118		77		31		32		51		48		131		33		119		99		125		121		43		84		99		46		136		124		92		43		93		106		81		85		96		106		109		65		107		81		74		173		80		161		123		25		79		62		101		174		174		216		38		124
144		72		101		71		59		49		57		28		117		101		87		52		109		50		44		58		92		48		68		81		38		77		101		15		96		73		89		32		55		56		35		66		56		28		32		84		110		84		32		148		83		142		0		22		92		107		71		21		34		97		92		14		54		58		23		55		88		48		57		80		82		15		53		17		38		62		42		55		89		97		67		88		140		98		109		92		72		65		111		128		91		94		27		135		33		43		49		21		123		58		91		106		12		24		50		125		49		36		61		57		86		94		73		77		35		61		68		31		62		19		91		117		63		80		47		38		32		74		104		52
136		80		93		63		51		71		79		36		139		93		109		60		101		72		66		60		84		56		46		89		24		55		93		23		88		95		81		40		33		78		13		74		34		36		10		106		132		106		54		140		105		134		22		0		84		99		89		29		56		89		84		36		32		50		39		77		80		26		49		72		74		37		75		13		60		80		20		47		81		89		89		110		132		90		101		84		50		57		103		120		83		86		5		127		15		35		71		21		115		76		113		98		10		10		42		117		41		50		53		49		64		116		51		69		27		77		64		39		54		27		113		109		55		72		69		40		40		82		96		30
52		164		53		61		35		65		117		120		67		57		71		144		21		52		98		34		94		140		118		173		108		127		9		107		44		59		37		124		105		74		85		158		106		120		84		68		60		34		100		56		39		58		92		84		0		17		21		113		92		67		56		98		104		38		115		65		82		108		47		76		34		85		63		75		74		30		92		39		17		99		89		38		50		68		79		48		122		61		59		36		99		72		81		43		83		67		75		71		31		34		41		14		86		74		68		33		81		56		103		67		136		56		123		31		71		31		24		123		58		111		73		67		109		64		51		124		124		166		22		102
37		179		36		44		48		80		132		135		84		40		86		159		4		67		113		49		77		155		101		188		123		110		22		122		27		74		20		139		88		89		88		173		115		135		99		83		77		51		115		41		54		41		107		99		17		0		36		128		107		50		39		113		111		49		130		80		65		123		50		59		25		100		78		90		89		45		107		52		18		82		104		55		33		51		62		31		105		44		42		21		82		55		96		28		84		64		90		86		16		49		58		5		101		89		57		18		64		71		86		50		119		71		106		30		72		46		39		138		45		126		88		50		92		47		66		139		139		181		5		89
73		143		70		78		52		44		96		99		50		74		50		123		38		31		77		29		111		119		135		152		105		144		30		86		61		38		54		103		122		53		102		137		123		99		99		47		43		17		79		77		18		75		71		89		21		36		0		92		71		84		73		77		121		55		94		44		99		115		64		93		51		64		42		76		53		9		109		56		34		116		68		21		69		85		96		65		139		78		76		57		116		89		94		64		100		84		54		68		52		13		24		35		79		91		85		54		98		39		120		84		153		35		140		48		88		12		25		102		75		90		52		84		126		81		30		105		103		145		39		119
165		51		122		92		80		58		66		13		126		122		96		31		130		61		53		79		113		39		59		60		29		80		122		6		117		82		110		23		48		65		40		45		47		7		29		93		119		93		41		169		92		163		21		29		113		128		92		0		43		118		113		23		45		79		26		64		109		39		78		101		103		28		62		38		47		83		33		76		110		118		76		97		161		119		130		113		63		86		132		149		112		115		32		156		44		64		58		42		144		79		100		127		27		39		71		146		70		57		82		78		77		103		64		98		56		82		89		20		83		6		100		138		84		101		62		29		13		53		125		43
144		72		101		71		59		27		25		30		83		101		53		52		109		40		10		58		92		48		102		81		72		111		101		37		96		39		89		32		89		22		69		66		90		40		66		50		76		58		8		148		53		142		34		56		92		107		71		43		0		97		92		20		88		58		23		27		88		82		57		80		82		19		29		43		18		62		76		55		89		97		33		56		140		98		109		92		106		65		111		128		91		94		61		135		67		51		17		35		123		58		57		106		46		58		52		125		65		36		87		57		120		60		107		77		55		61		68		31		62		49		57		117		93		80		41		72		56		74		104		86
47		169		14		26		38		70		122		125		134		10		104		149		46		67		103		55		27		145		59		178		113		60		72		112		23		90		30		129		70		79		78		163		105		125		89		101		127		101		105		51		100		45		97		89		67		50		84		118		97		0		11		103		101		39		120		72		15		113		40		17		33		90		70		80		79		75		97		42		50		32		94		105		43		1		12		19		73		32		14		41		32		5		86		42		74		54		80		76		52		71		108		55		91		79		47		52		48		61		36		40		69		111		64		36		62		72		59		128		35		116		108		20		42		17		64		129		129		171		45		79
52		164		9		21		33		65		117		120		123		9		93		144		35		56		98		44		38		140		62		173		108		71		61		107		12		79		19		124		65		74		73		158		100		120		84		90		116		90		100		56		89		50		92		84		56		39		73		113		92		11		0		98		96		34		115		65		26		108		35		20		22		85		63		75		74		64		92		37		39		43		89		94		48		12		23		8		68		27		19		36		43		16		81		43		69		49		75		71		41		60		97		44		86		74		42		41		43		56		47		35		80		100		67		25		57		61		48		123		30		111		97		25		53		12		53		124		124		166		34		74
150		66		107		77		65		35		43		22		103		107		73		46		115		46		30		64		98		42		82		75		52		91		107		17		102		59		95		26		69		42		49		60		70		22		46		70		96		70		18		154		69		148		14		36		98		113		77		23		20		103		98		0		68		64		17		41		94		62		63		86		88		13		39		23		24		68		56		61		95		103		53		74		146		104		115		98		86		71		117		134		97		100		41		141		47		49		35		27		129		64		77		112		26		38		56		131		55		42		67		63		100		80		87		83		41		67		74		25		68		29		77		123		73		86		47		52		36		68		110		66
148		68		105		75		69		103		111		58		171		105		141		72		113		104		98		92		96		84		42		77		16		63		109		51		100		127		93		68		31		110		23		62		4		48		22		138		164		138		86		152		137		146		54		32		104		111		121		45		88		101		96		68		0		66		71		109		92		12		61		84		86		69		107		45		92		112		12		65		93		101		121		142		144		102		113		96		28		69		115		132		95		98		27		139		27		47		103		53		127		108		145		110		42		30		54		129		53		82		65		61		50		148		37		81		39		109		96		65		66		39		145		121		67		84		101		28		32		70		108		22
86		130		43		23		3		37		83		86		105		43		75		110		51		38		64		26		56		106		80		139		74		89		43		73		38		61		31		90		67		44		47		124		68		86		50		72		98		72		66		90		71		84		58		50		38		49		55		79		58		39		34		64		66		0		81		43		44		74		9		38		24		51		41		41		40		46		58		3		31		61		55		76		82		40		51		34		84		23		53		70		61		36		47		77		45		29		41		37		65		42		79		48		52		40		30		67		43		22		65		29		98		82		85		19		33		43		30		89		20		77		79		59		71		26		35		90		90		132		46		64
167		49		124		94		82		50		40		13		100		124		70		29		132		63		27		81		115		25		85		58		55		94		124		20		119		56		112		9		72		41		52		43		73		23		49		67		93		81		15		171		76		165		23		39		115		130		94		26		23		120		115		17		71		81		0		50		111		65		80		103		105		30		52		40		41		85		59		78		112		120		50		79		163		121		132		115		89		88		134		151		114		117		44		158		50		66		40		44		146		81		78		129		29		41		73		148		72		59		84		80		103		77		90		100		58		84		91		8		85		32		74		140		86		103		64		55		39		51		127		69
117		99		74		66		40		6		52		55		62		74		32		79		82		13		33		31		99		75		123		108		93		132		74		58		69		18		62		59		110		9		90		93		111		61		87		29		55		31		35		121		28		115		55		77		65		80		44		64		27		72		65		41		109		43		50		0		87		103		52		81		55		40		2		64		17		35		97		44		62		104		24		33		113		73		84		65		127		66		84		101		104		77		82		108		88		72		10		56		96		31		36		79		67		79		73		98		86		27		108		72		141		39		128		50		76		34		41		58		63		70		36		90		114		69		14		93		77		101		77		107
56		160		29		21		47		81		113		116		149		25		119		140		61		82		94		70		12		136		50		169		104		45		87		103		38		105		45		120		61		88		69		154		96		116		80		116		142		116		96		60		115		54		88		80		82		65		99		109		88		15		26		94		92		44		111		87		0		104		35		8		48		81		85		71		70		90		88		43		65		17		99		120		52		14		21		34		64		23		23		56		17		10		77		57		65		45		81		67		67		86		123		70		82		70		38		67		39		60		27		31		54		126		55		51		53		87		74		119		26		107		123		29		27		18		79		120		120		162		60		70
160		56		117		87		75		97		105		52		165		117		135		66		125		98		92		86		108		78		54		65		10		75		117		45		112		121		105		62		43		104		35		56		8		42		24		132		158		132		80		164		131		158		48		26		108		123		115		39		82		113		108		62		12		74		65		103		104		0		73		96		98		63		101		39		86		106		16		71		105		113		115		136		156		114		125		108		40		81		127		144		107		110		27		151		39		59		97		47		139		102		139		122		36		34		66		141		65		76		77		73		62		142		49		93		51		103		90		59		78		33		139		133		79		96		95		16		26		58		120		34
87		129		44		14		12		46		82		85		114		44		84		109		52		47		63		35		47		105		71		138		73		80		52		72		39		70		32		89		58		53		38		123		65		85		49		81		107		81		65		91		80		85		57		49		47		50		64		78		57		40		35		63		61		9		80		52		35		73		0		29		25		50		50		40		39		55		57		8		32		52		64		85		83		41		52		35		75		14		54		71		52		37		46		78		36		20		46		36		66		51		88		49		51		39		21		68		34		25		56		20		89		91		76		20		24		52		39		88		11		76		88		60		62		23		44		89		89		131		47		55
64		152		23		15		41		75		105		108		143		21		113		132		55		76		86		64		18		128		42		161		96		51		81		95		32		99		39		112		53		82		61		146		88		108		72		110		136		110		88		68		109		62		80		72		76		59		93		101		80		17		20		86		84		38		103		81		8		96		29		0		42		73		79		63		64		84		80		37		59		23		93		114		60		18		29		28		56		15		31		50		23		14		69		55		57		37		75		59		61		80		117		64		74		62		30		61		31		54		27		23		60		120		47		45		45		81		68		111		18		99		117		37		33		12		73		112		112		154		54		62
62		154		19		27		23		55		107		110		101		23		71		134		27		42		88		24		60		130		84		163		98		93		39		97		14		57		7		114		71		64		63		148		90		110		74		68		94		68		90		66		67		60		82		74		34		25		51		103		82		33		22		88		86		24		105		55		48		98		25		42		0		75		53		65		64		42		82		27		17		65		79		72		58		34		45		14		88		27		29		46		65		38		71		53		59		39		65		61		41		38		75		24		76		64		34		43		47		46		69		33		102		78		89		5		47		39		26		113		24		101		75		35		75		30		41		114		114		156		22		68
137		79		94		64		52		34		42		35		102		94		72		59		102		35		29		51		85		55		83		88		53		92		94		22		89		58		82		39		70		41		50		73		71		35		47		69		95		69		17		141		68		135		15		37		85		100		64		28		19		90		85		13		69		51		30		40		81		63		50		73		75		0		38		24		23		55		57		48		82		90		52		73		133		91		102		85		87		58		104		121		84		87		42		128		48		36		34		16		116		51		76		99		27		39		43		118		46		29		68		50		101		79		88		70		36		54		61		38		55		30		76		110		74		73		34		53		39		81		97		67
115		101		72		64		38		4		54		57		64		72		34		81		80		11		35		29		97		77		121		110		91		130		72		56		67		20		60		61		108		11		88		95		109		59		85		31		57		31		37		119		30		113		53		75		63		78		42		62		29		70		63		39		107		41		52		2		85		101		50		79		53		38		0		62		15		33		95		42		60		102		26		35		111		71		82		63		125		64		82		99		102		75		80		106		86		70		12		54		94		29		38		77		65		77		71		96		84		25		106		70		139		41		126		48		74		32		39		60		61		68		38		88		112		67		12		91		75		103		75		105
127		89		84		54		42		58		66		45		126		84		96		69		92		59		53		47		75		65		59		98		33		68		84		32		79		82		72		49		46		65		26		83		47		45		23		93		119		93		41		131		92		125		17		13		75		90		76		38		43		80		75		23		45		41		40		64		71		39		40		63		65		24		62		0		47		67		33		38		72		80		76		97		123		81		92		75		63		48		94		111		74		77		18		118		24		26		58		8		106		63		100		89		11		15		33		108		32		37		44		40		77		103		64		60		18		64		51		48		45		36		100		100		50		63		56		49		49		91		87		43
126		90		83		53		41		11		43		46		79		83		49		70		91		22		24		40		82		66		106		99		76		115		83		41		78		35		71		50		93		18		73		84		94		46		70		46		72		46		26		130		45		124		38		60		74		89		53		47		18		79		74		24		92		40		41		17		70		86		39		64		64		23		15		47		0		44		80		37		71		87		29		50		122		80		91		74		110		49		93		110		87		76		65		117		71		55		11		39		105		40		53		88		50		62		56		107		69		18		91		55		124		56		111		59		59		43		50		49		46		53		53		99		97		62		23		76		60		92		86		90
82		134		61		69		43		35		87		90		59		65		41		114		47		22		68		20		102		110		126		143		96		135		39		77		52		29		45		94		113		44		93		128		114		90		90		38		52		26		70		86		25		80		62		80		30		45		9		83		62		75		64		68		112		46		85		35		90		106		55		84		42		55		33		67		44		0		100		47		27		107		59		30		78		76		87		56		130		69		67		66		107		80		85		73		91		75		45		59		61		4		33		44		70		82		76		63		89		30		111		75		144		36		131		39		79		3		16		93		66		81		43		75		117		72		21		96		94		136		42		110
144		72		101		71		59		91		99		46		159		101		129		60		109		92		86		80		92		72		38		81		16		59		101		39		96		115		89		56		27		98		19		66		14		36		10		126		152		126		74		148		125		142		42		20		92		107		109		33		76		97		92		56		12		58		59		97		88		16		57		80		82		57		95		33		80		100		0		55		89		97		109		130		140		98		109		92		30		65		111		128		91		94		15		135		23		43		91		41		123		96		133		106		30		18		50		125		49		70		61		57		46		136		33		77		35		97		84		53		62		27		133		117		63		80		89		32		32		74		104		18
89		127		46		22		4		38		80		83		106		46		76		107		54		39		61		27		55		103		79		136		71		88		46		70		41		62		34		87		66		45		46		121		67		83		47		73		99		73		63		93		72		87		55		47		39		52		56		76		55		42		37		61		65		3		78		44		43		71		8		37		27		48		42		38		37		47		55		0		34		60		56		77		85		43		54		37		83		22		56		73		60		39		44		80		44		28		38		34		68		43		80		51		49		37		29		70		42		19		64		28		97		83		84		22		32		44		31		86		19		74		80		62		70		25		36		87		87		129		49		63
55		161		36		44		30		62		114		117		84		40		68		141		20		49		95		31		77		137		101		170		105		110		22		104		27		56		20		121		88		71		70		155		97		117		81		65		77		51		97		59		50		53		89		81		17		18		34		110		89		50		39		95		93		31		112		62		65		105		32		59		17		82		60		72		71		27		89		34		0		82		86		55		51		51		62		31		105		44		42		39		82		55		78		46		66		50		72		68		34		31		58		17		83		71		51		36		64		53		86		50		119		61		106		14		54		28		21		120		41		108		70		50		92		47		48		121		121		163		15		85
49		169		46		38		64		98		122		125		166		42		136		149		78		99		103		87		5		145		59		178		113		38		104		112		55		122		62		129		70		105		78		163		105		125		89		133		159		133		105		51		132		45		97		89		99		82		116		118		97		32		43		103		101		61		120		104		17		113		52		23		65		90		102		80		87		107		97		60		82		0		116		137		49		31		20		51		73		38		40		73		6		27		86		74		74		54		98		76		84		103		140		87		91		79		47		84		48		77		36		40		51		143		64		68		62		104		91		128		41		116		140		32		34		35		96		129		129		171		77		79
141		75		98		78		56		24		28		63		50		98		20		55		106		37		23		55		111		51		135		84		105		144		98		70		93		30		86		53		122		15		102		69		123		73		99		21		43		55		35		145		50		139		67		89		89		104		68		76		33		94		89		53		121		55		50		24		99		115		64		93		79		52		26		76		29		59		109		56		86		116		0		53		137		95		106		89		139		78		108		125		116		91		94		132		100		84		18		68		120		55		52		103		79		91		85		122		98		39		120		84		153		33		140		74		88		58		65		56		75		82		24		114		126		81		38		105		89		77		101		119
88		128		91		99		73		39		81		84		29		95		35		108		59		38		62		50		132		104		156		137		126		165		45		91		82		23		75		88		143		38		123		122		144		94		120		32		22		4		64		92		5		96		88		110		38		55		21		97		56		105		94		74		142		76		79		33		120		136		85		114		72		73		35		97		50		30		130		77		55		137		53		0		88		106		117		86		160		99		97		72		137		110		115		79		121		105		39		89		67		34		3		50		100		112		106		69		119		60		141		105		174		20		161		69		109		33		46		87		96		103		37		105		147		102		41		126		110		130		60		140
4		212		39		69		81		113		165		168		117		39		119		192		31		100		146		82		48		188		102		221		156		81		55		155		44		107		51		172		113		122		121		206		148		168		132		116		110		84		148		8		87		8		140		132		50		33		69		161		140		43		48		146		144		82		163		113		52		156		83		60		58		133		111		123		122		78		140		85		51		49		137		88		0		42		31		48		116		75		29		24		49		46		129		25		117		97		123		119		35		82		91		38		134		122		90		35		91		104		79		83		94		104		107		63		105		79		72		171		78		159		121		23		77		60		99		172		172		214		36		122
46		170		15		27		39		71		123		126		135		11		105		150		47		68		104		56		26		146		60		179		114		59		73		113		24		91		31		130		71		80		79		164		106		126		90		102		128		102		106		50		101		44		98		90		68		51		85		119		98		1		12		104		102		40		121		73		14		114		41		18		34		91		71		81		80		76		98		43		51		31		95		106		42		0		11		20		74		33		13		42		31		4		87		43		75		55		81		77		53		72		109		56		92		80		48		53		49		62		37		41		68		112		65		37		63		73		60		129		36		117		109		19		41		18		65		130		130		172		46		80
35		181		26		38		50		82		134		137		146		22		116		161		58		79		115		67		17		157		71		190		125		50		84		124		35		102		42		141		82		91		90		175		117		137		101		113		139		113		117		39		112		33		109		101		79		62		96		130		109		12		23		115		113		51		132		84		21		125		52		29		45		102		82		92		91		87		109		54		62		20		106		117		31		11		0		31		85		44		20		53		20		15		98		54		86		66		92		88		64		83		120		67		103		91		59		64		60		73		48		52		63		123		76		48		74		84		71		140		47		128		120		12		46		29		76		141		141		183		57		91
52		164		9		21		33		65		117		120		115		9		85		144		27		52		98		36		46		140		70		173		108		79		53		107		4		71		11		124		65		74		73		158		100		120		84		82		108		82		100		56		81		50		92		84		48		31		65		113		92		19		8		98		96		34		115		65		34		108		35		28		14		85		63		75		74		56		92		37		31		51		89		86		48		20		31		0		74		27		19		36		51		24		81		43		69		49		75		71		33		52		89		36		86		74		42		33		43		56		55		35		88		92		75		17		57		53		40		123		30		111		89		25		61		16		51		124		124		166		26		74
120		96		77		61		87		121		129		76		189		77		159		90		101		122		116		110		68		102		14		105		40		35		127		69		78		145		85		86		17		128		37		90		32		66		40		156		182		156		104		124		155		118		72		50		122		105		139		63		106		73		68		86		28		84		89		127		64		40		75		56		88		87		125		63		110		130		30		83		105		73		139		160		116		74		85		74		0		61		87		104		67		70		45		111		39		55		121		71		107		126		163		110		60		48		54		107		41		100		37		55		22		166		9		91		51		127		114		83		64		57		163		93		39		58		119		56		56		98		100		20
79		137		36		6		26		60		90		93		128		36		98		117		44		61		71		49		33		113		57		146		81		66		66		80		31		84		24		97		44		67		46		131		73		93		57		95		121		95		73		83		94		77		65		57		61		44		78		86		65		32		27		71		69		23		88		66		23		81		14		15		27		58		64		48		49		69		65		22		44		38		78		99		75		33		44		27		61		0		46		63		38		29		54		70		42		22		60		44		58		65		102		49		59		47		15		60		20		39		42		8		75		105		62		30		30		66		53		96		3		84		102		52		48		15		58		97		97		139		39		47
33		183		10		40		52		84		136		139		126		10		96		163		38		71		117		53		35		159		73		192		127		68		64		126		15		82		22		143		84		93		92		177		119		139		103		93		119		93		119		37		92		31		111		103		59		42		76		132		111		14		19		117		115		53		134		84		23		127		54		31		29		104		82		94		93		67		111		56		42		40		108		97		29		13		20		19		87		46		0		33		40		17		100		34		88		68		94		90		44		63		100		47		105		93		61		44		62		75		50		54		77		103		78		34		76		64		51		142		49		130		100		8		50		31		70		143		143		185		37		93
24		200		27		57		69		101		153		156		93		31		107		180		19		88		134		70		68		176		92		209		144		101		31		143		32		95		39		160		101		110		109		194		136		156		120		104		94		70		136		22		75		32		128		120		36		21		57		149		128		41		36		134		132		70		151		101		56		144		71		50		46		121		99		111		110		66		128		73		39		73		125		72		24		42		53		36		104		63		33		0		73		46		117		7		105		85		111		107		11		70		73		22		122		110		78		11		79		92		77		71		110		92		97		51		93		67		60		159		66		147		109		41		83		48		87		160		160		202		24		110
53		163		46		38		64		98		116		119		166		42		136		143		78		99		97		87		5		139		53		172		107		32		104		106		55		122		62		123		64		105		72		157		99		119		83		133		159		133		99		57		132		51		91		83		99		82		116		112		91		32		43		97		95		61		114		104		17		107		52		23		65		84		102		74		87		107		91		60		82		6		116		137		49		31		20		51		67		38		40		73		0		27		80		74		68		48		98		70		84		103		140		87		85		73		41		84		42		77		30		34		45		143		58		68		56		104		91		122		41		110		140		32		28		35		96		123		123		165		77		73
50		166		19		23		37		71		119		122		139		15		109		146		51		72		100		60		22		142		56		175		110		55		77		109		28		95		35		126		67		78		75		160		102		122		86		106		132		106		102		54		105		48		94		86		72		55		89		115		94		5		16		100		98		36		117		77		10		110		37		14		38		87		75		77		76		80		94		39		55		27		91		110		46		4		15		24		70		29		17		46		27		0		83		47		71		51		77		73		57		76		113		60		88		76		44		57		45		58		33		37		64		116		61		41		59		77		64		125		32		113		113		23		37		14		69		126		126		168		50		76
133		83		90		60		48		76		84		39		144		90		114		63		98		77		71		65		81		59		41		92		27		50		90		26		85		100		78		43		28		83		8		77		29		39		5		111		137		111		59		137		110		131		27		5		81		96		94		32		61		86		81		41		27		47		44		82		77		27		46		69		71		42		80		18		65		85		15		44		78		86		94		115		129		87		98		81		45		54		100		117		80		83		0		124		12		32		76		26		112		81		118		95		15		7		39		114		38		55		50		46		59		121		46		66		24		82		69		42		51		30		118		106		52		69		74		43		43		85		93		25
25		207		34		64		76		108		160		163		96		34		114		187		26		95		141		77		69		183		97		216		151		102		34		150		39		102		46		167		108		117		116		201		143		163		127		111		101		77		143		23		82		33		135		127		43		28		64		156		135		42		43		141		139		77		158		108		57		151		78		55		53		128		106		118		117		73		135		80		46		74		132		79		25		43		54		43		111		70		34		7		74		47		124		0		112		92		118		114		12		77		80		29		129		117		85		10		86		99		78		78		111		99		102		58		100		74		67		166		73		154		116		42		84		55		94		167		167		209		31		117
121		95		78		48		48		82		90		51		150		78		120		75		86		83		77		71		69		71		35		104		39		44		88		38		73		106		66		55		22		89		4		89		31		51		15		117		143		117		65		125		116		119		33		15		83		84		100		44		67		74		69		47		27		45		50		88		65		39		36		57		59		48		86		24		71		91		23		44		66		74		100		121		117		75		86		69		39		42		88		105		68		71		12		112		0		20		82		32		100		87		124		83		21		9		27		102		26		61		38		34		53		127		40		54		12		88		75		54		39		42		124		94		40		57		80		55		55		97		81		19
101		115		58		28		32		66		74		71		134		58		104		95		66		67		61		55		49		91		51		124		59		60		72		58		53		90		46		75		38		73		24		109		51		71		35		101		127		101		51		105		100		99		43		35		67		64		84		64		51		54		49		49		47		29		66		72		45		59		20		37		39		36		70		26		55		75		43		28		50		54		84		105		97		55		66		49		55		22		68		85		48		51		32		92		20		0		66		22		80		71		108		63		37		25		7		82		14		45		36		14		69		111		56		36		8		72		59		74		19		62		108		74		42		37		64		75		75		117		61		35
127		89		84		60		42		10		42		45		68		84		38		69		92		23		23		41		93		65		117		98		87		126		84		52		79		24		72		49		104		7		84		83		105		55		81		35		61		41		25		131		36		125		49		71		75		90		54		58		17		80		75		35		103		41		40		10		81		97		46		75		65		34		12		58		11		45		91		38		72		98		18		39		123		81		92		75		121		60		94		111		98		77		76		118		82		66		0		50		106		41		42		89		61		73		67		108		80		21		102		66		135		45		122		60		70		44		51		48		57		64		42		100		108		63		24		87		71		91		87		101
123		93		80		50		38		50		58		49		118		80		88		73		88		51		45		39		71		69		67		102		37		76		80		36		75		74		68		53		54		57		34		87		55		49		31		85		111		85		33		127		84		121		21		21		71		86		68		42		35		76		71		27		53		37		44		56		67		47		36		59		61		16		54		8		39		59		41		34		68		76		68		89		119		77		88		71		71		44		90		107		70		73		26		114		32		22		50		0		102		55		92		85		15		23		29		104		30		29		52		36		85		95		72		56		20		56		47		52		41		40		92		96		58		59		48		53		53		95		83		51
35		195		38		52		64		96		148		151		84		42		102		175		14		83		129		65		79		171		103		204		139		112		22		138		29		90		34		155		96		105		104		189		131		151		115		99		89		65		131		33		70		43		123		115		31		16		52		144		123		52		41		129		127		65		146		96		67		139		66		61		41		116		94		106		105		61		123		68		34		84		120		67		35		53		64		33		107		58		44		11		84		57		112		12		100		80		106		102		0		65		68		17		117		105		73		2		74		87		88		66		121		87		108		46		88		62		55		154		61		142		104		52		94		49		82		155		155		197		19		105
86		130		57		65		39		31		83		86		63		61		37		110		51		18		64		16		98		106		122		139		92		131		43		73		48		25		41		90		109		40		89		124		110		86		86		34		56		30		66		90		29		84		58		76		34		49		13		79		58		71		60		64		108		42		81		31		86		102		51		80		38		51		29		63		40		4		96		43		31		103		55		34		82		72		83		52		126		65		63		70		103		76		81		77		87		71		41		55		65		0		37		48		66		78		72		67		85		26		107		71		140		40		127		35		75		3		12		89		62		77		39		71		113		68		17		92		90		132		46		106
91		127		94		102		76		42		80		87		26		98		34		107		62		41		61		53		135		103		159		136		129		168		46		94		85		22		78		87		146		37		126		121		147		97		123		31		21		7		63		93		8		99		91		113		41		58		24		100		57		108		97		77		145		79		78		36		123		139		88		117		75		76		38		100		53		33		133		80		58		140		52		3		91		109		120		89		163		102		100		73		140		113		118		80		124		108		42		92		68		37		0		53		103		115		109		70		122		63		144		108		177		19		164		72		112		36		49		86		99		106		36		108		150		105		44		129		113		129		63		143
38		178		41		49		47		79		131		134		79		45		85		158		9		66		112		48		82		154		106		187		122		115		17		121		32		73		25		138		93		88		87		172		114		134		98		82		72		48		114		42		53		46		106		98		14		5		35		127		106		55		44		112		110		48		129		79		70		122		49		64		24		99		77		89		88		44		106		51		17		87		103		50		38		56		67		36		110		49		47		22		87		60		95		29		83		63		89		85		17		48		53		0		100		88		56		19		69		70		91		55		124		70		111		29		71		45		38		137		46		125		87		55		97		52		65		138		138		180		10		90
138		78		95		65		53		61		69		34		129		95		99		58		103		62		56		52		86		54		56		87		26		65		95		21		90		85		83		38		43		68		23		72		44		34		20		96		122		96		44		142		95		136		12		10		86		101		79		27		46		91		86		26		42		52		29		67		82		36		51		74		76		27		65		11		50		70		30		49		83		91		79		100		134		92		103		86		60		59		105		122		85		88		15		129		21		37		61		15		117		66		103		100		0		12		44		119		43		40		55		51		74		106		61		71		29		67		62		37		56		25		103		111		57		74		59		38		38		80		98		40
126		90		83		53		41		73		81		46		141		83		111		70		91		74		68		62		74		66		44		99		34		53		83		33		78		97		71		50		31		80		11		84		32		46		10		108		134		108		56		130		107		124		24		10		74		89		91		39		58		79		74		38		30		40		41		79		70		34		39		62		64		39		77		15		62		82		18		37		71		79		91		112		122		80		91		74		48		47		93		110		73		76		7		117		9		25		73		23		105		78		115		88		12		0		32		107		31		52		43		39		62		118		49		59		17		79		66		49		44		37		115		99		45		62		71		50		50		92		86		28
94		122		51		21		33		67		75		78		135		51		105		102		59		68		62		56		42		98		50		131		66		59		73		65		46		91		39		82		37		74		31		116		58		78		42		102		128		102		58		98		101		92		50		42		68		57		85		71		52		47		42		56		54		30		73		73		38		66		21		30		34		43		71		33		56		76		50		29		51		47		85		106		90		48		59		42		54		15		61		78		41		44		39		85		27		7		67		29		73		72		109		56		44		32		0		75		13		46		35		7		68		112		55		37		15		73		60		81		12		69		109		67		41		30		65		82		82		124		54		34
35		197		38		54		66		98		150		153		86		42		104		177		16		85		131		67		79		173		103		206		141		112		24		140		29		92		36		157		98		107		106		191		133		153		117		101		91		67		133		33		72		43		125		117		33		18		54		146		125		52		41		131		129		67		148		98		67		141		68		61		43		118		96		108		107		63		125		70		36		84		122		69		35		53		64		33		107		60		44		11		84		57		114		10		102		82		108		104		2		67		70		19		119		107		75		0		76		89		88		68		121		89		108		48		90		64		57		156		63		144		106		52		94		49		84		157		157		199		21		107
95		121		52		22		46		80		88		77		148		52		118		101		60		81		75		69		43		97		37		130		65		46		86		64		47		104		44		81		24		87		30		115		57		77		41		115		141		115		63		99		114		93		49		41		81		64		98		70		65		48		43		55		53		43		72		86		39		65		34		31		47		46		84		32		69		89		49		42		64		48		98		119		91		49		60		43		41		20		62		79		42		45		38		86		26		14		80		30		74		85		122		69		43		31		13		76		0		59		22		14		55		125		42		50		14		86		73		80		23		68		122		68		28		31		78		81		81		123		59		31
108		108		65		39		23		21		61		64		89		65		59		88		73		22		42		22		72		84		96		117		66		105		65		51		60		45		53		68		83		28		63		102		84		64		60		56		82		56		44		112		55		106		36		50		56		71		39		57		36		61		56		42		82		22		59		27		60		76		25		54		46		29		25		37		18		30		70		19		53		77		39		60		104		62		73		56		100		39		75		92		77		58		55		99		61		45		21		29		87		26		63		70		40		52		46		89		59		0		81		45		114		66		101		41		49		27		32		67		36		55		63		81		87		44		19		68		68		110		68		80
83		133		50		42		68		102		110		89		170		46		140		113		82		103		97		91		31		109		23		142		77		24		108		76		59		126		66		93		34		109		42		127		69		89		53		137		163		137		85		87		136		81		61		53		103		86		120		82		87		36		47		67		65		65		84		108		27		77		56		27		69		68		106		44		91		111		61		64		86		36		120		141		79		37		48		55		37		42		50		77		30		33		50		78		38		36		102		52		88		107		144		91		55		43		35		88		22		81		0		36		33		147		28		72		32		108		95		92		45		80		144		56		6		39		100		93		93		135		81		43
87		129		44		14		32		66		82		85		134		44		104		109		52		67		63		55		35		105		51		138		73		60		72		72		39		90		32		89		38		73		38		123		65		85		49		101		127		101		65		91		100		85		57		49		67		50		84		78		57		40		35		63		61		29		80		72		31		73		20		23		33		50		70		40		55		75		57		28		50		40		84		105		83		41		52		35		55		8		54		71		34		37		46		78		34		14		66		36		66		71		108		55		51		39		7		68		14		45		36		0		69		111		56		36		22		72		59		88		9		76		108		60		42		23		64		89		89		131		47		39
98		118		83		75		101		135		143		90		203		79		173		104		115		136		130		124		46		116		18		127		62		13		141		83		92		159		99		100		31		142		51		112		54		80		54		170		196		170		118		102		169		96		86		64		136		119		153		77		120		69		80		100		50		98		103		141		54		62		89		60		102		101		139		77		124		144		46		97		119		51		153		174		94		68		63		88		22		75		77		110		45		64		59		111		53		69		135		85		121		140		177		124		74		62		68		121		55		114		33		69		0		180		13		105		65		141		128		97		78		71		177		71		27		72		133		78		78		120		114		34
108		108		97		105		79		45		61		90		23		101		15		88		73		44		50		56		138		84		162		117		132		171		65		97		88		21		81		80		149		38		129		102		150		100		126		12		16		22		62		112		17		106		94		116		56		71		35		103		60		111		100		80		148		82		77		39		126		142		91		120		78		79		41		103		56		36		136		83		61		143		33		20		104		112		123		92		166		105		103		92		143		116		121		99		127		111		45		95		87		40		19		70		106		118		112		89		125		66		147		111		180		0		167		75		115		39		52		83		102		109		17		111		153		108		47		132		116		110		68		146
111		105		70		62		88		122		130		77		190		68		160		91		102		123		117		111		59		103		5		114		49		26		128		70		79		146		86		87		18		129		38		99		41		67		41		157		183		157		105		115		156		109		73		51		123		106		140		64		107		64		67		87		37		85		90		128		55		49		76		47		89		88		126		64		111		131		33		84		106		64		140		161		107		65		76		75		9		62		78		97		58		61		46		102		40		56		122		72		108		127		164		111		61		49		55		108		42		101		28		56		13		167		0		92		52		128		115		84		65		58		164		84		30		59		120		65		65		107		101		21
67		149		24		30		18		50		102		105		98		26		68		129		32		37		83		19		63		125		87		158		93		96		36		92		19		54		12		109		74		59		58		143		85		105		69		65		91		65		85		71		64		65		77		69		31		30		48		98		77		36		25		83		81		19		100		50		51		93		20		45		5		70		48		60		59		39		77		22		14		68		74		69		63		37		48		17		91		30		34		51		68		41		66		58		54		36		60		56		46		35		72		29		71		59		37		48		50		41		72		36		105		75		92		0		42		36		23		108		27		96		72		40		78		33		36		109		109		151		27		71
109		107		66		36		36		70		78		63		138		66		108		87		74		71		65		59		57		83		47		116		51		56		76		50		61		94		54		67		34		77		16		101		43		63		27		105		131		105		53		113		104		107		35		27		71		72		88		56		55		62		57		41		39		33		58		76		53		51		24		45		47		36		74		18		59		79		35		32		54		62		88		109		105		63		74		57		51		30		76		93		56		59		24		100		12		8		70		20		88		75		112		71		29		17		15		90		14		49		32		22		65		115		52		42		0		76		63		66		27		54		112		82		38		45		68		67		67		109		69		31
83		133		58		66		40		34		86		89		62		62		40		113		48		21		67		17		99		109		123		142		93		132		40		76		49		28		42		93		110		43		90		127		111		89		87		37		55		29		69		87		28		81		61		77		31		46		12		82		61		72		61		67		109		43		84		34		87		103		52		81		39		54		32		64		43		3		97		44		28		104		58		33		79		73		84		53		127		66		64		67		104		77		82		74		88		72		44		56		62		3		36		45		67		79		73		64		86		27		108		72		141		39		128		36		76		0		13		92		63		80		42		72		114		69		20		93		93		135		43		107
76		140		45		53		27		41		93		96		75		49		47		120		41		28		74		10		86		116		110		149		84		119		33		83		36		35		29		100		97		50		77		134		98		96		74		44		68		42		76		80		41		74		68		64		24		39		25		89		68		59		48		74		96		30		91		41		74		90		39		68		26		61		39		51		50		16		84		31		21		91		65		46		72		60		71		40		114		53		51		60		91		64		69		67		75		59		51		47		55		12		49		38		62		66		60		57		73		32		95		59		128		52		115		23		63		13		0		99		50		87		49		59		101		56		27		100		100		142		36		94
175		41		132		102		90		58		46		7		106		132		76		21		140		71		33		89		123		19		79		50		49		90		132		16		127		64		120		3		66		49		50		35		67		17		43		73		99		89		23		179		84		173		31		39		123		138		102		20		31		128		123		25		65		89		8		58		119		59		88		111		113		38		60		48		49		93		53		86		120		128		56		87		171		129		140		123		83		96		142		159		122		125		42		166		54		74		48		52		154		89		86		137		37		49		81		156		80		67		92		88		97		83		84		108		66		92		99		0		93		26		80		148		94		111		72		49		33		43		135		63
82		134		39		9		23		57		87		90		125		39		95		114		47		58		68		46		36		110		60		143		78		69		63		77		34		81		27		94		47		64		43		128		70		90		54		92		118		92		70		86		91		80		62		54		58		45		75		83		62		35		30		68		66		20		85		63		26		78		11		18		24		55		61		45		46		66		62		19		41		41		75		96		78		36		47		30		64		3		49		66		41		32		51		73		39		19		57		41		61		62		99		46		56		44		12		63		23		36		45		9		78		102		65		27		27		63		50		93		0		81		99		55		51		18		55		94		94		136		42		44
163		53		120		90		78		64		72		19		132		120		102		33		128		65		59		77		111		45		57		62		23		78		120		12		115		88		108		29		46		71		38		47		41		9		27		99		125		99		47		167		98		161		19		27		111		126		90		6		49		116		111		29		39		77		32		70		107		33		76		99		101		30		68		36		53		81		27		74		108		116		82		103		159		117		128		111		57		84		130		147		110		113		30		154		42		62		64		40		142		77		106		125		25		37		69		144		68		55		80		76		71		109		58		96		54		80		87		26		81		0		106		136		82		99		62		23		13		55		123		37
125		93		94		102		76		42		44		87		26		98		4		73		90		41		47		53		135		67		159		100		129		168		82		94		85		18		78		77		146		35		126		85		147		97		123		7		19		39		59		129		34		123		91		113		73		88		52		100		57		108		97		77		145		79		74		36		123		139		88		117		75		76		38		100		53		43		133		80		70		140		24		37		121		109		120		89		163		102		100		109		140		113		118		116		124		108		42		92		104		39		36		87		103		115		109		106		122		63		144		108		177		17		164		72		112		42		49		80		99		106		0		108		150		105		44		129		113		95		85		143
27		189		16		46		58		90		142		145		134		16		104		169		46		77		123		59		27		165		79		198		133		60		72		132		23		90		30		149		90		99		98		183		125		145		109		101		127		101		125		31		100		25		117		109		67		50		84		138		117		20		25		123		121		59		140		90		29		133		60		37		35		110		88		100		99		75		117		62		50		32		114		105		23		19		12		25		93		52		8		41		32		23		106		42		94		74		100		96		52		71		108		55		111		99		67		52		68		81		56		60		71		111		84		40		82		72		59		148		55		136		108		0		54		37		76		149		149		191		45		99
81		135		56		48		74		108		116		91		176		52		146		115		88		109		103		97		29		111		25		144		79		18		114		78		65		132		72		95		36		115		44		129		71		91		55		143		169		143		91		85		142		79		63		55		109		92		126		84		93		42		53		73		67		71		86		114		27		79		62		33		75		74		112		50		97		117		63		70		92		34		126		147		77		41		46		61		39		48		50		83		28		37		52		84		40		42		108		58		94		113		150		97		57		45		41		94		28		87		6		42		27		153		30		78		38		114		101		94		51		82		150		54		0		45		106		95		95		137		87		45
64		152		21		9		29		63		105		108		131		21		101		132		43		64		86		52		30		128		54		161		96		63		69		95		20		87		27		112		53		70		61		146		88		108		72		98		124		98		88		68		97		62		80		72		64		47		81		101		80		17		12		86		84		26		103		69		18		96		23		12		30		73		67		63		62		72		80		25		47		35		81		102		60		18		29		16		58		15		31		48		35		14		69		55		57		37		63		59		49		68		105		52		74		62		30		49		31		44		39		23		72		108		59		33		45		69		56		111		18		99		105		37		45		0		61		112		112		154		42		62
103		113		60		58		32		14		66		69		70		60		40		93		68		3		47		17		91		89		115		122		85		124		60		56		55		26		48		73		102		23		82		107		103		69		79		37		63		37		49		107		36		101		47		69		51		66		30		62		41		64		53		47		101		35		64		14		79		95		44		73		41		34		12		56		23		21		89		36		48		96		38		41		99		65		76		51		119		58		70		87		96		69		74		94		80		64		24		48		82		17		44		65		59		71		65		84		78		19		100		64		133		47		120		36		68		20		27		72		55		62		44		76		106		61		0		85		73		115		63		99
176		40		133		103		91		87		95		42		155		133		125		56		141		88		82		90		124		68		70		49		16		91		133		35		128		111		121		52		59		94		51		46		24		32		40		122		148		122		70		180		121		174		38		40		124		139		105		29		72		129		124		52		28		90		55		93		120		16		89		112		114		53		91		49		76		96		32		87		121		129		105		126		172		130		141		124		56		97		143		160		123		126		43		167		55		75		87		53		155		92		129		138		38		50		82		157		81		68		93		89		78		132		65		109		67		93		100		49		94		23		129		149		95		112		85		0		16		42		136		50
176		40		133		103		91		71		79		26		139		133		109		40		141		72		66		90		124		52		70		49		16		91		133		19		128		95		121		36		59		78		51		34		34		16		40		106		132		106		54		180		105		174		32		40		124		139		103		13		56		129		124		36		32		90		39		77		120		26		89		112		114		39		75		49		60		94		32		87		121		129		89		110		172		130		141		124		56		97		143		160		123		126		43		167		55		75		71		53		155		90		113		138		38		50		82		157		81		68		93		89		78		116		65		109		67		93		100		33		94		13		113		149		95		112		73		16		0		42		136		50
218		2		175		145		133		101		61		46		121		175		95		22		183		114		68		132		166		34		112		7		58		133		175		59		170		107		163		42		101		92		93		12		66		46		82		98		114		132		66		222		127		216		74		82		166		181		145		53		74		171		166		68		70		132		51		101		162		58		131		154		156		81		103		91		92		136		74		129		163		171		77		130		214		172		183		166		98		139		185		202		165		168		85		209		97		117		91		95		197		132		129		180		80		92		124		199		123		110		135		131		120		110		107		151		109		135		142		43		136		55		95		191		137		154		115		42		42		0		178		92
40		176		31		39		45		77		129		132		89		35		83		156		5		64		110		46		72		152		96		185		120		105		27		119		22		71		15		136		83		86		85		170		112		132		96		80		82		56		112		44		55		38		104		96		22		5		39		125		104		45		34		110		108		46		127		77		60		120		47		54		22		97		75		87		86		42		104		49		15		77		101		60		36		46		57		26		100		39		37		24		77		50		93		31		81		61		87		83		19		46		63		10		98		86		54		21		59		68		81		47		114		68		101		27		69		43		36		135		42		123		85		45		87		42		63		136		136		178		0		86
126		90		83		53		67		101		109		56		169		83		139		70		91		102		96		90		74		82		20		99		34		41		107		49		78		125		71		66		9		108		17		84		26		46		20		136		162		136		84		130		135		124		52		30		102		89		119		43		86		79		74		66		22		64		69		107		70		34		55		62		68		67		105		43		90		110		18		63		85		79		119		140		122		80		91		74		20		47		93		110		73		76		25		117		19		35		101		51		105		106		143		90		40		28		34		107		31		80		43		39		34		146		21		71		31		107		94		63		44		37		143		99		45		62		99		50		50		92		86		0
