120
0		35		11		83		68		63		46		84		117		182		32		167		106		113		169		110		134		63		10		177		60		97		88		74		65		34		68		42		124		41		60		38		100		152		117		96		92		176		73		132		123		96		28		86		114		49		71		127		27		118		40		114		80		47		97		95		95		84		176		76		104		51		98		26		116		108		93		82		114		50		132		101		52		65		64		12		96		95		117		55		170		111		122		68		139		112		159		102		96		9		162		137		62		69		44		79		98		28		99		30		97		71		16		94		32		87		53		72		33		103		100		108		97		101		72		80		144		94		38		18
35		0		34		48		93		28		15		53		82		151		21		136		75		98		138		75		103		32		31		146		79		62		57		63		34		31		37		19		93		26		33		21		65		121		86		65		61		145		42		101		92		65		55		55		83		28		38		92		44		87		5		83		49		12		66		60		130		53		145		111		79		60		63		55		81		77		128		85		83		19		101		70		17		50		33		35		65		64		82		20		139		76		91		33		108		81		128		71		83		40		131		106		31		38		79		44		67		19		64		39		66		40		51		63		51		90		18		39		10		112		101		77		62		70		41		49		113		63		53		49
11		34		0		76		71		62		49		87		106		185		21		170		109		116		172		99		137		66		13		180		63		86		91		77		68		37		71		45		127		44		63		27		93		155		120		99		95		179		76		135		126		99		31		89		117		38		72		116		30		121		39		117		83		36		100		90		106		87		179		87		107		54		93		31		105		111		104		85		117		53		135		104		41		68		67		1		99		98		106		48		173		108		125		57		142		115		162		105		99		16		165		140		65		72		55		74		101		17		88		33		100		74		27		97		35		90		42		73		36		106		103		111		90		104		75		83		147		97		41		25
83		48		76		0		141		20		59		67		34		109		63		94		33		146		96		27		61		76		79		104		127		16		19		111		50		79		57		67		141		74		81		63		17		79		44		23		25		103		18		67		102		29		103		43		41		70		12		44		92		45		43		41		27		42		24		14		178		59		103		159		127		108		17		103		33		35		176		133		67		39		59		66		43		98		47		77		77		22		34		28		101		32		49		19		80		75		86		45		131		88		95		112		69		48		127		4		25		61		20		87		74		76		99		23		99		138		40		11		58		160		149		85		14		82		35		55		71		77		101		97
68		93		71		141		0		121		82		74		175		114		90		99		126		45		101		168		114		65		62		109		14		155		122		30		91		62		84		74		56		67		60		96		158		118		103		146		116		108		123		74		55		112		40		98		148		107		129		185		49		126		98		164		114		105		137		153		37		82		108		18		36		33		156		42		174		108		35		14		74		102		130		75		110		43		94		72		64		135		175		113		102		169		104		126		71		66		91		96		28		77		94		69		72		93		28		137		154		86		157		54		67		65		56		118		42		19		111		130		83		35		32		56		155		59		106		86		132		64		40		50
63		28		62		20		121		0		39		47		54		123		49		108		47		126		110		47		75		56		59		118		107		34		29		91		30		59		37		47		121		54		61		49		37		93		58		37		33		117		14		73		82		37		83		27		55		56		10		64		72		59		23		55		21		28		38		32		158		39		117		139		107		88		35		83		53		49		156		113		55		19		73		46		29		78		27		63		57		36		54		14		111		48		63		5		80		55		100		43		111		68		103		92		49		28		107		16		39		47		36		67		54		56		79		35		79		118		26		11		38		140		129		65		34		62		15		35		85		57		81		77
46		15		49		59		82		39		0		38		93		136		36		121		60		87		123		86		88		17		36		131		68		73		42		52		19		20		22		8		82		15		22		36		76		106		71		64		46		130		41		86		77		50		44		40		68		43		47		103		33		72		16		82		34		23		55		71		119		38		130		100		68		49		74		44		92		62		117		74		68		20		86		55		28		39		18		50		50		53		93		31		124		87		76		44		93		66		113		56		72		55		116		91		16		23		68		55		72		34		75		28		51		25		40		48		40		79		29		48		13		101		90		62		73		55		26		34		98		48		42		38
84		53		87		67		74		47		38		0		101		98		74		83		52		79		85		94		50		21		74		93		60		81		48		44		19		50		16		42		74		43		24		74		84		68		33		72		42		92		49		48		39		38		56		24		74		81		55		111		57		52		48		90		40		53		63		79		111		8		92		92		60		41		82		58		100		34		109		66		30		34		56		17		54		31		20		88		12		61		101		39		86		95		38		52		55		28		75		22		64		93		78		53		22		19		60		63		80		72		83		54		13		13		72		44		52		71		51		56		51		93		82		24		81		17		32		12		60		10		46		66
117		82		106		34		175		54		93		101		0		105		85		124		49		180		126		7		61		110		113		92		161		32		53		145		84		113		91		101		175		108		115		79		17		63		72		29		59		97		52		101		136		63		137		77		27		86		46		10		126		49		77		25		61		70		38		22		212		93		99		193		161		142		19		137		3		67		210		167		101		73		45		100		65		132		81		105		111		40		4		62		135		16		71		49		114		109		92		79		165		122		129		146		103		82		161		38		21		89		36		121		108		110		133		57		133		172		64		45		92		194		183		119		20		116		69		89		55		111		135		131
182		151		185		109		114		123		136		98		105		0		172		19		76		75		21		98		48		119		172		13		122		125		94		108		117		148		114		140		70		141		122		172		92		48		65		86		90		8		109		50		59		86		154		96		78		179		113		115		155		64		146		94		102		151		85		95		107		98		6		106		78		131		92		156		104		74		105		100		68		132		60		81		152		117		118		186		86		87		105		137		30		99		60		128		43		70		23		80		86		191		24		45		120		113		142		111		84		170		129		152		85		111		170		88		150		95		149		112		149		89		82		74		95		81		110		102		62		88		144		164
32		21		21		63		90		49		36		74		85		172		0		157		96		103		159		78		124		53		28		167		76		65		78		64		55		28		58		32		114		31		50		6		80		142		107		86		82		166		63		122		113		86		52		76		104		17		59		95		41		108		26		104		70		21		87		77		127		74		166		108		94		57		80		52		84		98		125		82		104		40		122		91		20		55		54		20		86		85		85		35		160		95		112		44		129		102		149		92		86		37		152		127		52		59		76		61		88		4		67		36		87		61		48		84		48		87		23		60		23		109		98		98		77		91		62		70		134		84		50		46
167		136		170		94		99		108		121		83		124		19		157		0		75		56		2		117		63		104		157		32		107		110		79		93		102		133		99		125		51		126		107		157		107		67		52		95		75		27		94		35		44		71		139		81		97		164		98		134		140		75		131		113		87		136		86		102		88		83		25		91		63		116		105		141		123		59		86		85		53		117		79		66		137		102		103		171		71		84		124		122		11		118		53		113		28		55		32		65		71		176		5		30		105		98		127		96		103		155		114		137		70		96		155		73		135		80		134		97		134		70		67		59		104		66		95		87		81		73		129		149
106		75		109		33		126		47		60		52		49		76		96		75		0		131		77		42		28		61		96		71		112		49		18		96		41		72		42		64		126		65		66		96		32		46		23		20		14		70		33		52		87		14		88		28		22		103		37		59		79		12		70		38		26		75		11		27		163		44		70		144		112		93		30		88		48		18		161		118		52		56		26		51		76		83		42		110		62		11		49		61		86		43		22		52		65		60		53		30		116		115		80		97		54		37		112		35		28		94		53		76		59		61		94		12		84		123		73		36		73		145		134		70		29		67		34		40		38		62		86		88
113		98		116		146		45		126		87		79		180		75		103		56		131		0		56		173		119		70		103		88		53		160		127		39		96		79		89		79		11		72		65		103		163		123		108		151		121		83		128		79		44		117		85		103		153		112		134		190		86		131		103		169		119		110		142		158		32		87		81		37		19		62		161		87		179		113		30		31		79		107		135		80		115		48		99		117		69		140		180		118		57		174		109		131		66		71		88		101		17		122		51		34		77		98		73		142		159		101		162		83		72		70		101		123		81		26		116		135		88		14		13		61		160		64		111		91		137		69		75		95
169		138		172		96		101		110		123		85		126		21		159		2		77		56		0		119		65		106		159		34		109		112		81		95		104		135		101		127		49		128		109		159		109		69		54		97		77		29		96		37		46		73		141		83		99		166		100		136		142		77		133		115		89		138		88		104		88		85		27		93		65		118		107		143		125		61		84		87		55		119		81		68		139		104		105		173		73		86		126		124		9		120		55		115		30		57		34		67		73		178		7		32		107		100		129		98		105		157		116		139		72		98		157		75		137		82		136		99		136		68		69		61		106		68		97		89		83		75		131		151
110		75		99		27		168		47		86		94		7		98		78		117		42		173		119		0		54		103		106		89		154		31		46		138		77		106		84		94		168		101		108		78		10		64		65		22		52		90		45		94		129		56		130		70		26		85		39		17		119		42		70		26		54		63		31		15		205		86		92		186		154		135		12		130		6		60		203		160		94		66		44		93		58		125		74		98		104		33		7		55		128		17		64		42		107		102		85		72		158		115		122		139		96		75		154		31		14		82		35		114		101		103		126		50		126		165		57		38		85		187		176		112		13		109		62		82		56		104		128		124
134		103		137		61		114		75		88		50		61		48		124		63		28		119		65		54		0		71		124		43		100		77		46		84		69		100		66		92		114		93		74		124		44		18		17		38		42		42		61		40		75		38		106		48		34		131		65		71		107		16		98		50		54		103		37		47		151		50		42		132		100		83		44		108		60		26		149		106		40		84		16		39		104		71		70		138		50		39		61		89		74		55		12		80		53		48		31		32		104		143		68		85		72		65		100		63		40		122		81		104		47		63		122		40		102		111		101		64		101		133		122		58		47		55		62		54		18		50		96		116
63		32		66		76		65		56		17		21		110		119		53		104		61		70		106		103		71		0		53		114		51		90		57		35		26		29		19		21		65		22		5		53		93		89		54		81		51		113		58		69		60		47		35		33		83		60		64		120		36		61		33		99		49		40		72		88		102		21		113		83		51		32		91		37		109		45		100		57		51		37		69		38		45		22		29		67		33		70		110		48		107		104		59		61		76		49		96		39		55		72		99		74		7		28		51		72		89		51		92		33		34		8		51		53		31		62		46		65		30		84		73		45		90		38		41		21		81		31		25		45
10		31		13		79		62		59		36		74		113		172		28		157		96		103		159		106		124		53		0		167		50		93		78		64		55		24		58		32		114		31		50		34		96		142		107		86		82		166		63		122		113		86		24		76		104		45		67		123		17		108		36		104		70		43		87		91		99		74		166		80		94		41		94		24		112		98		97		72		104		40		122		91		48		55		54		14		86		85		113		51		160		107		112		64		129		102		149		92		86		19		152		127		52		59		48		75		92		24		95		20		87		61		20		84		22		77		49		68		23		93		90		98		93		91		62		70		134		84		28		18
177		146		180		104		109		118		131		93		92		13		167		32		71		88		34		89		43		114		167		0		117		120		89		103		112		143		109		135		83		136		117		167		87		35		60		81		85		5		104		45		54		81		149		91		65		174		108		102		150		59		141		81		97		146		80		90		120		93		7		101		73		126		87		151		91		69		118		95		63		127		47		76		147		112		113		181		81		82		92		132		43		86		55		123		38		65		18		75		81		186		37		54		115		108		137		106		79		165		124		147		80		106		165		83		145		90		144		107		144		102		91		69		90		76		105		97		49		83		139		159
60		79		63		127		14		107		68		60		161		122		76		107		112		53		109		154		100		51		50		117		0		141		108		16		77		48		70		60		64		53		46		82		144		104		89		132		102		116		109		72		63		98		32		84		134		93		115		171		35		112		84		150		100		91		123		139		51		68		116		32		44		19		142		34		160		94		49		22		60		88		116		61		96		29		80		64		50		121		161		99		110		155		90		112		79		52		99		82		36		69		102		77		58		79		20		123		140		72		143		40		53		51		48		104		28		27		97		116		69		43		40		48		141		45		92		72		118		50		26		42
97		62		86		16		155		34		73		81		32		125		65		110		49		160		112		31		77		90		93		120		141		0		33		125		64		93		71		81		155		88		95		59		33		95		60		39		39		119		32		81		116		43		117		57		57		54		26		30		106		61		57		57		41		50		40		30		192		73		119		173		141		122		33		117		29		51		190		147		81		53		75		80		45		112		61		85		91		38		28		42		115		48		65		29		94		89		102		59		145		102		109		126		83		62		141		18		41		69		4		101		88		90		113		37		113		152		44		25		72		174		163		99		30		96		49		69		87		91		115		111
88		57		91		19		122		29		42		48		53		94		78		79		18		127		81		46		46		57		78		89		108		33		0		92		31		60		38		48		122		55		62		78		36		64		29		24		6		88		15		48		83		10		84		24		26		85		19		63		73		30		52		42		8		57		15		31		159		40		88		140		108		89		34		84		52		20		157		114		48		38		44		47		58		79		28		92		58		13		53		43		82		47		34		34		61		56		71		26		112		97		76		93		50		29		108		17		32		76		35		68		55		57		80		6		80		119		55		18		55		141		130		66		33		63		16		36		56		58		82		78
74		63		77		111		30		91		52		44		145		108		64		93		96		39		95		138		84		35		64		103		16		125		92		0		61		40		54		44		50		37		30		66		128		88		73		116		86		102		93		58		49		82		46		68		118		77		99		155		47		96		68		134		84		75		107		123		67		52		102		48		30		23		126		48		144		78		65		22		44		72		100		45		80		13		64		78		34		105		145		83		96		139		74		96		65		38		85		66		22		83		88		63		42		63		34		107		124		62		127		44		37		35		62		88		42		27		81		100		53		49		38		34		125		29		76		56		102		34		36		56
65		34		68		50		91		30		19		19		84		117		55		102		41		96		104		77		69		26		55		112		77		64		31		61		0		31		7		23		91		24		31		55		67		87		52		55		27		111		32		67		58		31		53		21		57		62		38		94		42		53		29		73		23		34		46		62		128		19		111		109		77		58		65		53		83		43		126		83		49		15		67		36		35		48		3		69		31		44		84		22		105		78		57		35		74		47		94		37		81		74		97		72		19		4		77		46		63		53		66		37		32		26		53		29		49		88		32		39		32		110		99		43		64		36		15		15		79		29		51		47
34		31		37		79		62		59		20		50		113		148		28		133		72		79		135		106		100		29		24		143		48		93		60		40		31		0		34		12		90		7		26		34		96		118		83		84		58		142		61		98		89		62		24		52		86		45		67		123		13		84		36		102		52		43		75		91		99		50		142		80		70		29		94		24		112		74		97		54		80		40		98		67		48		31		32		38		62		73		113		51		136		107		88		64		105		78		125		68		62		43		128		103		28		35		48		75		92		24		95		8		63		37		22		60		20		59		49		68		21		81		70		74		93		67		44		46		110		60		22		18
68		37		71		57		84		37		22		16		91		114		58		99		42		89		101		84		66		19		58		109		70		71		38		54		7		34		0		26		84		27		24		58		74		84		49		62		32		108		39		64		55		28		46		18		64		65		45		101		41		50		32		80		30		37		53		69		121		16		108		102		70		51		72		46		90		40		119		76		46		18		64		33		38		41		10		72		28		51		91		29		102		85		54		42		71		44		91		34		74		77		94		69		12		9		70		53		70		56		73		38		29		19		56		34		42		81		35		46		35		103		92		40		71		33		22		12		76		26		44		50
42		19		45		67		74		47		8		42		101		140		32		125		64		79		127		94		92		21		32		135		60		81		48		44		23		12		26		0		82		7		18		32		84		110		75		72		50		134		49		90		81		54		36		44		74		39		55		111		25		76		24		90		40		31		63		79		111		42		134		92		62		41		82		36		100		66		109		66		72		28		90		59		36		31		22		46		54		61		101		39		128		95		80		52		97		70		117		60		64		51		120		95		20		27		60		63		80		30		83		20		55		29		32		52		32		71		37		56		9		93		82		66		81		59		32		38		102		52		34		30
124		93		127		141		56		121		82		74		175		70		114		51		126		11		49		168		114		65		114		83		64		155		122		50		91		90		84		82		0		83		64		114		158		118		103		146		116		78		123		74		39		112		96		98		148		121		129		185		97		126		98		164		114		105		137		153		43		82		76		48		20		73		156		98		174		108		35		42		74		102		130		75		110		59		94		128		64		135		175		113		46		169		104		126		61		66		83		96		28		133		46		29		72		93		84		137		154		112		157		94		67		65		112		118		92		37		111		130		91		21		24		56		155		59		106		86		132		64		86		106
41		26		44		74		67		54		15		43		108		141		31		126		65		72		128		101		93		22		31		136		53		88		55		37		24		7		27		7		83		0		19		31		91		111		76		79		51		135		56		91		82		55		29		45		81		40		62		118		18		77		31		97		47		38		70		86		104		43		135		85		63		34		89		29		107		67		102		59		73		35		91		60		43		24		27		45		55		68		108		46		129		102		81		59		98		71		118		61		57		50		121		96		21		28		53		70		87		29		90		13		56		30		29		53		25		64		44		63		16		86		75		67		88		60		39		39		103		53		27		23
60		33		63		81		60		61		22		24		115		122		50		107		66		65		109		108		74		5		50		117		46		95		62		30		31		26		24		18		64		19		0		50		98		92		57		86		56		116		63		72		63		52		32		38		88		57		69		125		33		66		38		104		54		45		77		93		97		24		116		78		46		27		96		34		114		48		95		52		54		42		72		41		50		17		34		64		36		75		115		53		110		109		62		66		79		52		99		42		50		69		102		77		12		33		46		77		94		48		97		30		37		11		48		58		28		57		51		70		27		79		68		48		95		41		46		26		84		34		22		42
38		21		27		63		96		49		36		74		79		172		6		157		96		103		159		78		124		53		34		167		82		59		78		66		55		34		58		32		114		31		50		0		80		142		107		86		82		166		63		122		113		86		58		76		104		11		59		89		47		108		26		104		70		21		87		77		133		74		166		114		94		63		80		58		78		98		131		88		104		40		122		91		20		55		54		26		86		85		79		35		160		95		112		44		129		102		149		92		86		43		152		127		52		59		82		61		88		10		61		42		87		61		54		84		54		93		23		60		23		115		104		98		77		91		62		70		134		84		56		52
100		65		93		17		158		37		76		84		17		92		80		107		32		163		109		10		44		93		96		87		144		33		36		128		67		96		74		84		158		91		98		80		0		62		55		12		42		86		35		84		119		46		120		60		24		87		29		27		109		32		60		24		44		59		21		5		195		76		86		176		144		125		2		120		16		50		193		150		84		56		42		83		60		115		64		94		94		23		17		45		118		15		54		36		97		92		75		62		148		105		112		129		86		65		144		21		8		78		37		104		91		93		116		40		116		155		57		28		75		177		166		102		3		99		52		72		54		94		118		114
152		121		155		79		118		93		106		68		63		48		142		67		46		123		69		64		18		89		142		35		104		95		64		88		87		118		84		110		118		111		92		142		62		0		35		56		60		40		79		44		79		56		124		66		38		149		83		67		125		34		116		46		72		121		55		65		155		68		42		136		104		101		62		126		66		44		153		110		44		102		20		51		122		87		88		156		56		57		67		107		78		51		30		98		57		52		35		50		108		161		72		89		90		83		112		81		54		140		99		122		55		81		140		58		120		115		119		82		119		137		126		62		65		59		80		72		14		58		114		134
117		86		120		44		103		58		71		33		72		65		107		52		23		108		54		65		17		54		107		60		89		60		29		73		52		83		49		75		103		76		57		107		55		35		0		43		25		59		44		29		64		21		89		31		45		114		48		82		90		23		81		61		37		86		34		50		140		33		59		121		89		70		53		91		71		9		138		95		29		67		27		28		87		60		53		121		39		32		72		72		63		66		5		63		42		37		42		15		93		126		57		74		55		48		89		46		51		105		64		87		36		46		105		23		85		100		84		47		84		122		111		47		52		44		45		37		29		39		79		99
96		65		99		23		146		37		64		72		29		86		86		95		20		151		97		22		38		81		86		81		132		39		24		116		55		84		62		72		146		79		86		86		12		56		43		0		30		80		23		72		107		34		108		48		18		93		27		39		97		22		60		18		32		65		9		9		183		64		80		164		132		113		10		108		28		38		181		138		72		46		36		71		66		103		52		100		82		11		29		51		106		23		42		42		85		80		63		50		136		105		100		117		74		53		132		25		8		84		43		92		79		81		104		28		104		143		63		26		63		165		154		90		9		87		40		60		48		82		106		102
92		61		95		25		116		33		46		42		59		90		82		75		14		121		77		52		42		51		82		85		102		39		6		86		27		58		32		50		116		51		56		82		42		60		25		30		0		84		19		42		77		4		78		18		32		89		23		69		67		26		56		48		12		61		21		37		153		34		84		134		102		83		40		78		58		16		151		108		42		42		40		41		62		73		28		96		52		19		59		47		78		53		30		38		55		50		67		20		106		101		70		87		44		23		102		21		38		80		41		62		49		51		80		2		74		113		59		22		59		135		124		60		39		57		20		30		52		52		76		74
176		145		179		103		108		117		130		92		97		8		166		27		70		83		29		90		42		113		166		5		116		119		88		102		111		142		108		134		78		135		116		166		86		40		59		80		84		0		103		44		53		80		148		90		70		173		107		107		149		58		140		86		96		145		79		89		115		92		2		100		72		125		86		150		96		68		113		94		62		126		52		75		146		111		112		180		80		81		97		131		38		91		54		122		37		64		17		74		80		185		32		49		114		107		136		105		78		164		123		146		79		105		164		82		144		89		143		106		143		97		86		68		89		75		104		96		54		82		138		158
73		42		76		18		123		14		41		49		52		109		63		94		33		128		96		45		61		58		63		104		109		32		15		93		32		61		39		49		123		56		63		63		35		79		44		23		19		103		0		59		84		23		85		25		41		70		6		62		74		45		37		41		9		42		24		30		160		41		103		141		109		90		33		85		51		35		158		115		49		23		59		48		43		80		29		77		59		22		52		28		97		46		49		19		66		57		86		29		113		82		89		94		51		30		109		14		31		61		34		69		56		58		81		21		81		120		40		7		40		142		131		67		32		64		17		37		71		59		83		79
132		101		135		67		74		73		86		48		101		50		122		35		52		79		37		94		40		69		122		45		72		81		48		58		67		98		64		90		74		91		72		122		84		44		29		72		42		44		59		0		35		38		104		46		74		129		63		111		105		52		96		90		52		101		63		79		111		48		44		92		60		81		82		106		100		34		109		66		18		82		56		31		102		67		68		136		36		61		101		87		38		95		30		78		13		20		27		30		64		141		30		45		70		63		92		63		80		120		83		102		35		61		120		44		100		71		99		62		99		93		82		24		81		31		60		52		58		38		94		114
123		92		126		102		55		82		77		39		136		59		113		44		87		44		46		129		75		60		113		54		63		116		83		49		58		89		55		81		39		82		63		113		119		79		64		107		77		53		84		35		0		73		95		59		109		120		90		146		96		87		87		125		75		92		98		114		76		43		53		57		25		72		117		97		135		69		74		41		35		73		91		36		93		58		59		127		27		96		136		78		47		130		65		87		22		27		44		57		29		132		39		14		61		54		83		98		115		111		118		93		28		52		111		79		91		36		90		91		90		58		47		17		116		22		67		47		93		29		85		105
96		65		99		29		112		37		50		38		63		86		86		71		14		117		73		56		38		47		86		81		98		43		10		82		31		62		28		54		112		55		52		86		46		56		21		34		4		80		23		38		73		0		74		14		36		93		27		73		69		22		60		52		16		65		25		41		149		30		80		130		98		79		44		74		62		12		147		104		38		46		36		37		66		69		32		100		48		23		63		51		74		57		26		42		51		46		63		16		102		105		66		83		40		27		98		25		42		84		45		66		45		47		84		6		70		109		63		26		63		131		120		56		43		53		24		26		48		48		72		78
28		55		31		103		40		83		44		56		137		154		52		139		88		85		141		130		106		35		24		149		32		117		84		46		53		24		46		36		96		29		32		58		120		124		89		108		78		148		85		104		95		74		0		60		110		69		91		147		11		90		60		126		76		67		99		115		75		56		148		56		76		23		118		2		136		80		73		54		86		64		104		73		72		37		56		32		68		97		137		75		142		131		94		88		111		84		131		74		68		37		134		109		34		55		24		99		116		48		119		16		69		43		16		80		4		59		73		92		45		75		72		80		117		73		68		52		116		66		10		10
86		55		89		43		98		27		40		24		77		96		76		81		28		103		83		70		48		33		76		91		84		57		24		68		21		52		18		44		98		45		38		76		60		66		31		48		18		90		25		46		59		14		60		0		50		83		31		87		59		32		50		66		16		55		39		55		135		16		90		116		84		65		58		60		76		22		133		90		28		36		46		23		56		55		22		90		34		37		77		41		84		71		36		32		53		32		73		16		88		95		76		69		26		17		84		39		56		74		59		56		31		33		74		20		56		95		53		32		53		117		106		42		57		39		14		12		58		34		58		68
114		83		117		41		148		55		68		74		27		78		104		97		22		153		99		26		34		83		104		65		134		57		26		118		57		86		64		74		148		81		88		104		24		38		45		18		32		70		41		74		109		36		110		50		0		111		45		37		99		22		78		16		34		83		17		27		185		66		72		166		134		115		24		110		28		40		183		140		74		64		18		73		84		105		54		118		84		19		29		69		108		21		44		60		87		82		65		52		138		123		102		119		76		55		134		43		16		102		61		94		81		83		106		30		106		145		81		44		81		167		156		92		27		89		42		62		30		84		108		104
49		28		38		70		107		56		43		81		86		179		17		164		103		112		166		85		131		60		45		174		93		54		85		77		62		45		65		39		121		40		57		11		87		149		114		93		89		173		70		129		120		93		69		83		111		0		66		84		58		115		33		111		77		28		94		84		144		81		173		125		101		74		87		69		83		105		142		99		111		47		129		98		27		64		61		37		93		92		82		42		167		102		119		51		136		109		156		99		97		54		159		134		59		66		93		68		95		21		50		53		94		68		65		91		65		104		30		67		30		126		115		105		84		98		69		77		141		91		67		63
71		38		72		12		129		10		47		55		46		113		59		98		37		134		100		39		65		64		67		108		115		26		19		99		38		67		45		55		129		62		69		59		29		83		48		27		23		107		6		63		90		27		91		31		45		66		0		56		80		49		33		45		15		38		28		24		166		47		107		147		115		96		27		91		45		39		164		121		55		27		63		54		39		86		35		73		65		26		46		24		101		40		53		15		70		63		90		33		119		78		93		100		57		36		115		8		29		57		28		75		62		64		87		25		87		126		36		1		46		148		137		73		26		70		23		43		75		65		89		85
127		92		116		44		185		64		103		111		10		115		95		134		59		190		136		17		71		120		123		102		171		30		63		155		94		123		101		111		185		118		125		89		27		67		82		39		69		107		62		111		146		73		147		87		37		84		56		0		136		59		87		27		71		80		48		32		222		103		109		203		171		152		29		147		11		77		220		177		111		83		55		110		75		142		91		115		121		50		10		72		145		18		81		59		124		119		102		89		175		132		139		156		113		92		171		48		31		99		34		131		118		120		143		67		143		182		74		55		102		204		193		129		30		126		79		99		57		121		145		141
27		44		30		92		49		72		33		57		126		155		41		140		79		86		142		119		107		36		17		150		35		106		73		47		42		13		41		25		97		18		33		47		109		125		90		97		67		149		74		105		96		69		11		59		99		58		80		136		0		91		49		115		65		56		88		104		86		57		149		67		77		24		107		11		125		81		84		55		87		53		105		74		61		38		45		31		69		86		126		64		143		120		95		77		112		85		132		75		69		36		135		110		35		44		35		88		105		37		108		5		70		44		15		69		7		60		62		81		34		76		73		81		106		74		57		53		117		67		11		9
118		87		121		45		126		59		72		52		49		64		108		75		12		131		77		42		16		61		108		59		112		61		30		96		53		84		50		76		126		77		66		108		32		34		23		22		26		58		45		52		87		22		90		32		22		115		49		59		91		0		82		38		38		87		21		31		163		44		58		144		112		93		30		92		48		18		161		118		52		68		14		51		88		83		54		122		62		23		49		73		86		43		22		64		65		60		43		30		116		127		80		97		56		49		112		47		28		106		65		88		59		61		106		24		86		123		85		48		85		145		134		70		31		67		46		40		26		62		86		100
40		5		39		43		98		23		16		48		77		146		26		131		70		103		133		70		98		33		36		141		84		57		52		68		29		36		32		24		98		31		38		26		60		116		81		60		56		140		37		96		87		60		60		50		78		33		33		87		49		82		0		78		44		7		61		55		135		48		140		116		84		65		58		60		76		72		133		90		78		14		96		65		12		55		28		40		60		59		77		15		134		71		86		28		103		76		123		66		88		45		126		101		26		33		84		39		62		24		59		44		61		35		56		58		56		95		13		34		15		117		106		72		57		65		36		44		108		58		58		54
114		83		117		41		164		55		82		90		25		94		104		113		38		169		115		26		50		99		104		81		150		57		42		134		73		102		80		90		164		97		104		104		24		46		61		18		48		86		41		90		125		52		126		66		16		111		45		27		115		38		78		0		50		83		27		27		201		82		88		182		150		131		24		126		28		56		199		156		90		64		34		89		84		121		70		118		100		29		29		69		124		9		60		60		103		98		81		68		154		123		118		135		92		71		150		43		16		102		61		110		97		99		122		46		122		161		81		44		81		183		172		108		27		105		58		78		32		100		124		120
80		49		83		27		114		21		34		40		61		102		70		87		26		119		89		54		54		49		70		97		100		41		8		84		23		52		30		40		114		47		54		70		44		72		37		32		12		96		9		52		75		16		76		16		34		77		15		71		65		38		44		50		0		49		23		39		151		32		96		132		100		81		42		76		60		28		149		106		40		30		52		39		50		71		20		84		50		21		61		35		90		55		42		26		59		48		79		22		104		89		82		85		42		21		100		23		40		68		43		60		47		49		72		14		72		111		47		16		47		133		122		58		41		55		8		28		64		50		74		70
47		12		36		42		105		28		23		53		70		151		21		136		75		110		138		63		103		40		43		146		91		50		57		75		34		43		37		31		105		38		45		21		59		121		86		65		61		145		42		101		92		65		67		55		83		28		38		80		56		87		7		83		49		0		66		56		142		53		145		123		91		72		59		67		69		77		140		97		83		19		101		70		5		62		33		35		65		64		70		14		139		74		91		23		108		81		128		71		95		52		131		106		33		38		91		40		67		19		52		51		66		40		63		63		63		102		6		39		22		124		113		77		56		70		41		49		113		63		65		61
97		66		100		24		137		38		55		63		38		85		87		86		11		142		88		31		37		72		87		80		123		40		15		107		46		75		53		63		137		70		77		87		21		55		34		9		21		79		24		63		98		25		99		39		17		94		28		48		88		21		61		27		23		66		0		16		174		55		79		155		123		104		19		99		37		29		172		129		63		47		35		62		67		94		43		101		73		2		38		52		97		32		33		43		76		71		62		41		127		106		91		108		65		44		123		26		17		85		44		83		70		72		95		19		95		134		64		27		64		156		145		81		18		78		31		51		47		73		97		93
95		60		90		14		153		32		71		79		22		95		77		102		27		158		104		15		47		88		91		90		139		30		31		123		62		91		69		79		153		86		93		77		5		65		50		9		37		89		30		79		114		41		115		55		27		84		24		32		104		31		55		27		39		56		16		0		190		71		89		171		139		120		3		115		21		45		188		145		79		51		45		78		57		110		59		91		89		18		22		42		113		18		49		33		92		87		72		57		143		100		107		124		81		60		139		16		11		75		34		99		86		88		111		35		111		150		54		23		70		172		161		97		2		94		47		67		57		89		113		109
95		130		106		178		37		158		119		111		212		107		127		88		163		32		88		205		151		102		99		120		51		192		159		67		128		99		121		111		43		104		97		133		195		155		140		183		153		115		160		111		76		149		75		135		185		144		166		222		86		163		135		201		151		142		174		190		0		119		113		19		51		70		193		75		211		145		8		45		111		139		167		112		147		80		131		107		101		172		212		150		89		206		141		163		98		103		120		133		47		90		83		66		109		130		51		174		191		123		194		91		104		102		79		155		79		40		148		167		120		22		29		93		192		96		143		123		169		101		77		81
84		53		87		59		82		39		38		8		93		98		74		83		44		87		85		86		50		21		74		93		68		73		40		52		19		50		16		42		82		43		24		74		76		68		33		64		34		92		41		48		43		30		56		16		66		81		47		103		57		44		48		82		32		53		55		71		119		0		92		100		68		49		74		58		92		26		117		74		30		34		48		17		54		39		20		88		18		53		93		39		86		87		38		44		55		28		75		18		72		93		78		53		22		15		68		55		72		72		75		54		15		17		72		36		52		79		51		48		51		101		90		26		73		23		24		4		60		18		46		66
176		145		179		103		108		117		130		92		99		6		166		25		70		81		27		92		42		113		166		7		116		119		88		102		111		142		108		134		76		135		116		166		86		42		59		80		84		2		103		44		53		80		148		90		72		173		107		109		149		58		140		88		96		145		79		89		113		92		0		100		72		125		86		150		98		68		111		94		62		126		54		75		146		111		112		180		80		81		99		131		36		93		54		122		37		64		17		74		80		185		30		47		114		107		136		105		78		164		123		146		79		105		164		82		144		89		143		106		143		95		84		68		89		75		104		96		56		82		138		158
76		111		87		159		18		139		100		92		193		106		108		91		144		37		93		186		132		83		80		101		32		173		140		48		109		80		102		92		48		85		78		114		176		136		121		164		134		100		141		92		57		130		56		116		166		125		147		203		67		144		116		182		132		123		155		171		19		100		100		0		32		51		174		56		192		126		17		26		92		120		148		93		128		61		112		88		82		153		193		131		94		187		122		144		79		84		101		114		28		85		86		61		90		111		36		155		172		104		175		72		85		83		64		136		60		21		129		148		101		27		24		74		173		77		124		104		150		82		58		62
104		79		107		127		36		107		68		60		161		78		94		63		112		19		65		154		100		51		94		73		44		141		108		30		77		70		70		62		20		63		46		94		144		104		89		132		102		72		109		60		25		98		76		84		134		101		115		171		77		112		84		150		100		91		123		139		51		68		72		32		0		53		142		78		160		94		49		22		60		88		116		61		96		39		80		108		50		121		161		99		66		155		90		112		47		52		69		82		8		113		58		33		58		79		64		123		140		92		143		74		53		51		92		104		72		17		97		116		71		33		22		42		141		45		92		72		118		50		66		86
51		60		54		108		33		88		49		41		142		131		57		116		93		62		118		135		83		32		41		126		19		122		89		23		58		29		51		41		73		34		27		63		125		101		70		113		83		125		90		81		72		79		23		65		115		74		96		152		24		93		65		131		81		72		104		120		70		49		125		51		53		0		123		25		141		75		68		31		63		69		97		50		77		14		61		55		45		102		142		80		119		136		71		93		88		61		108		63		45		60		111		86		39		60		19		104		121		53		124		21		46		32		39		85		19		36		78		97		50		52		49		57		122		50		73		53		99		43		13		33
98		63		93		17		156		35		74		82		19		92		80		105		30		161		107		12		44		91		94		87		142		33		34		126		65		94		72		82		156		89		96		80		2		62		53		10		40		86		33		82		117		44		118		58		24		87		27		29		107		30		58		24		42		59		19		3		193		74		86		174		142		123		0		118		18		48		191		148		82		54		42		81		60		113		62		94		92		21		19		45		116		15		52		36		95		90		73		60		146		103		110		127		84		63		142		19		8		78		37		102		89		91		114		38		114		153		57		26		73		175		164		100		3		97		50		70		54		92		116		112
26		55		31		103		42		83		44		58		137		156		52		141		88		87		143		130		108		37		24		151		34		117		84		48		53		24		46		36		98		29		34		58		120		126		91		108		78		150		85		106		97		74		2		60		110		69		91		147		11		92		60		126		76		67		99		115		75		58		150		56		78		25		118		0		136		82		73		56		88		64		106		75		72		39		56		32		70		97		137		75		144		131		96		88		113		86		133		76		70		35		136		111		36		55		24		99		116		48		119		16		71		45		14		80		6		61		73		92		45		77		74		82		117		75		68		54		118		68		12		8
116		81		105		33		174		53		92		100		3		104		84		123		48		179		125		6		60		109		112		91		160		29		52		144		83		112		90		100		174		107		114		78		16		66		71		28		58		96		51		100		135		62		136		76		28		83		45		11		125		48		76		28		60		69		37		21		211		92		98		192		160		141		18		136		0		66		209		166		100		72		46		99		64		131		80		104		110		39		1		61		134		19		70		48		113		108		91		78		164		121		128		145		102		81		160		37		20		88		33		120		107		109		132		56		132		171		63		44		91		193		182		118		19		115		68		88		58		110		134		130
108		77		111		35		108		49		62		34		67		74		98		59		18		113		61		60		26		45		98		69		94		51		20		78		43		74		40		66		108		67		48		98		50		44		9		38		16		68		35		34		69		12		80		22		40		105		39		77		81		18		72		56		28		77		29		45		145		26		68		126		94		75		48		82		66		0		143		100		34		58		24		33		78		65		44		112		44		27		67		63		68		61		14		54		47		42		51		12		98		117		62		79		46		39		94		37		46		96		55		78		41		43		96		14		76		105		75		38		75		127		116		52		47		49		36		28		36		44		70		90
93		128		104		176		35		156		117		109		210		105		125		86		161		30		84		203		149		100		97		118		49		190		157		65		126		97		119		109		35		102		95		131		193		153		138		181		151		113		158		109		74		147		73		133		183		142		164		220		84		161		133		199		149		140		172		188		8		117		111		17		49		68		191		73		209		143		0		43		109		137		165		110		145		78		129		105		99		170		210		148		81		204		139		161		96		101		118		131		45		98		81		64		107		128		49		172		189		121		192		89		102		100		77		153		77		38		146		165		118		16		27		91		190		94		141		121		167		99		75		79
82		85		85		133		14		113		74		66		167		100		82		85		118		31		87		160		106		57		72		95		22		147		114		22		83		54		76		66		42		59		52		88		150		110		95		138		108		94		115		66		41		104		54		90		140		99		121		177		55		118		90		156		106		97		129		145		45		74		94		26		22		31		148		56		166		100		43		0		66		94		122		67		102		35		86		86		56		127		167		105		88		161		96		118		57		58		77		88		14		91		80		55		64		85		42		129		146		78		149		52		59		57		70		110		50		5		103		122		75		27		18		48		147		51		98		78		124		56		44		64
114		83		117		67		74		55		68		30		101		68		104		53		52		79		55		94		40		51		104		63		60		81		48		44		49		80		46		72		74		73		54		104		84		44		29		72		42		62		49		18		35		38		86		28		74		111		55		111		87		52		78		90		40		83		63		79		111		30		62		92		60		63		82		88		100		34		109		66		0		64		56		13		84		49		50		118		18		61		101		69		56		95		30		60		25		8		45		22		64		123		48		45		52		45		74		63		80		102		83		84		17		43		102		44		82		71		81		56		81		93		82		18		81		15		42		34		58		20		76		96
50		19		53		39		102		19		20		34		73		132		40		117		56		107		119		66		84		37		40		127		88		53		38		72		15		40		18		28		102		35		42		40		56		102		67		46		42		126		23		82		73		46		64		36		64		47		27		83		53		68		14		64		30		19		47		51		139		34		126		120		88		69		54		64		72		58		137		94		64		0		82		51		20		59		14		54		46		45		73		11		120		67		72		24		89		62		109		52		92		59		112		87		30		19		88		35		52		38		55		48		47		37		60		44		60		99		17		28		19		121		110		58		53		51		22		30		94		44		62		58
132		101		135		59		130		73		86		56		45		60		122		79		26		135		81		44		16		69		122		47		116		75		44		100		67		98		64		90		130		91		72		122		42		20		27		36		40		52		59		56		91		36		104		46		18		129		63		55		105		14		96		34		52		101		35		45		167		48		54		148		116		97		42		106		46		24		165		122		56		82		0		55		102		87		68		136		66		37		47		87		90		39		26		78		69		64		47		34		120		141		84		101		70		63		116		61		34		120		79		102		63		65		120		38		100		127		99		62		99		149		138		74		45		71		60		52		12		66		94		114
101		70		104		66		75		46		55		17		100		81		91		66		51		80		68		93		39		38		91		76		61		80		47		45		36		67		33		59		75		60		41		91		83		51		28		71		41		75		48		31		36		37		73		23		73		98		54		110		74		51		65		89		39		70		62		78		112		17		75		93		61		50		81		75		99		33		110		67		13		51		55		0		71		36		37		105		11		60		100		56		69		94		29		51		38		11		58		21		65		110		61		46		39		32		61		62		79		89		82		71		8		30		89		43		69		72		68		55		68		94		83		19		80		16		31		21		57		11		63		83
52		17		41		43		110		29		28		54		65		152		20		137		76		115		139		58		104		45		48		147		96		45		58		80		35		48		38		36		110		43		50		20		60		122		87		66		62		146		43		102		93		66		72		56		84		27		39		75		61		88		12		84		50		5		67		57		147		54		146		128		96		77		60		72		64		78		145		102		84		20		102		71		0		67		34		40		66		65		65		15		140		75		92		24		109		82		129		72		100		57		132		107		38		39		96		41		68		24		47		56		67		45		68		64		68		107		3		40		27		129		118		78		57		71		42		50		114		64		70		66
65		50		68		98		43		78		39		31		132		117		55		102		83		48		104		125		71		22		55		112		29		112		79		13		48		31		41		31		59		24		17		55		115		87		60		103		73		111		80		67		58		69		37		55		105		64		86		142		38		83		55		121		71		62		94		110		80		39		111		61		39		14		113		39		131		65		78		35		49		59		87		36		67		0		51		69		31		92		132		70		105		126		61		83		74		47		94		53		33		74		97		72		29		50		29		94		111		53		114		35		32		22		53		75		33		40		68		87		40		62		51		43		112		36		63		43		89		29		27		47
64		33		67		47		94		27		18		20		81		118		54		103		42		99		105		74		70		29		54		113		80		61		28		64		3		32		10		22		94		27		34		54		64		88		53		52		28		112		29		68		59		32		56		22		54		61		35		91		45		54		28		70		20		33		43		59		131		20		112		112		80		61		62		56		80		44		129		86		50		14		68		37		34		51		0		68		32		41		81		19		106		75		58		32		75		48		95		38		84		73		98		73		22		5		80		43		60		52		63		40		33		29		52		30		52		91		31		36		31		113		102		44		61		37		12		16		80		30		54		50
12		35		1		77		72		63		50		88		105		186		20		171		110		117		173		98		138		67		14		181		64		85		92		78		69		38		72		46		128		45		64		26		94		156		121		100		96		180		77		136		127		100		32		90		118		37		73		115		31		122		40		118		84		35		101		91		107		88		180		88		108		55		94		32		104		112		105		86		118		54		136		105		40		69		68		0		100		99		105		49		174		109		126		58		143		116		163		106		100		17		166		141		66		73		56		75		102		16		87		34		101		75		28		98		36		91		41		74		37		107		104		112		91		105		76		84		148		98		42		26
96		65		99		77		64		57		50		12		111		86		86		71		62		69		73		104		50		33		86		81		50		91		58		34		31		62		28		54		64		55		36		86		94		56		39		82		52		80		59		36		27		48		68		34		84		93		65		121		69		62		60		100		50		65		73		89		101		18		80		82		50		45		92		70		110		44		99		56		18		46		66		11		66		31		32		100		0		71		111		51		74		105		40		62		43		16		63		32		54		105		66		41		34		29		56		73		90		84		93		66		3		25		84		54		64		61		63		66		63		83		72		12		91		5		42		22		68		2		58		78
95		64		98		22		135		36		53		61		40		87		85		84		11		140		86		33		39		70		85		82		121		38		13		105		44		73		51		61		135		68		75		85		23		57		32		11		19		81		22		61		96		23		97		37		19		92		26		50		86		23		59		29		21		64		2		18		172		53		81		153		121		102		21		97		39		27		170		127		61		45		37		60		65		92		41		99		71		0		40		50		95		34		31		41		74		69		64		39		125		104		89		106		63		42		121		24		19		83		42		81		68		70		93		17		93		132		62		25		62		154		143		79		20		76		29		49		49		71		95		91
117		82		106		34		175		54		93		101		4		105		85		124		49		180		126		7		61		110		113		92		161		28		53		145		84		113		91		101		175		108		115		79		17		67		72		29		59		97		52		101		136		63		137		77		29		82		46		10		126		49		77		29		61		70		38		22		212		93		99		193		161		142		19		137		1		67		210		167		101		73		47		100		65		132		81		105		111		40		0		62		135		20		71		49		114		109		92		79		165		122		129		146		103		82		161		38		21		89		32		121		108		110		133		57		133		172		64		45		92		194		183		119		20		116		69		89		59		111		135		131
55		20		48		28		113		14		31		39		62		137		35		122		61		118		124		55		89		48		51		132		99		42		43		83		22		51		29		39		113		46		53		35		45		107		72		51		47		131		28		87		78		51		75		41		69		42		24		72		64		73		15		69		35		14		52		42		150		39		131		131		99		80		45		75		61		63		148		105		69		11		87		56		15		70		19		49		51		50		62		0		125		60		77		13		94		67		114		57		103		60		117		92		41		24		99		26		53		33		44		59		52		48		71		49		71		110		12		25		30		132		121		63		42		56		27		35		99		49		73		69
170		139		173		101		102		111		124		86		135		30		160		11		86		57		9		128		74		107		160		43		110		115		82		96		105		136		102		128		46		129		110		160		118		78		63		106		78		38		97		38		47		74		142		84		108		167		101		145		143		86		134		124		90		139		97		113		89		86		36		94		66		119		116		144		134		68		81		88		56		120		90		69		140		105		106		174		74		95		135		125		0		129		64		116		31		58		43		68		74		179		8		33		108		101		130		99		114		158		117		140		73		99		158		78		138		83		137		100		137		67		70		62		115		69		98		90		92		76		132		152
111		76		108		32		169		48		87		95		16		99		95		118		43		174		120		17		55		104		107		86		155		48		47		139		78		107		85		95		169		102		109		95		15		51		66		23		53		91		46		95		130		57		131		71		21		102		40		18		120		43		71		9		55		74		32		18		206		87		93		187		155		136		15		131		19		61		204		161		95		67		39		94		75		126		75		109		105		34		20		60		129		0		65		51		108		103		86		73		159		116		123		140		97		76		155		34		15		93		52		115		102		104		127		51		127		166		72		39		86		188		177		113		18		110		63		83		39		105		129		125
122		91		125		49		104		63		76		38		71		60		112		53		22		109		55		64		12		59		112		55		90		65		34		74		57		88		54		80		104		81		62		112		54		30		5		42		30		54		49		30		65		26		94		36		44		119		53		81		95		22		86		60		42		91		33		49		141		38		54		122		90		71		52		96		70		14		139		96		30		72		26		29		92		61		58		126		40		31		71		77		64		65		0		68		43		38		37		20		94		131		58		75		60		53		90		51		50		110		69		92		37		51		110		28		90		101		89		52		89		123		112		48		51		45		50		42		28		40		84		104
68		33		57		19		126		5		44		52		49		128		44		113		52		131		115		42		80		61		64		123		112		29		34		96		35		64		42		52		126		59		66		44		36		98		63		42		38		122		19		78		87		42		88		32		60		51		15		59		77		64		28		60		26		23		43		33		163		44		122		144		112		93		36		88		48		54		161		118		60		24		78		51		24		83		32		58		62		41		49		13		116		51		68		0		85		60		105		48		116		73		108		97		54		33		112		17		44		42		31		72		59		61		84		40		84		123		21		16		43		145		134		70		33		67		20		40		90		62		86		82
139		108		142		80		71		80		93		55		114		43		129		28		65		66		30		107		53		76		129		38		79		94		61		65		74		105		71		97		61		98		79		129		97		57		42		85		55		37		66		13		22		51		111		53		87		136		70		124		112		65		103		103		59		108		76		92		98		55		37		79		47		88		95		113		113		47		96		57		25		89		69		38		109		74		75		143		43		74		114		94		31		108		43		85		0		27		22		37		51		148		23		32		77		70		99		76		93		127		96		109		42		68		127		57		107		58		106		69		106		80		69		31		94		38		67		59		71		45		101		121
112		81		115		75		66		55		66		28		109		70		102		55		60		71		57		102		48		49		102		65		52		89		56		38		47		78		44		70		66		71		52		102		92		52		37		80		50		64		57		20		27		46		84		32		82		109		63		119		85		60		76		98		48		81		71		87		103		28		64		84		52		61		90		86		108		42		101		58		8		62		64		11		82		47		48		116		16		69		109		67		58		103		38		60		27		0		47		30		56		121		50		37		50		43		72		71		88		100		91		82		15		41		100		52		80		63		79		64		79		85		74		10		89		11		40		32		66		18		74		94
159		128		162		86		91		100		113		75		92		23		149		32		53		88		34		85		31		96		149		18		99		102		71		85		94		125		91		117		83		118		99		149		75		35		42		63		67		17		86		27		44		63		131		73		65		156		90		102		132		43		123		81		79		128		62		72		120		75		17		101		69		108		73		133		91		51		118		77		45		109		47		58		129		94		95		163		63		64		92		114		43		86		37		105		22		47		0		57		73		168		37		54		97		90		119		88		71		147		106		129		62		88		147		65		127		80		126		89		126		102		91		51		72		58		87		79		49		65		121		141
102		71		105		45		96		43		56		22		79		80		92		65		30		101		67		72		32		39		92		75		82		59		26		66		37		68		34		60		96		61		42		92		62		50		15		50		20		74		29		30		57		16		74		16		52		99		33		89		75		30		66		68		22		71		41		57		133		18		74		114		82		63		60		76		78		12		131		88		22		52		34		21		72		53		38		106		32		39		79		57		68		73		20		48		37		30		57		0		86		111		60		67		40		33		82		41		58		90		61		72		29		31		90		22		70		93		69		34		69		115		104		40		59		37		30		22		42		32		64		84
96		83		99		131		28		111		72		64		165		86		86		71		116		17		73		158		104		55		86		81		36		145		112		22		81		62		74		64		28		57		50		86		148		108		93		136		106		80		113		64		29		102		68		88		138		97		119		175		69		116		88		154		104		95		127		143		47		72		80		28		8		45		146		70		164		98		45		14		64		92		120		65		100		33		84		100		54		125		165		103		74		159		94		116		51		56		73		86		0		105		66		41		62		83		56		127		144		84		147		66		57		55		84		108		64		9		101		120		73		29		18		46		145		49		96		76		122		54		58		78
9		40		16		88		77		68		55		93		122		191		37		176		115		122		178		115		143		72		19		186		69		102		97		83		74		43		77		51		133		50		69		43		105		161		126		105		101		185		82		141		132		105		37		95		123		54		78		132		36		127		45		123		89		52		106		100		90		93		185		85		113		60		103		35		121		117		98		91		123		59		141		110		57		74		73		17		105		104		122		60		179		116		131		73		148		121		168		111		105		0		171		146		71		78		49		84		107		33		104		39		106		80		21		103		41		96		58		79		42		112		109		117		102		110		81		89		153		103		47		27
162		131		165		95		94		103		116		78		129		24		152		5		80		51		7		122		68		99		152		37		102		109		76		88		97		128		94		120		46		121		102		152		112		72		57		100		70		32		89		30		39		66		134		76		102		159		93		139		135		80		126		118		82		131		91		107		83		78		30		86		58		111		110		136		128		62		81		80		48		112		84		61		132		97		98		166		66		89		129		117		8		123		58		108		23		50		37		60		66		171		0		25		100		93		122		91		108		150		111		132		65		91		150		72		130		75		129		92		129		65		62		54		109		61		90		82		86		68		124		144
137		106		140		112		69		92		91		53		146		45		127		30		97		34		32		139		85		74		127		54		77		126		93		63		72		103		69		95		29		96		77		127		129		89		74		117		87		49		94		45		14		83		109		69		119		134		100		156		110		97		101		135		85		106		108		124		66		53		47		61		33		86		127		111		145		79		64		55		45		87		101		46		107		72		73		141		41		106		146		92		33		140		75		97		32		37		54		67		41		146		25		0		75		68		97		108		125		125		128		107		40		66		125		89		105		50		104		101		104		48		37		29		126		36		77		57		103		43		99		119
62		31		65		69		72		49		16		22		103		120		52		105		54		77		107		96		72		7		52		115		58		83		50		42		19		28		12		20		72		21		12		52		86		90		55		74		44		114		51		70		61		40		34		26		76		59		57		113		35		56		26		92		42		33		65		81		109		22		114		90		58		39		84		36		102		46		107		64		52		30		70		39		38		29		22		66		34		63		103		41		108		97		60		54		77		50		97		40		62		71		100		75		0		21		58		65		82		50		85		32		35		9		50		46		30		69		39		58		29		91		80		46		83		39		34		18		82		32		32		44
69		38		72		48		93		28		23		19		82		113		59		98		37		98		100		75		65		28		59		108		79		62		29		63		4		35		9		27		93		28		33		59		65		83		48		53		23		107		30		63		54		27		55		17		55		66		36		92		44		49		33		71		21		38		44		60		130		15		107		111		79		60		63		55		81		39		128		85		45		19		63		32		39		50		5		73		29		42		82		24		101		76		53		33		70		43		90		33		83		78		93		68		21		0		79		44		61		57		64		39		28		28		57		25		51		90		36		37		36		112		101		39		62		34		13		11		75		29		53		51
44		79		55		127		28		107		68		60		161		142		76		127		112		73		129		154		100		51		48		137		20		141		108		34		77		48		70		60		84		53		46		82		144		112		89		132		102		136		109		92		83		98		24		84		134		93		115		171		35		112		84		150		100		91		123		139		51		68		136		36		64		19		142		24		160		94		49		42		74		88		116		61		96		29		80		56		56		121		161		99		130		155		90		112		99		72		119		82		56		49		122		97		58		79		0		123		140		72		143		40		57		51		28		104		28		47		97		116		69		63		60		68		141		61		92		72		118		54		26		30
79		44		74		4		137		16		55		63		38		111		61		96		35		142		98		31		63		72		75		106		123		18		17		107		46		75		53		63		137		70		77		61		21		81		46		25		21		105		14		63		98		25		99		39		43		68		8		48		88		47		39		43		23		40		26		16		174		55		105		155		123		104		19		99		37		37		172		129		63		35		61		62		41		94		43		75		73		24		38		26		99		34		51		17		76		71		88		41		127		84		91		108		65		44		123		0		27		59		20		83		70		72		95		23		95		134		38		7		54		156		145		81		18		78		31		51		73		73		97		93
98		67		101		25		154		39		72		80		21		84		88		103		28		159		105		14		40		89		92		79		140		41		32		124		63		92		70		80		154		87		94		88		8		54		51		8		38		78		31		80		115		42		116		56		16		95		29		31		105		28		62		16		40		67		17		11		191		72		78		172		140		121		8		116		20		46		189		146		80		52		34		79		68		111		60		102		90		19		21		53		114		15		50		44		93		88		71		58		144		107		108		125		82		61		140		27		0		86		45		100		87		89		112		36		112		151		65		28		71		173		162		98		11		95		48		68		46		90		114		110
28		19		17		61		86		47		34		72		89		170		4		155		94		101		157		82		122		51		24		165		72		69		76		62		53		24		56		30		112		29		48		10		78		140		105		84		80		164		61		120		111		84		48		74		102		21		57		99		37		106		24		102		68		19		85		75		123		72		164		104		92		53		78		48		88		96		121		78		102		38		120		89		24		53		52		16		84		83		89		33		158		93		110		42		127		100		147		90		84		33		150		125		50		57		72		59		86		0		71		32		85		59		44		82		44		83		25		58		21		105		94		96		75		89		60		68		132		82		46		42
99		64		88		20		157		36		75		83		36		129		67		114		53		162		116		35		81		92		95		124		143		4		35		127		66		95		73		83		157		90		97		61		37		99		64		43		41		123		34		83		118		45		119		59		61		50		28		34		108		65		59		61		43		52		44		34		194		75		123		175		143		124		37		119		33		55		192		149		83		55		79		82		47		114		63		87		93		42		32		44		117		52		69		31		96		91		106		61		147		104		111		128		85		64		143		20		45		71		0		103		90		92		115		41		115		154		46		27		74		176		165		101		34		98		51		71		91		93		117		113
30		39		33		87		54		67		28		54		121		152		36		137		76		83		139		114		104		33		20		147		40		101		68		44		37		8		38		20		94		13		30		42		104		122		87		92		62		146		69		102		93		66		16		56		94		53		75		131		5		88		44		110		60		51		83		99		91		54		146		72		74		21		102		16		120		78		89		52		84		48		102		71		56		35		40		34		66		81		121		59		140		115		92		72		109		82		129		72		66		39		132		107		32		39		40		83		100		32		103		0		67		41		18		64		12		57		57		76		29		73		70		78		101		71		52		50		114		64		14		12
97		66		100		74		67		54		51		13		108		85		87		70		59		72		72		101		47		34		87		80		53		88		55		37		32		63		29		55		67		56		37		87		91		55		36		79		49		79		56		35		28		45		69		31		81		94		62		118		70		59		61		97		47		66		70		86		104		15		79		85		53		46		89		71		107		41		102		59		17		47		63		8		67		32		33		101		3		68		108		52		73		102		37		59		42		15		62		29		57		106		65		40		35		28		57		70		87		85		90		67		0		26		85		51		65		64		64		63		64		86		75		11		88		8		39		19		65		3		59		79
71		40		74		76		65		56		25		13		110		111		61		96		61		70		98		103		63		8		61		106		51		90		57		35		26		37		19		29		65		30		11		61		93		81		46		81		51		105		58		61		52		47		43		33		83		68		64		120		44		61		35		99		49		40		72		88		102		17		105		83		51		32		91		45		109		43		100		57		43		37		65		30		45		22		29		75		25		70		110		48		99		104		51		61		68		41		88		31		55		80		91		66		9		28		51		72		89		59		92		41		26		0		59		53		39		62		46		65		38		84		73		37		90		30		41		21		73		23		33		53
16		51		27		99		56		79		40		72		133		170		48		155		94		101		157		126		122		51		20		165		48		113		80		62		53		22		56		32		112		29		48		54		116		140		105		104		80		164		81		120		111		84		16		74		106		65		87		143		15		106		56		122		72		63		95		111		79		72		164		64		92		39		114		14		132		96		77		70		102		60		120		89		68		53		52		28		84		93		133		71		158		127		110		84		127		100		147		90		84		21		150		125		50		57		28		95		112		44		115		18		85		59		0		82		20		75		69		88		41		91		88		96		113		89		64		68		132		82		26		6
94		63		97		23		118		35		48		44		57		88		84		73		12		123		75		50		40		53		84		83		104		37		6		88		29		60		34		52		118		53		58		84		40		58		23		28		2		82		21		44		79		6		80		20		30		91		25		67		69		24		58		46		14		63		19		35		155		36		82		136		104		85		38		80		56		14		153		110		44		44		38		43		64		75		30		98		54		17		57		49		78		51		28		40		57		52		65		22		108		103		72		89		46		25		104		23		36		82		41		64		51		53		82		0		76		115		61		24		61		137		126		62		37		59		22		32		50		54		78		76
32		51		35		99		42		79		40		52		133		150		48		135		84		81		137		126		102		31		22		145		28		113		80		42		49		20		42		32		92		25		28		54		116		120		85		104		74		144		81		100		91		70		4		56		106		65		87		143		7		86		56		122		72		63		95		111		79		52		144		60		72		19		114		6		132		76		77		50		82		60		100		69		68		33		52		36		64		93		133		71		138		127		90		84		107		80		127		70		64		41		130		105		30		51		28		95		112		44		115		12		65		39		20		76		0		55		69		88		41		71		68		76		113		69		64		48		112		62		6		14
87		90		90		138		19		118		79		71		172		95		87		80		123		26		82		165		111		62		77		90		27		152		119		27		88		59		81		71		37		64		57		93		155		115		100		143		113		89		120		71		36		109		59		95		145		104		126		182		60		123		95		161		111		102		134		150		40		79		89		21		17		36		153		61		171		105		38		5		71		99		127		72		107		40		91		91		61		132		172		110		83		166		101		123		58		63		80		93		9		96		75		50		69		90		47		134		151		83		154		57		64		62		75		115		55		0		108		127		80		22		13		53		152		56		103		83		129		61		49		69
53		18		42		40		111		26		29		51		64		149		23		134		73		116		136		57		101		46		49		144		97		44		55		81		32		49		35		37		111		44		51		23		57		119		84		63		59		143		40		99		90		63		73		53		81		30		36		74		62		85		13		81		47		6		64		54		148		51		143		129		97		78		57		73		63		75		146		103		81		17		99		68		3		68		31		41		63		62		64		12		137		72		89		21		106		79		126		69		101		58		129		104		39		36		97		38		65		25		46		57		64		46		69		61		69		108		0		37		28		130		119		75		54		68		39		47		111		61		71		67
72		39		73		11		130		11		48		56		45		112		60		97		36		135		99		38		64		65		68		107		116		25		18		100		39		68		46		56		130		63		70		60		28		82		47		26		22		106		7		62		91		26		92		32		44		67		1		55		81		48		34		44		16		39		27		23		167		48		106		148		116		97		26		92		44		38		165		122		56		28		62		55		40		87		36		74		66		25		45		25		100		39		52		16		69		64		89		34		120		79		92		101		58		37		116		7		28		58		27		76		63		65		88		24		88		127		37		0		47		149		138		74		25		71		24		44		74		66		90		86
33		10		36		58		83		38		13		51		92		149		23		134		73		88		136		85		101		30		23		144		69		72		55		53		32		21		35		9		91		16		27		23		75		119		84		63		59		143		40		99		90		63		45		53		81		30		46		102		34		85		15		81		47		22		64		70		120		51		143		101		71		50		73		45		91		75		118		75		81		19		99		68		27		40		31		37		63		62		92		30		137		86		89		43		106		79		126		69		73		42		129		104		29		36		69		54		71		21		74		29		64		38		41		61		41		80		28		47		0		102		91		75		72		68		39		47		111		61		43		39
103		112		106		160		35		140		101		93		194		89		109		70		145		14		68		187		133		84		93		102		43		174		141		49		110		81		103		93		21		86		79		115		177		137		122		165		135		97		142		93		58		131		75		117		167		126		148		204		76		145		117		183		133		124		156		172		22		101		95		27		33		52		175		77		193		127		16		27		93		121		149		94		129		62		113		107		83		154		194		132		67		188		123		145		80		85		102		115		29		112		65		48		91		112		63		156		173		105		176		73		86		84		91		137		71		22		130		149		102		0		11		75		174		78		125		105		151		83		65		85
100		101		103		149		32		129		90		82		183		82		98		67		134		13		69		176		122		73		90		91		40		163		130		38		99		70		92		82		24		75		68		104		166		126		111		154		124		86		131		82		47		120		72		106		156		115		137		193		73		134		106		172		122		113		145		161		29		90		84		24		22		49		164		74		182		116		27		18		82		110		138		83		118		51		102		104		72		143		183		121		70		177		112		134		69		74		91		104		18		109		62		37		80		101		60		145		162		94		165		70		75		73		88		126		68		13		119		138		91		11		0		64		163		67		114		94		140		72		62		82
108		77		111		85		56		65		62		24		119		74		98		59		70		61		61		112		58		45		98		69		48		99		66		34		43		74		40		66		56		67		48		98		102		62		47		90		60		68		67		24		17		56		80		42		92		105		73		129		81		70		72		108		58		77		81		97		93		26		68		74		42		57		100		82		118		52		91		48		18		58		74		19		78		43		44		112		12		79		119		63		62		113		48		70		31		10		51		40		46		117		54		29		46		39		68		81		98		96		101		78		11		37		96		62		76		53		75		74		75		75		64		0		99		7		50		30		76		14		70		90
97		62		90		14		155		34		73		81		20		95		77		104		29		160		106		13		47		90		93		90		141		30		33		125		64		93		71		81		155		88		95		77		3		65		52		9		39		89		32		81		116		43		117		57		27		84		26		30		106		31		57		27		41		56		18		2		192		73		89		173		141		122		3		117		19		47		190		147		81		53		45		80		57		112		61		91		91		20		20		42		115		18		51		33		94		89		72		59		145		102		109		126		83		62		141		18		11		75		34		101		88		90		113		37		113		152		54		25		72		174		163		99		0		96		49		69		57		91		115		111
101		70		104		82		59		62		55		17		116		81		91		66		67		64		68		109		55		38		91		76		45		96		63		29		36		67		33		59		59		60		41		91		99		59		44		87		57		75		64		31		22		53		73		39		89		98		70		126		74		67		65		105		55		70		78		94		96		23		75		77		45		50		97		75		115		49		94		51		15		51		71		16		71		36		37		105		5		76		116		56		69		110		45		67		38		11		58		37		49		110		61		36		39		34		61		78		95		89		98		71		8		30		89		59		69		56		68		71		68		78		67		7		96		0		47		27		73		7		63		83
72		41		75		35		106		15		26		32		69		110		62		95		34		111		97		62		62		41		62		105		92		49		16		76		15		44		22		32		106		39		46		62		52		80		45		40		20		104		17		60		67		24		68		14		42		69		23		79		57		46		36		58		8		41		31		47		143		24		104		124		92		73		50		68		68		36		141		98		42		22		60		31		42		63		12		76		42		29		69		27		98		63		50		20		67		40		87		30		96		81		90		77		34		13		92		31		48		60		51		52		39		41		64		22		64		103		39		24		39		125		114		50		49		47		0		20		72		42		66		62
80		49		83		55		86		35		34		12		89		102		70		87		40		91		89		82		54		21		70		97		72		69		36		56		15		46		12		38		86		39		26		70		72		72		37		60		30		96		37		52		47		26		52		12		62		77		43		99		53		40		44		78		28		49		51		67		123		4		96		104		72		53		70		54		88		28		121		78		34		30		52		21		50		43		16		84		22		49		89		35		90		83		42		40		59		32		79		22		76		89		82		57		18		11		72		51		68		68		71		50		19		21		68		32		48		83		47		44		47		105		94		30		69		27		20		0		64		22		46		62
144		113		147		71		132		85		98		60		55		62		134		81		38		137		83		56		18		81		134		49		118		87		56		102		79		110		76		102		132		103		84		134		54		14		29		48		52		54		71		58		93		48		116		58		30		141		75		57		117		26		108		32		64		113		47		57		169		60		56		150		118		99		54		118		58		36		167		124		58		94		12		57		114		89		80		148		68		49		59		99		92		39		28		90		71		66		49		42		122		153		86		103		82		75		118		73		46		132		91		114		65		73		132		50		112		129		111		74		111		151		140		76		57		73		72		64		0		68		106		126
94		63		97		77		64		57		48		10		111		88		84		73		62		69		75		104		50		31		84		83		50		91		58		34		29		60		26		52		64		53		34		84		94		58		39		82		52		82		59		38		29		48		66		34		84		91		65		121		67		62		58		100		50		63		73		89		101		18		82		82		50		43		92		68		110		44		99		56		20		44		66		11		64		29		30		98		2		71		111		49		76		105		40		62		45		18		65		32		54		103		68		43		32		29		54		73		90		82		93		64		3		23		82		54		62		61		61		66		61		83		72		14		91		7		42		22		68		0		56		76
38		53		41		101		40		81		42		46		135		144		50		129		86		75		131		128		96		25		28		139		26		115		82		36		51		22		44		34		86		27		22		56		118		114		79		106		76		138		83		94		85		72		10		58		108		67		89		145		11		86		58		124		74		65		97		113		77		46		138		58		66		13		116		12		134		70		75		44		76		62		94		63		70		27		54		42		58		95		135		73		132		129		84		86		101		74		121		64		58		47		124		99		32		53		26		97		114		46		117		14		59		33		26		78		6		49		71		90		43		65		62		70		115		63		66		46		106		56		0		20
18		49		25		97		50		77		38		66		131		164		46		149		88		95		151		124		116		45		18		159		42		111		78		56		47		18		50		30		106		23		42		52		114		134		99		102		74		158		79		114		105		78		10		68		104		63		85		141		9		100		54		120		70		61		93		109		81		66		158		62		86		33		112		8		130		90		79		64		96		58		114		83		66		47		50		26		78		91		131		69		152		125		104		82		121		94		141		84		78		27		144		119		44		51		30		93		110		42		113		12		79		53		6		76		14		69		67		86		39		85		82		90		111		83		62		62		126		76		20		0
