120
0		29		105		106		68		43		113		110		61		47		91		168		68		75		188		92		106		31		169		91		128		102		130		43		50		117		26		31		92		97		95		159		53		86		127		204		54		116		20		105		112		47		11		49		130		109		63		186		135		133		106		114		67		69		93		119		109		114		135		181		108		147		117		162		94		82		143		191		81		124		111		125		34		98		127		111		84		142		120		112		76		117		73		113		115		123		126		171		139		174		124		99		76		71		94		61		147		160		59		99		169		127		98		70		69		50		106		118		124		94		137		171		103		99		79		103		60		113		130		33
29		0		106		107		69		14		114		111		68		54		92		169		69		76		189		93		107		60		170		84		129		103		131		72		51		118		25		48		93		68		66		160		24		57		128		205		55		117		9		98		85		24		34		50		131		110		64		187		136		134		81		93		68		72		94		120		80		85		136		182		109		148		118		163		95		83		144		192		82		125		112		106		11		99		128		112		85		113		121		113		77		118		72		114		116		124		127		172		140		175		125		100		77		72		75		32		148		161		50		100		170		128		91		71		70		41		107		119		105		95		138		172		104		102		54		90		41		114		131		34
105		106		0		43		55		114		60		5		62		58		54		63		37		46		83		43		85		74		64		68		23		65		57		66		55		44		81		74		41		74		72		54		84		63		58		99		51		11		111		82		89		82		94		56		73		72		42		81		30		44		83		91		52		66		32		82		86		91		56		76		7		42		24		57		21		55		38		86		24		19		44		102		95		13		44		22		51		119		53		45		39		74		50		34		52		18		23		66		38		69		65		54		37		34		71		78		42		55		56		50		64		22		75		35		36		65		65		95		101		11		44		66		80		96		56		80		65		30		77		72
106		107		43		0		38		115		103		40		45		59		97		62		38		31		82		14		42		75		69		111		22		108		24		63		56		87		82		75		14		117		115		53		85		106		101		98		54		40		112		125		132		83		95		57		30		29		43		80		43		27		126		134		39		37		75		39		129		134		99		75		50		41		19		56		64		98		51		85		41		24		5		145		96		30		87		21		94		162		96		88		82		117		93		77		9		47		20		65		33		72		22		97		30		45		114		81		41		88		79		93		63		51		118		78		75		70		108		138		144		38		31		65		123		53		99		123		80		13		120		73
68		69		55		38		0		77		115		52		7		21		109		100		42		9		120		24		38		37		101		123		60		120		62		25		62		99		58		37		24		129		127		91		85		118		113		136		66		52		74		137		144		79		57		23		62		41		47		118		67		65		138		146		3		11		87		51		141		146		111		113		62		79		49		94		76		110		75		123		53		56		43		157		66		42		99		43		106		174		108		100		94		129		105		89		47		59		58		103		71		106		56		109		18		57		126		93		79		100		91		105		101		63		130		90		87		82		120		150		156		50		69		103		135		41		111		135		92		45		132		57
43		14		114		115		77		0		122		119		82		68		100		177		77		84		197		101		115		74		178		92		137		111		139		86		59		126		33		62		101		74		58		168		30		65		136		213		63		125		23		106		93		32		48		58		139		118		72		195		144		142		89		101		76		86		102		128		70		73		144		190		117		156		126		171		103		91		152		200		90		133		120		114		19		107		136		120		93		101		129		121		85		126		80		122		124		132		135		180		148		183		133		108		85		80		83		36		156		169		58		108		178		136		99		79		78		49		115		127		113		103		146		180		112		116		62		98		49		122		139		42
113		114		60		103		115		122		0		63		122		108		22		99		73		106		75		103		145		114		56		30		83		11		117		126		63		16		89		102		101		48		64		104		92		57		14		91		59		63		119		22		29		90		102		92		133		132		68		73		60		104		33		31		112		126		28		142		52		49		22		68		53		92		84		73		39		31		52		78		62		79		104		42		103		73		16		82		29		59		7		15		37		14		42		26		112		56		83		66		98		61		125		14		97		58		39		86		72		47		64		14		94		52		23		43		44		73		7		35		41		65		104		82		20		156		60		24		73		90		17		80
110		111		5		40		52		119		63		0		59		63		57		58		42		43		78		40		82		79		59		71		20		68		54		67		60		47		86		79		38		77		75		49		89		66		61		94		56		6		116		85		92		87		99		61		70		69		47		76		25		41		86		94		49		63		35		79		89		94		59		71		10		37		21		52		24		58		33		81		29		16		41		105		100		12		47		19		54		122		56		48		42		77		53		37		49		13		20		61		35		64		62		57		34		39		74		83		37		50		61		53		59		17		78		40		41		70		68		98		104		16		41		61		83		93		59		83		70		27		80		77
61		68		62		45		7		82		122		59		0		14		116		107		49		16		127		31		45		30		108		130		67		127		69		18		69		106		65		30		31		136		134		98		92		125		120		143		73		59		67		144		151		86		50		30		69		48		54		125		74		72		145		153		10		8		94		58		148		153		118		120		69		86		56		101		83		117		82		130		60		63		50		164		73		49		106		50		113		181		115		107		101		136		112		96		54		66		65		110		78		113		63		116		25		64		133		100		86		107		98		112		108		70		137		97		94		89		127		157		163		57		76		110		142		38		118		142		99		52		139		64
47		54		58		59		21		68		108		63		14		0		102		121		35		28		141		45		59		16		122		116		81		113		83		18		55		92		51		16		45		122		120		112		78		111		106		157		59		69		53		130		137		72		36		16		83		62		40		139		88		86		131		139		20		22		80		72		134		139		104		134		61		100		70		115		69		103		96		144		46		77		64		150		59		51		92		64		99		167		101		93		87		122		98		82		68		76		79		124		92		127		77		102		29		50		119		86		100		113		84		98		122		80		123		83		80		75		113		143		149		47		90		124		128		52		104		128		85		66		125		50
91		92		54		97		109		100		22		57		116		102		0		93		67		100		97		97		139		108		78		14		77		11		111		120		47		26		67		96		95		26		42		98		70		35		36		113		43		57		97		28		35		68		82		86		127		126		62		95		54		98		29		37		106		120		22		136		32		37		44		90		47		86		78		71		33		9		52		100		56		73		98		48		81		67		36		76		7		65		29		21		15		26		20		22		106		50		77		80		92		83		119		8		91		52		17		64		66		69		42		8		88		46		21		21		22		51		15		41		47		59		98		80		26		150		38		26		51		84		39		58
168		169		63		62		100		177		99		58		107		121		93		0		100		93		42		76		62		137		65		107		40		104		38		125		118		83		144		137		76		113		119		9		147		112		97		38		114		52		174		121		128		145		157		119		38		59		105		42		39		35		122		130		101		99		75		49		125		130		95		55		60		21		51		26		74		94		47		45		87		44		57		141		158		70		83		57		90		158		92		84		92		113		97		73		53		45		42		33		29		68		44		93		92		97		110		141		27		84		119		89		5		47		114		98		99		128		104		134		140		74		31		17		119		69		115		119		128		55		116		135
68		69		37		38		42		77		73		42		49		35		67		100		0		33		120		30		72		41		101		81		60		78		62		53		20		57		44		37		28		87		85		91		47		76		71		136		24		48		74		95		102		45		57		19		62		59		5		118		67		65		96		104		39		53		45		69		99		104		69		113		40		79		49		94		34		68		75		123		13		56		43		115		58		30		59		43		64		132		66		58		52		87		63		47		47		55		58		103		71		106		56		67		24		15		84		51		79		92		49		63		101		59		88		48		45		40		78		108		114		26		69		103		93		83		69		93		50		45		90		35
75		76		46		31		9		84		106		43		16		28		100		93		33		0		113		17		39		44		94		114		53		111		55		32		53		90		51		44		17		120		118		84		76		109		104		129		57		43		81		128		135		70		64		26		55		34		38		111		60		58		129		137		8		20		78		44		132		137		102		106		53		72		42		87		67		101		68		116		44		49		36		148		65		33		90		36		97		165		99		91		85		120		96		80		40		50		51		96		64		99		49		100		9		48		117		84		72		91		82		96		94		54		121		81		78		73		111		141		147		41		62		96		126		50		102		126		83		38		123		48
188		189		83		82		120		197		75		78		127		141		97		42		120		113		0		96		88		157		23		105		60		86		60		145		138		71		164		157		96		123		139		47		167		132		61		16		134		72		194		91		104		165		177		139		76		79		125		2		53		55		108		96		121		119		95		85		127		124		53		13		80		41		71		26		94		106		45		3		107		64		77		99		178		90		61		77		104		116		68		76		112		71		117		75		73		65		62		17		49		26		68		89		112		117		114		161		41		42		139		89		37		61		98		118		119		148		82		92		98		94		51		25		85		99		135		99		148		75		74		155
92		93		43		14		24		101		103		40		31		45		97		76		30		17		96		0		42		61		77		111		36		108		38		49		50		87		68		61		2		117		115		67		73		106		101		112		54		40		98		125		132		69		81		43		38		29		35		94		43		41		126		134		25		23		75		39		129		134		99		89		50		55		25		70		64		98		51		99		41		32		19		145		82		30		87		21		94		162		96		88		82		117		93		77		23		47		34		79		47		82		32		97		16		45		114		81		55		88		79		93		77		51		118		78		75		70		108		138		144		38		45		79		123		53		99		123		80		21		120		59
106		107		85		42		38		115		145		82		45		59		139		62		72		39		88		42		0		75		111		153		62		150		28		63		92		129		88		75		44		159		157		53		115		148		143		98		96		82		112		167		174		109		95		57		24		13		77		88		85		41		168		176		39		37		117		13		171		176		141		101		92		53		61		72		106		140		93		91		83		66		41		187		96		72		129		63		136		204		138		130		124		159		135		119		33		89		62		79		47		114		20		139		48		87		156		123		73		130		121		135		63		93		160		120		117		112		150		180		186		80		41		65		165		11		141		165		122		55		162		87
31		60		74		75		37		74		114		79		30		16		108		137		41		44		157		61		75		0		138		122		97		119		99		12		61		98		57		12		61		128		126		128		84		117		112		173		65		85		51		136		143		78		26		22		99		78		46		155		104		102		137		145		36		38		86		88		140		145		110		150		77		116		86		131		75		109		112		160		52		93		80		156		65		67		98		80		105		173		107		99		93		128		104		88		84		92		95		140		108		143		93		108		45		56		125		92		116		129		90		104		138		96		129		89		86		81		119		149		155		63		106		140		134		68		110		134		91		82		131		56
169		170		64		69		101		178		56		59		108		122		78		65		101		94		23		77		111		138		0		86		49		67		83		126		119		52		145		138		77		104		120		70		148		113		42		35		115		53		175		72		85		146		158		120		99		98		106		23		34		70		89		77		102		100		76		108		108		105		34		12		61		58		52		39		75		87		26		22		88		45		70		76		159		71		42		58		85		93		49		57		93		52		98		56		78		46		49		32		64		5		91		70		93		98		95		142		38		19		120		70		60		42		79		99		100		129		63		69		75		75		70		48		66		122		116		80		129		56		51		136
91		84		68		111		123		92		30		71		130		116		14		107		81		114		105		111		153		122		86		0		91		19		125		134		61		34		65		110		109		18		34		112		62		27		44		121		57		71		89		14		21		60		96		100		141		140		76		103		68		112		15		23		120		134		36		150		22		23		52		98		61		100		92		81		47		13		60		108		70		87		112		34		73		81		44		90		17		51		37		29		29		34		18		34		120		64		91		88		106		91		133		16		105		66		9		56		80		77		34		18		102		60		7		33		36		43		23		35		33		73		112		90		20		164		30		12		43		98		47		66
128		129		23		22		60		137		83		20		67		81		77		40		60		53		60		36		62		97		49		91		0		88		34		85		78		67		104		97		36		97		95		31		107		86		81		76		74		20		134		105		112		105		117		79		50		49		65		58		23		21		106		114		61		59		55		59		109		114		79		53		30		19		11		34		44		78		31		63		47		4		21		125		118		30		67		17		74		142		76		68		62		97		73		57		29		27		2		43		15		52		42		77		52		57		94		101		19		68		79		73		41		31		98		58		59		88		88		118		124		34		21		43		103		73		79		103		88		15		100		95
102		103		65		108		120		111		11		68		127		113		11		104		78		111		86		108		150		119		67		19		88		0		122		131		58		21		78		107		106		37		53		109		81		46		25		102		54		68		108		17		24		79		93		97		138		137		73		84		65		109		22		26		117		131		33		147		41		38		33		79		58		97		89		78		44		20		57		89		67		84		109		37		92		78		25		87		18		54		18		20		26		15		31		31		117		61		88		71		103		72		130		11		102		63		28		75		77		58		53		15		99		57		12		32		33		62		4		30		36		70		109		87		15		161		49		15		62		95		28		69
130		131		57		24		62		139		117		54		69		83		111		38		62		55		60		38		28		99		83		125		34		122		0		87		80		101		106		99		38		131		129		29		109		120		115		74		76		54		136		139		146		107		119		81		16		21		67		60		57		13		140		148		63		61		89		25		143		148		113		73		64		25		33		44		78		112		65		63		55		38		19		159		120		44		101		35		108		176		110		102		96		131		107		91		15		61		34		51		19		86		8		111		54		59		128		103		45		102		93		107		39		65		132		92		89		90		122		152		158		52		13		41		137		39		113		137		94		27		134		97
43		72		66		63		25		86		126		67		18		18		120		125		53		32		145		49		63		12		126		134		85		131		87		0		73		110		69		24		49		140		138		116		96		129		124		161		77		73		63		148		155		90		38		34		87		66		58		143		92		90		149		157		24		26		98		76		152		157		122		138		73		104		74		119		87		121		100		148		64		81		68		168		77		55		110		68		117		185		119		111		105		140		116		100		72		80		83		128		96		131		81		120		33		68		137		104		104		117		102		116		126		84		141		101		98		93		131		161		167		61		94		128		146		56		122		146		103		70		143		68
50		51		55		56		62		59		63		60		69		55		47		118		20		53		138		50		92		61		119		61		78		58		80		73		0		67		26		49		48		67		65		109		29		56		77		154		4		66		56		75		82		27		39		39		80		79		15		136		85		83		76		84		59		73		43		89		79		84		85		131		58		97		67		112		44		48		93		141		31		74		61		95		40		48		77		61		44		112		70		62		32		67		43		63		65		73		76		121		89		124		74		49		44		21		64		31		97		110		29		49		119		77		68		28		25		20		58		88		94		44		87		121		73		103		49		73		30		63		80		17
117		118		44		87		99		126		16		47		106		92		26		83		57		90		71		87		129		98		52		34		67		21		101		110		67		0		93		86		85		52		68		88		96		61		14		87		63		47		123		38		45		94		106		76		117		116		54		69		44		88		39		47		96		110		24		126		56		53		18		64		37		76		68		57		23		35		36		74		46		63		88		58		107		57		10		66		33		75		9		5		41		30		46		10		96		40		67		54		82		57		109		18		81		46		43		90		56		43		68		18		78		36		31		47		48		77		21		51		57		49		88		66		36		140		64		36		77		74		33		84
26		25		81		82		58		33		89		86		65		51		67		144		44		51		164		68		88		57		145		65		104		78		106		69		26		93		0		45		68		71		69		135		27		60		103		180		30		92		30		79		86		21		31		35		106		85		39		162		111		109		80		88		55		69		69		95		83		88		111		157		84		123		93		138		70		58		119		167		57		100		87		99		14		74		103		87		60		116		96		88		52		93		47		89		91		99		102		147		115		150		100		75		52		47		68		35		123		136		33		75		145		103		72		46		45		24		82		94		98		70		113		147		79		99		53		77		34		89		106		9
31		48		74		75		37		62		102		79		30		16		96		137		37		44		157		61		75		12		138		110		97		107		99		24		49		86		45		0		61		116		114		128		72		105		100		173		53		85		39		124		131		66		20		18		99		78		34		155		104		102		125		133		36		38		74		88		128		133		104		150		77		116		86		131		63		97		112		160		50		93		80		144		53		67		96		80		93		161		95		87		81		116		92		82		84		92		95		140		108		143		93		96		45		44		113		80		116		129		78		92		138		96		117		77		74		69		107		137		143		63		106		140		122		68		98		122		79		82		119		44
92		93		41		14		24		101		101		38		31		45		95		76		28		17		96		2		44		61		77		109		36		106		38		49		48		85		68		61		0		115		113		67		71		104		99		112		52		38		98		123		130		69		81		43		38		31		33		94		43		41		124		132		25		25		73		41		127		132		97		89		48		55		25		70		62		96		51		99		39		32		19		143		82		28		85		19		92		160		94		86		80		115		91		75		23		45		34		79		47		82		32		95		16		43		112		79		55		86		77		91		77		49		116		76		73		68		106		136		142		36		45		79		121		55		97		121		78		21		118		59
97		68		74		117		129		74		48		77		136		122		26		113		87		120		123		117		159		128		104		18		97		37		131		140		67		52		71		116		115		0		16		118		44		11		62		139		63		77		77		32		19		50		102		106		147		146		82		121		74		118		15		27		126		140		42		156		12		17		70		116		67		106		98		97		53		19		78		126		76		93		118		40		63		87		62		96		23		45		55		47		35		52		24		48		126		70		97		106		112		109		139		34		111		72		9		38		86		95		38		34		108		66		25		39		42		47		41		53		39		79		118		106		38		170		18		24		37		104		65		72
95		66		72		115		127		58		64		75		134		120		42		119		85		118		139		115		157		126		120		34		95		53		129		138		65		68		69		114		113		16		0		116		42		9		78		155		61		75		75		48		35		48		100		104		145		144		80		137		86		116		31		43		124		138		44		154		14		19		86		132		65		104		96		113		51		33		94		142		74		91		116		56		61		85		78		94		35		47		71		63		33		68		22		64		124		74		95		122		110		125		137		50		109		70		25		34		98		111		36		50		120		78		41		37		40		45		57		69		55		77		116		122		54		168		16		40		35		102		81		70
159		160		54		53		91		168		104		49		98		112		98		9		91		84		47		67		53		128		70		112		31		109		29		116		109		88		135		128		67		118		116		0		138		107		102		45		105		43		165		126		133		136		148		110		29		50		96		47		44		26		127		135		92		90		76		40		130		135		100		60		51		12		42		31		65		99		52		50		78		35		48		146		149		61		88		48		95		163		97		89		83		118		94		78		44		48		33		38		20		73		35		98		83		88		115		132		32		89		110		94		10		52		119		89		90		119		109		139		145		65		22		22		124		60		106		124		119		46		121		126
53		24		84		85		85		30		92		89		92		78		70		147		47		76		167		73		115		84		148		62		107		81		109		96		29		96		27		72		71		44		42		138		0		35		106		183		33		95		33		76		63		6		58		62		109		102		42		165		114		112		59		71		82		96		72		112		56		61		114		160		87		126		96		141		73		61		122		170		60		103		90		84		19		77		106		90		63		89		99		91		55		96		50		92		94		102		105		150		118		153		103		78		67		50		53		8		126		139		28		78		148		106		69		49		48		19		85		97		83		73		116		150		82		126		32		68		19		92		109		28
86		57		63		106		118		65		57		66		125		111		35		112		76		109		132		106		148		117		113		27		86		46		120		129		56		61		60		105		104		11		9		107		35		0		71		148		52		66		66		41		28		39		91		95		136		135		71		130		79		107		24		36		115		129		37		145		23		28		79		125		56		95		87		106		42		26		87		135		65		82		107		49		52		76		71		85		28		56		64		56		24		61		15		57		115		67		86		115		101		118		128		43		100		61		18		29		91		104		27		43		113		71		34		28		31		36		50		62		48		68		107		115		47		159		7		33		26		93		74		61
127		128		58		101		113		136		14		61		120		106		36		97		71		104		61		101		143		112		42		44		81		25		115		124		77		14		103		100		99		62		78		102		106		71		0		77		73		61		133		30		43		104		116		90		131		130		66		59		58		102		47		35		110		124		34		140		66		63		8		54		51		90		82		71		37		45		50		64		60		77		102		44		117		71		14		80		43		61		7		15		51		16		56		24		110		54		81		64		96		47		123		28		95		56		53		100		70		33		78		28		92		50		37		57		58		87		21		37		43		63		102		80		24		154		74		38		87		88		19		94
204		205		99		98		136		213		91		94		143		157		113		38		136		129		16		112		98		173		35		121		76		102		74		161		154		87		180		173		112		139		155		45		183		148		77		0		150		88		210		107		120		181		193		155		74		95		141		18		69		71		124		112		137		135		111		85		143		140		69		23		96		57		87		42		110		122		61		13		123		80		93		103		194		106		77		93		120		120		84		92		128		87		133		91		89		81		78		33		65		30		80		105		128		133		130		177		57		46		155		105		35		77		114		134		135		164		98		96		102		110		67		33		101		105		151		115		164		91		78		171
54		55		51		54		66		63		59		56		73		59		43		114		24		57		134		54		96		65		115		57		74		54		76		77		4		63		30		53		52		63		61		105		33		52		73		150		0		62		60		71		78		31		43		43		84		83		19		132		81		79		72		80		63		77		39		93		75		80		81		127		54		93		63		108		40		44		89		137		27		70		57		91		44		44		73		57		40		108		66		58		28		63		39		59		63		69		72		117		85		120		76		45		48		17		60		27		93		106		25		45		115		73		64		24		21		16		54		84		90		40		83		117		69		107		45		69		26		59		76		21
116		117		11		40		52		125		63		6		59		69		57		52		48		43		72		40		82		85		53		71		20		68		54		73		66		47		92		85		38		77		75		43		95		66		61		88		62		0		122		85		92		93		105		67		70		69		53		70		19		41		86		94		49		63		35		79		89		94		59		65		10		31		21		46		24		58		27		75		35		16		41		105		106		18		47		19		54		122		56		48		42		77		53		37		49		7		20		55		35		58		62		57		40		45		74		89		31		48		67		53		53		11		78		46		47		76		68		98		104		22		41		55		83		93		63		83		76		27		80		83
20		9		111		112		74		23		119		116		67		53		97		174		74		81		194		98		112		51		175		89		134		108		136		63		56		123		30		39		98		77		75		165		33		66		133		210		60		122		0		103		92		29		25		55		136		115		69		192		141		139		86		98		73		75		99		125		89		94		141		187		114		153		123		168		100		88		149		197		87		130		117		111		16		104		133		117		90		122		126		118		82		123		77		119		121		129		132		177		145		180		130		105		82		77		80		41		153		166		55		105		175		133		96		76		75		46		112		124		110		100		143		177		109		105		59		95		46		119		136		39
105		98		82		125		137		106		22		85		144		130		28		121		95		128		91		125		167		136		72		14		105		17		139		148		75		38		79		124		123		32		48		126		76		41		30		107		71		85		103		0		13		74		110		114		155		154		90		89		82		126		17		9		134		148		50		164		36		33		38		84		75		114		106		95		61		27		74		94		84		101		126		20		87		95		38		104		31		37		29		37		43		20		32		48		134		78		105		88		120		77		147		28		119		80		23		70		94		63		48		32		116		74		7		47		50		57		17		21		19		87		126		104		6		178		44		8		57		112		33		80
112		85		89		132		144		93		29		92		151		137		35		128		102		135		104		132		174		143		85		21		112		24		146		155		82		45		86		131		130		19		35		133		63		28		43		120		78		92		92		13		0		65		117		121		162		161		97		102		89		133		6		8		141		155		57		171		23		20		51		97		82		121		113		102		68		34		81		107		91		108		133		21		78		102		45		111		38		30		36		44		50		33		39		55		141		85		112		95		127		90		154		35		126		87		18		57		101		76		53		39		123		81		14		54		57		62		24		34		20		94		133		111		19		185		33		9		52		119		46		87
47		24		82		83		79		32		90		87		86		72		68		145		45		70		165		69		109		78		146		60		105		79		107		90		27		94		21		66		69		50		48		136		6		39		104		181		31		93		29		74		65		0		52		56		107		96		40		163		112		110		59		69		76		90		70		106		62		67		112		158		85		124		94		139		71		59		120		168		58		101		88		82		13		75		104		88		61		95		97		89		53		94		48		90		92		100		103		148		116		151		101		76		61		48		51		14		124		137		26		76		146		104		67		47		46		17		83		95		81		71		114		148		80		120		32		66		17		90		107		22
11		34		94		95		57		48		102		99		50		36		82		157		57		64		177		81		95		26		158		96		117		93		119		38		39		106		31		20		81		102		100		148		58		91		116		193		43		105		25		110		117		52		0		38		119		98		52		175		124		122		111		119		56		58		82		108		114		119		124		170		97		136		106		151		83		83		132		180		70		113		100		130		39		87		116		100		79		147		109		101		67		106		78		102		104		112		115		160		128		163		113		88		65		60		99		66		136		149		64		88		158		116		103		63		60		55		95		123		129		83		126		160		108		88		84		108		65		102		119		30
49		50		56		57		23		58		92		61		30		16		86		119		19		26		139		43		57		22		120		100		79		97		81		34		39		76		35		18		43		106		104		110		62		95		90		155		43		67		55		114		121		56		38		0		81		60		24		137		86		84		115		123		20		34		64		70		118		123		88		132		59		98		68		113		53		87		94		142		32		75		62		134		43		49		78		62		83		151		85		77		71		106		82		66		66		74		77		122		90		125		75		86		27		34		103		70		98		111		68		82		120		78		107		67		64		59		97		127		133		45		88		122		112		64		88		112		69		64		109		34
130		131		73		30		62		139		133		70		69		83		127		38		62		55		76		38		24		99		99		141		50		138		16		87		80		117		106		99		38		147		145		29		109		136		131		74		84		70		136		155		162		107		119		81		0		21		67		76		73		29		156		164		63		61		105		11		159		164		129		89		80		41		49		60		94		128		81		79		71		54		29		175		120		60		117		51		124		192		126		118		112		147		123		107		21		77		50		67		35		102		8		127		54		75		144		111		61		118		109		123		39		81		148		108		105		100		138		168		174		68		29		51		153		31		129		153		110		43		150		97
109		110		72		29		41		118		132		69		48		62		126		59		59		34		79		29		13		78		98		140		49		137		21		66		79		116		85		78		31		146		144		50		102		135		130		95		83		69		115		154		161		96		98		60		21		0		64		77		72		28		155		163		42		40		104		10		158		163		128		88		79		40		48		59		93		127		80		82		70		53		28		174		99		59		116		50		123		191		125		117		111		146		122		106		20		76		49		66		34		101		15		126		35		74		143		110		60		117		108		122		60		80		147		107		104		99		137		167		173		67		28		62		152		24		128		152		109		42		149		76
63		64		42		43		47		72		68		47		54		40		62		105		5		38		125		35		77		46		106		76		65		73		67		58		15		54		39		34		33		82		80		96		42		71		66		141		19		53		69		90		97		40		52		24		67		64		0		123		72		70		91		99		44		58		40		74		94		99		72		118		45		84		54		99		31		63		80		128		18		61		48		110		53		35		64		48		59		127		61		53		47		82		58		50		52		60		63		108		76		111		61		62		29		10		79		46		84		97		44		58		106		64		83		43		40		35		73		103		109		31		74		108		88		88		64		88		45		50		85		30
186		187		81		80		118		195		73		76		125		139		95		42		118		111		2		94		88		155		23		103		58		84		60		143		136		69		162		155		94		121		137		47		165		130		59		18		132		70		192		89		102		163		175		137		76		77		123		0		51		53		106		94		119		117		93		85		125		122		53		13		78		39		69		24		92		104		43		5		105		62		75		99		176		88		59		75		102		116		66		74		110		71		115		73		71		63		60		15		47		26		68		87		110		115		112		159		39		42		137		87		37		59		96		116		117		146		80		92		98		92		49		25		83		99		133		97		146		73		74		153
135		136		30		43		67		144		60		25		74		88		54		39		67		60		53		43		85		104		34		68		23		65		57		92		85		44		111		104		43		74		86		44		114		79		58		69		81		19		141		82		89		112		124		86		73		72		72		51		0		44		83		91		68		66		42		82		86		91		56		46		27		32		24		27		41		55		8		56		54		19		44		102		125		37		44		24		51		119		53		45		59		74		64		34		52		12		23		36		38		39		65		54		59		64		71		108		12		45		86		50		34		8		75		65		66		95		65		95		101		41		44		36		80		96		82		80		95		30		77		102
133		134		44		27		65		142		104		41		72		86		98		35		65		58		55		41		41		102		70		112		21		109		13		90		83		88		109		102		41		118		116		26		112		107		102		71		79		41		139		126		133		110		122		84		29		28		70		53		44		0		127		135		66		64		76		38		130		135		100		60		51		14		20		31		65		99		52		58		52		25		22		146		123		35		88		22		95		163		97		89		83		118		94		78		18		48		21		38		6		73		21		98		57		62		115		106		32		89		84		94		36		52		119		79		76		93		109		139		145		39		4		38		124		52		100		124		93		20		121		100
106		81		83		126		138		89		33		86		145		131		29		122		96		129		108		126		168		137		89		15		106		22		140		149		76		39		80		125		124		15		31		127		59		24		47		124		72		86		86		17		6		59		111		115		156		155		91		106		83		127		0		12		135		149		51		165		19		16		55		101		76		115		107		96		62		28		75		111		85		102		127		25		72		96		47		105		32		36		40		38		44		37		33		49		135		79		106		91		121		94		148		29		120		81		12		53		95		80		47		33		117		75		10		48		51		56		26		38		24		88		127		105		23		179		27		9		46		113		50		81
114		93		91		134		146		101		31		94		153		139		37		130		104		137		96		134		176		145		77		23		114		26		148		157		84		47		88		133		132		27		43		135		71		36		35		112		80		94		98		9		8		69		119		123		164		163		99		94		91		135		12		0		143		157		59		173		31		28		43		89		84		123		115		104		70		36		83		99		93		110		135		13		82		104		47		113		40		28		38		46		52		25		41		57		143		87		114		97		129		82		156		37		128		89		20		65		103		68		55		41		125		83		16		56		59		64		26		26		12		96		135		113		11		187		39		11		54		121		38		89
67		68		52		39		3		76		112		49		10		20		106		101		39		8		121		25		39		36		102		120		61		117		63		24		59		96		55		36		25		126		124		92		82		115		110		137		63		49		73		134		141		76		56		20		63		42		44		119		68		66		135		143		0		14		84		52		138		143		108		114		59		80		50		95		73		107		76		124		50		57		44		154		63		39		96		44		103		171		105		97		91		126		102		86		48		56		59		104		72		107		57		106		15		54		123		90		80		97		88		102		102		60		127		87		84		79		117		147		153		47		70		104		132		44		108		132		89		46		129		54
69		72		66		37		11		86		126		63		8		22		120		99		53		20		119		23		37		38		100		134		59		131		61		26		73		110		69		38		25		140		138		90		96		129		124		135		77		63		75		148		155		90		58		34		61		40		58		117		66		64		149		157		14		0		98		50		152		157		122		112		73		78		48		93		87		121		74		122		64		55		42		168		77		53		110		44		117		185		119		111		105		140		116		100		46		70		57		102		70		105		55		120		29		68		137		104		78		111		102		116		100		74		141		101		98		93		131		161		167		61		68		102		146		30		122		146		103		44		143		68
93		94		32		75		87		102		28		35		94		80		22		75		45		78		95		75		117		86		76		36		55		33		89		98		43		24		69		74		73		42		44		76		72		37		34		111		39		35		99		50		57		70		82		64		105		104		40		93		42		76		51		59		84		98		0		114		54		59		42		88		25		64		56		69		11		23		50		98		34		51		76		70		83		45		34		54		19		87		27		19		17		42		22		20		84		30		55		78		70		81		97		22		69		30		39		66		54		67		44		18		76		34		43		23		24		53		33		63		69		37		76		78		48		128		40		48		53		62		45		60
119		120		82		39		51		128		142		79		58		72		136		49		69		44		85		39		13		88		108		150		59		147		25		76		89		126		95		88		41		156		154		40		112		145		140		85		93		79		125		164		171		106		108		70		11		10		74		85		82		38		165		173		52		50		114		0		168		173		138		98		89		50		58		69		103		137		90		88		80		63		38		184		109		69		126		60		133		201		135		127		121		156		132		116		30		86		59		76		44		111		17		136		45		84		153		120		70		127		118		132		50		90		157		117		114		109		147		177		183		77		38		60		162		20		138		162		119		52		159		86
109		80		86		129		141		70		52		89		148		134		32		125		99		132		127		129		171		140		108		22		109		41		143		152		79		56		83		128		127		12		14		130		56		23		66		143		75		89		89		36		23		62		114		118		159		158		94		125		86		130		19		31		138		152		54		168		0		5		74		120		79		118		110		101		65		31		82		130		88		105		130		44		75		99		66		108		35		33		59		51		47		56		36		52		138		82		109		110		124		113		151		38		123		84		15		48		98		99		50		38		120		78		29		51		54		59		45		57		43		91		130		110		42		182		30		28		49		116		69		84
114		85		91		134		146		73		49		94		153		139		37		130		104		137		124		134		176		145		105		23		114		38		148		157		84		53		88		133		132		17		19		135		61		28		63		140		80		94		94		33		20		67		119		123		164		163		99		122		91		135		16		28		143		157		59		173		5		0		71		117		84		123		115		104		70		36		83		127		93		110		135		41		80		104		63		113		40		28		56		48		52		53		41		57		143		87		114		107		129		110		156		37		128		89		20		53		103		96		55		41		125		83		26		56		59		64		42		54		40		96		135		113		39		187		35		25		54		121		66		89
135		136		56		99		111		144		22		59		118		104		44		95		69		102		53		99		141		110		34		52		79		33		113		122		85		18		111		104		97		70		86		100		114		79		8		69		81		59		141		38		51		112		124		88		129		128		72		53		56		100		55		43		108		122		42		138		74		71		0		46		49		88		80		69		41		53		48		56		58		75		100		46		125		69		12		78		51		63		15		23		59		18		64		22		108		52		79		62		94		39		121		36		93		64		61		108		68		25		86		36		90		48		45		65		66		95		29		39		45		61		100		78		32		152		82		46		95		86		21		102
181		182		76		75		113		190		68		71		120		134		90		55		113		106		13		89		101		150		12		98		53		79		73		138		131		64		157		150		89		116		132		60		160		125		54		23		127		65		187		84		97		158		170		132		89		88		118		13		46		60		101		89		114		112		88		98		120		117		46		0		73		48		64		29		87		99		38		10		100		57		70		86		171		83		54		70		97		103		61		69		105		64		110		68		68		58		55		22		54		13		81		82		105		110		107		154		34		29		132		82		50		54		91		111		112		141		75		79		85		87		60		38		78		112		128		92		141		68		61		148
108		109		7		50		62		117		53		10		69		61		47		60		40		53		80		50		92		77		61		61		30		58		64		73		58		37		84		77		48		67		65		51		87		56		51		96		54		10		114		75		82		85		97		59		80		79		45		78		27		51		76		84		59		73		25		89		79		84		49		73		0		39		31		54		14		48		35		83		27		26		51		95		98		20		37		29		44		112		46		38		32		67		43		27		59		15		30		63		45		66		72		47		44		37		64		81		39		52		59		43		61		19		68		38		39		68		58		88		94		14		51		63		73		103		55		73		68		37		70		75
147		148		42		41		79		156		92		37		86		100		86		21		79		72		41		55		53		116		58		100		19		97		25		104		97		76		123		116		55		106		104		12		126		95		90		57		93		31		153		114		121		124		136		98		41		40		84		39		32		14		115		123		80		78		64		50		118		123		88		48		39		0		30		19		53		87		40		44		66		23		36		134		137		49		76		36		83		151		85		77		71		106		82		66		32		36		21		26		8		61		33		86		71		76		103		120		20		77		98		82		22		40		107		77		78		107		97		127		133		53		12		24		112		64		94		112		107		34		109		114
117		118		24		19		49		126		84		21		56		70		78		51		49		42		71		25		61		86		52		92		11		89		33		74		67		68		93		86		25		98		96		42		96		87		82		87		63		21		123		106		113		94		106		68		49		48		54		69		24		20		107		115		50		48		56		58		110		115		80		64		31		30		0		45		45		79		32		74		36		7		20		126		107		19		68		6		75		143		77		69		63		98		74		58		28		28		9		54		22		57		41		78		41		46		95		90		30		69		68		74		52		32		99		59		56		77		89		119		125		23		20		54		104		72		80		104		77		6		101		84
162		163		57		56		94		171		73		52		101		115		71		26		94		87		26		70		72		131		39		81		34		78		44		119		112		57		138		131		70		97		113		31		141		106		71		42		108		46		168		95		102		139		151		113		60		59		99		24		27		31		96		104		95		93		69		69		101		104		69		29		54		19		45		0		68		80		21		29		81		38		51		115		152		64		57		51		78		132		66		58		86		87		91		49		47		39		36		9		25		42		52		67		86		91		88		135		15		58		113		63		21		35		88		92		93		122		78		108		114		68		31		9		93		83		109		93		122		49		90		129
94		95		21		64		76		103		39		24		83		69		33		74		34		67		94		64		106		75		75		47		44		44		78		87		44		23		70		63		62		53		51		65		73		42		37		110		40		24		100		61		68		71		83		53		94		93		31		92		41		65		62		70		73		87		11		103		65		70		41		87		14		53		45		68		0		34		49		97		23		40		65		81		84		34		33		43		30		98		32		24		18		53		29		19		73		29		44		77		59		80		86		33		58		23		50		67		53		66		45		29		75		33		54		24		25		54		44		74		80		26		65		77		59		117		41		59		54		51		56		61
82		83		55		98		110		91		31		58		117		103		9		94		68		101		106		98		140		109		87		13		78		20		112		121		48		35		58		97		96		19		33		99		61		26		45		122		44		58		88		27		34		59		83		87		128		127		63		104		55		99		28		36		107		121		23		137		31		36		53		99		48		87		79		80		34		0		61		109		57		74		99		47		72		68		45		77		4		64		38		30		16		35		11		31		107		51		78		89		93		92		120		17		92		53		16		55		67		78		33		17		89		47		20		20		23		42		24		40		46		60		99		89		25		151		29		25		42		85		48		53
143		144		38		51		75		152		52		33		82		96		52		47		75		68		45		51		93		112		26		60		31		57		65		100		93		36		119		112		51		78		94		52		122		87		50		61		89		27		149		74		81		120		132		94		81		80		80		43		8		52		75		83		76		74		50		90		82		83		48		38		35		40		32		21		49		61		0		48		62		27		52		94		133		45		36		32		59		111		45		37		67		66		72		30		60		20		31		28		46		31		73		46		67		72		69		116		20		37		94		44		42		16		67		73		74		103		57		87		93		49		52		30		72		104		90		72		103		38		69		110
191		192		86		85		123		200		78		81		130		144		100		45		123		116		3		99		91		160		22		108		63		89		63		148		141		74		167		160		99		126		142		50		170		135		64		13		137		75		197		94		107		168		180		142		79		82		128		5		56		58		111		99		124		122		98		88		130		127		56		10		83		44		74		29		97		109		48		0		110		67		80		96		181		93		64		80		107		113		71		79		115		74		120		78		76		68		65		20		52		23		71		92		115		120		117		164		44		39		142		92		40		64		101		121		122		151		85		89		95		97		54		28		88		102		138		102		151		78		71		158
81		82		24		41		53		90		62		29		60		46		56		87		13		44		107		41		83		52		88		70		47		67		55		64		31		46		57		50		39		76		74		78		60		65		60		123		27		35		87		84		91		58		70		32		71		70		18		105		54		52		85		93		50		64		34		80		88		93		58		100		27		66		36		81		23		57		62		110		0		43		42		104		71		17		46		30		53		121		55		47		41		76		52		36		50		42		45		90		58		93		63		56		35		10		73		54		66		79		38		52		88		46		77		37		34		41		67		97		103		13		56		90		82		94		58		82		41		32		79		48
124		125		19		24		56		133		79		16		63		77		73		44		56		49		64		32		66		93		45		87		4		84		38		81		74		63		100		93		32		93		91		35		103		82		77		80		70		16		130		101		108		101		113		75		54		53		61		62		19		25		102		110		57		55		51		63		105		110		75		57		26		23		7		38		40		74		27		67		43		0		25		121		114		26		63		13		70		138		72		64		58		93		69		53		33		23		4		47		19		50		46		73		48		53		90		97		23		64		75		69		45		27		94		54		55		84		84		114		120		30		25		47		99		77		75		99		84		11		96		91
111		112		44		5		43		120		104		41		50		64		98		57		43		36		77		19		41		80		70		112		21		109		19		68		61		88		87		80		19		118		116		48		90		107		102		93		57		41		117		126		133		88		100		62		29		28		48		75		44		22		127		135		44		42		76		38		130		135		100		70		51		36		20		51		65		99		52		80		42		25		0		146		101		31		88		22		95		163		97		89		83		118		94		78		8		48		21		60		28		73		21		98		35		46		115		84		36		89		80		94		58		52		119		79		76		71		109		139		145		39		26		60		124		52		100		124		81		14		121		78
125		106		102		145		157		114		42		105		164		150		48		141		115		148		99		145		187		156		76		34		125		37		159		168		95		58		99		144		143		40		56		146		84		49		44		103		91		105		111		20		21		82		130		134		175		174		110		99		102		146		25		13		154		168		70		184		44		41		46		86		95		134		126		115		81		47		94		96		104		121		146		0		95		115		58		124		51		17		49		57		63		28		52		68		154		98		125		108		140		73		167		48		139		100		31		78		114		57		66		52		136		94		27		67		70		75		37		13		1		107		146		124		22		198		52		22		65		132		25		100
34		11		95		96		66		19		103		100		73		59		81		158		58		65		178		82		96		65		159		73		118		92		120		77		40		107		14		53		82		63		61		149		19		52		117		194		44		106		16		87		78		13		39		43		120		99		53		176		125		123		72		82		63		77		83		109		75		80		125		171		98		137		107		152		84		72		133		181		71		114		101		95		0		88		117		101		74		108		110		102		66		107		61		103		105		113		116		161		129		164		114		89		66		61		64		27		137		150		39		89		159		117		80		60		59		30		96		108		94		84		127		161		93		107		45		79		30		103		120		23
98		99		13		30		42		107		73		12		49		51		67		70		30		33		90		30		72		67		71		81		30		78		44		55		48		57		74		67		28		87		85		61		77		76		71		106		44		18		104		95		102		75		87		49		60		59		35		88		37		35		96		104		39		53		45		69		99		104		69		83		20		49		19		64		34		68		45		93		17		26		31		115		88		0		57		13		64		132		66		58		52		87		63		47		39		25		28		73		41		76		52		67		24		27		84		71		49		62		49		63		71		29		88		48		45		58		78		108		114		8		39		73		93		83		69		93		58		17		90		65
127		128		44		87		99		136		16		47		106		92		36		83		59		90		61		87		129		98		42		44		67		25		101		110		77		10		103		96		85		62		78		88		106		71		14		77		73		47		133		38		45		104		116		78		117		116		64		59		44		88		47		47		96		110		34		126		66		63		12		54		37		76		68		57		33		45		36		64		46		63		88		58		117		57		0		66		43		75		9		15		51		30		56		14		96		40		67		50		82		47		109		28		81		56		53		100		56		33		78		28		78		36		37		57		58		87		21		51		57		49		88		66		36		140		74		38		87		74		33		94
111		112		22		21		43		120		82		19		50		64		76		57		43		36		77		21		63		80		58		90		17		87		35		68		61		66		87		80		19		96		94		48		90		85		80		93		57		19		117		104		111		88		100		62		51		50		48		75		24		22		105		113		44		44		54		60		108		113		78		70		29		36		6		51		43		77		32		80		30		13		22		124		101		13		66		0		73		141		75		67		61		96		72		56		30		26		15		60		28		63		43		76		35		40		93		84		36		67		62		72		58		30		97		57		54		71		87		117		123		17		26		60		102		74		78		102		71		8		99		78
84		85		51		94		106		93		29		54		113		99		7		90		64		97		104		94		136		105		85		17		74		18		108		117		44		33		60		93		92		23		35		95		63		28		43		120		40		54		90		31		38		61		79		83		124		123		59		102		51		95		32		40		103		117		19		133		35		40		51		97		44		83		75		78		30		4		59		107		53		70		95		51		74		64		43		73		0		68		36		28		12		33		13		29		103		47		74		87		89		90		116		15		88		49		20		57		63		76		35		15		85		43		24		16		19		44		22		44		50		56		95		87		29		147		31		29		44		81		46		51
142		113		119		162		174		101		59		122		181		167		65		158		132		165		116		162		204		173		93		51		142		54		176		185		112		75		116		161		160		45		47		163		89		56		61		120		108		122		122		37		30		95		147		151		192		191		127		116		119		163		36		28		171		185		87		201		33		28		63		103		112		151		143		132		98		64		111		113		121		138		163		17		108		132		75		141		68		0		66		74		80		45		69		85		171		115		142		125		157		90		184		65		156		117		48		81		131		74		83		69		153		111		44		84		87		92		54		26		18		124		163		141		39		215		63		39		82		149		42		117
120		121		53		96		108		129		7		56		115		101		29		92		66		99		68		96		138		107		49		37		76		18		110		119		70		9		96		95		94		55		71		97		99		64		7		84		66		56		126		29		36		97		109		85		126		125		61		66		53		97		40		38		105		119		27		135		59		56		15		61		46		85		77		66		32		38		45		71		55		72		97		49		110		66		9		75		36		66		0		8		44		21		49		19		105		49		76		59		91		54		118		21		90		51		46		93		65		40		71		21		87		45		30		50		51		80		14		42		48		58		97		75		27		149		67		31		80		83		24		87
112		113		45		88		100		121		15		48		107		93		21		84		58		91		76		88		130		99		57		29		68		20		102		111		62		5		88		87		86		47		63		89		91		56		15		92		58		48		118		37		44		89		101		77		118		117		53		74		45		89		38		46		97		111		19		127		51		48		23		69		38		77		69		58		24		30		37		79		47		64		89		57		102		58		15		67		28		74		8		0		36		29		41		11		97		41		68		59		83		62		110		13		82		43		38		85		57		48		63		13		79		37		30		42		43		72		20		50		56		50		89		67		35		141		59		35		72		75		32		79
76		77		39		82		94		85		37		42		101		87		15		92		52		85		112		82		124		93		93		29		62		26		96		105		32		41		52		81		80		35		33		83		55		24		51		128		28		42		82		43		50		53		67		71		112		111		47		110		59		83		44		52		91		105		17		121		47		52		59		105		32		71		63		86		18		16		67		115		41		58		83		63		66		52		51		61		12		80		44		36		0		41		11		37		91		47		62		95		77		98		104		23		76		37		32		49		71		84		27		23		93		51		36		6		7		36		30		56		62		44		83		95		41		135		23		41		36		69		54		43
117		118		74		117		129		126		14		77		136		122		26		113		87		120		71		117		159		128		52		34		97		15		131		140		67		30		93		116		115		52		68		118		96		61		16		87		63		77		123		20		33		94		106		106		147		146		82		71		74		118		37		25		126		140		42		156		56		53		18		64		67		106		98		87		53		35		66		74		76		93		118		28		107		87		30		96		33		45		21		29		41		0		46		40		126		70		97		80		112		57		139		20		111		72		43		90		86		43		68		24		108		66		27		47		48		77		11		21		27		79		118		96		14		170		64		28		77		104		13		84
73		72		50		93		105		80		42		53		112		98		20		97		63		96		117		93		135		104		98		18		73		31		107		116		43		46		47		92		91		24		22		94		50		15		56		133		39		53		77		32		39		48		78		82		123		122		58		115		64		94		33		41		102		116		22		132		36		41		64		110		43		82		74		91		29		11		72		120		52		69		94		52		61		63		56		72		13		69		49		41		11		46		0		42		102		52		73		100		88		103		115		28		87		48		21		44		76		89		22		28		98		56		25		15		18		31		35		47		51		55		94		100		32		146		18		30		31		80		59		48
113		114		34		77		89		122		26		37		96		82		22		73		47		80		75		77		119		88		56		34		57		31		91		100		63		10		89		82		75		48		64		78		92		57		24		91		59		37		119		48		55		90		102		66		107		106		50		73		34		78		49		57		86		100		20		116		52		57		22		68		27		66		58		49		19		31		30		78		36		53		78		68		103		47		14		56		29		85		19		11		37		40		42		0		86		30		57		58		72		61		99		20		71		42		39		86		46		47		64		16		68		26		41		43		44		73		31		61		67		39		78		58		46		130		60		46		73		64		43		80
115		116		52		9		47		124		112		49		54		68		106		53		47		40		73		23		33		84		78		120		29		117		15		72		65		96		91		84		23		126		124		44		94		115		110		89		63		49		121		134		141		92		104		66		21		20		52		71		52		18		135		143		48		46		84		30		138		143		108		68		59		32		28		47		73		107		60		76		50		33		8		154		105		39		96		30		103		171		105		97		91		126		102		86		0		56		29		56		24		81		13		106		39		54		123		90		40		97		88		102		54		60		127		87		84		79		117		147		153		47		22		56		132		44		108		132		89		22		129		82
123		124		18		47		59		132		56		13		66		76		50		45		55		50		65		47		89		92		46		64		27		61		61		80		73		40		99		92		45		70		74		48		102		67		54		81		69		7		129		78		85		100		112		74		77		76		60		63		12		48		79		87		56		70		30		86		82		87		52		58		15		36		28		39		29		51		20		68		42		23		48		98		113		25		40		26		47		115		49		41		47		70		52		30		56		0		27		48		42		51		69		50		47		52		67		96		24		41		74		46		46		4		71		53		54		83		61		91		97		29		48		48		76		100		70		76		83		34		73		90
126		127		23		20		58		135		83		20		65		79		77		42		58		51		62		34		62		95		49		91		2		88		34		83		76		67		102		95		34		97		95		33		105		86		81		78		72		20		132		105		112		103		115		77		50		49		63		60		23		21		106		114		59		57		55		59		109		114		79		55		30		21		9		36		44		78		31		65		45		4		21		125		116		28		67		15		74		142		76		68		62		97		73		57		29		27		0		45		15		52		42		77		50		55		94		99		21		68		77		73		43		31		98		58		57		86		88		118		124		32		21		45		103		73		79		103		86		13		100		93
171		172		66		65		103		180		66		61		110		124		80		33		103		96		17		79		79		140		32		88		43		71		51		128		121		54		147		140		79		106		122		38		150		115		64		33		117		55		177		88		95		148		160		122		67		66		108		15		36		38		91		97		104		102		78		76		110		107		62		22		63		26		54		9		77		89		28		20		90		47		60		108		161		73		50		60		87		125		59		59		95		80		100		58		56		48		45		0		32		35		59		72		95		100		97		144		24		51		122		72		28		44		81		101		102		131		71		101		107		77		38		16		86		90		118		86		131		58		83		138
139		140		38		33		71		148		98		35		78		92		92		29		71		64		49		47		47		108		64		106		15		103		19		96		89		82		115		108		47		112		110		20		118		101		96		65		85		35		145		120		127		116		128		90		35		34		76		47		38		6		121		129		72		70		70		44		124		129		94		54		45		8		22		25		59		93		46		52		58		19		28		140		129		41		82		28		89		157		91		83		77		112		88		72		24		42		15		32		0		67		27		92		63		68		109		112		26		83		90		88		30		46		113		73		70		99		103		133		139		45		6		32		118		58		94		118		99		26		115		106
174		175		69		72		106		183		61		64		113		127		83		68		106		99		26		82		114		143		5		91		52		72		86		131		124		57		150		143		82		109		125		73		153		118		47		30		120		58		180		77		90		151		163		125		102		101		111		26		39		73		94		82		107		105		81		111		113		110		39		13		66		61		57		42		80		92		31		23		93		50		73		73		164		76		47		63		90		90		54		62		98		57		103		61		81		51		52		35		67		0		94		75		98		103		100		147		41		16		125		75		63		47		84		104		105		134		68		66		72		80		73		51		71		125		121		85		134		61		48		141
124		125		65		22		56		133		125		62		63		77		119		44		56		49		68		32		20		93		91		133		42		130		8		81		74		109		100		93		32		139		137		35		103		128		123		80		76		62		130		147		154		101		113		75		8		15		61		68		65		21		148		156		57		55		97		17		151		156		121		81		72		33		41		52		86		120		73		71		63		46		21		167		114		52		109		43		116		184		118		110		104		139		115		99		13		69		42		59		27		94		0		119		48		67		136		103		53		110		101		115		45		73		140		100		97		92		130		160		166		60		21		47		145		31		121		145		102		35		142		91
99		100		54		97		109		108		14		57		116		102		8		93		67		100		89		97		139		108		70		16		77		11		111		120		49		18		75		96		95		34		50		98		78		43		28		105		45		57		105		28		35		76		88		86		127		126		62		87		54		98		29		37		106		120		22		136		38		37		36		82		47		86		78		67		33		17		46		92		56		73		98		48		89		67		28		76		15		65		21		13		23		20		28		20		106		50		77		72		92		75		119		0		91		52		25		72		66		61		50		4		88		46		21		29		30		59		11		41		47		59		98		76		26		150		46		26		59		84		31		66
76		77		37		30		18		85		97		34		25		29		91		92		24		9		112		16		48		45		93		105		52		102		54		33		44		81		52		45		16		111		109		83		67		100		95		128		48		40		82		119		126		61		65		27		54		35		29		110		59		57		120		128		15		29		69		45		123		128		93		105		44		71		41		86		58		92		67		115		35		48		35		139		66		24		81		35		88		156		90		82		76		111		87		71		39		47		50		95		63		98		48		91		0		39		108		75		71		84		73		87		93		51		112		72		69		64		102		132		138		32		61		95		117		59		93		117		74		37		114		43
71		72		34		45		57		80		58		39		64		50		52		97		15		48		117		45		87		56		98		66		57		63		59		68		21		46		47		44		43		72		70		88		50		61		56		133		17		45		77		80		87		48		60		34		75		74		10		115		64		62		81		89		54		68		30		84		84		89		64		110		37		76		46		91		23		53		72		120		10		53		46		100		61		27		56		40		49		117		51		43		37		72		48		42		54		52		55		100		68		103		67		52		39		0		69		44		76		89		34		48		98		56		73		33		30		31		63		93		99		23		66		100		78		98		54		78		35		42		75		38
94		75		71		114		126		83		39		74		133		119		17		110		84		117		114		114		156		125		95		9		94		28		128		137		64		43		68		113		112		9		25		115		53		18		53		130		60		74		80		23		18		51		99		103		144		143		79		112		71		115		12		20		123		137		39		153		15		20		61		107		64		103		95		88		50		16		69		117		73		90		115		31		64		84		53		93		20		48		46		38		32		43		21		39		123		67		94		97		109		100		136		25		108		69		0		47		83		86		35		25		105		63		16		36		39		44		32		44		30		76		115		97		29		167		21		15		34		101		56		69
61		32		78		81		93		36		86		83		100		86		64		141		51		84		161		81		123		92		142		56		101		75		103		104		31		90		35		80		79		38		34		132		8		29		100		177		27		89		41		70		57		14		66		70		111		110		46		159		108		106		53		65		90		104		66		120		48		53		108		154		81		120		90		135		67		55		116		164		54		97		84		78		27		71		100		84		57		81		93		85		49		90		44		86		90		96		99		144		112		147		103		72		75		44		47		0		120		133		22		72		142		100		63		43		42		13		79		91		77		67		110		144		76		134		26		62		13		86		103		36
147		148		42		41		79		156		72		37		86		100		66		27		79		72		41		55		73		116		38		80		19		77		45		104		97		56		123		116		55		86		98		32		126		91		70		57		93		31		153		94		101		124		136		98		61		60		84		39		12		32		95		103		80		78		54		70		98		103		68		34		39		20		30		15		53		67		20		44		66		23		36		114		137		49		56		36		63		131		65		57		71		86		76		46		40		24		21		24		26		41		53		66		71		76		83		120		0		57		98		62		22		20		87		77		78		107		77		107		113		53		32		24		92		84		94		92		107		34		89		114
160		161		55		88		100		169		47		50		107		113		69		84		92		91		42		88		130		129		19		77		68		58		102		117		110		43		136		129		86		95		111		89		139		104		33		46		106		48		166		63		76		137		149		111		118		117		97		42		45		89		80		68		97		111		67		127		99		96		25		29		52		77		69		58		66		78		37		39		79		64		89		57		150		62		33		67		76		74		40		48		84		43		89		47		97		41		68		51		83		16		110		61		84		89		86		133		57		0		111		61		79		37		70		90		91		120		54		50		56		66		89		67		57		141		107		71		120		75		32		127
59		50		56		79		91		58		64		61		98		84		42		119		49		82		139		79		121		90		120		34		79		53		93		102		29		68		33		78		77		38		36		110		28		27		78		155		25		67		55		48		53		26		64		68		109		108		44		137		86		84		47		55		88		102		44		118		50		55		86		132		59		98		68		113		45		33		94		142		38		75		80		66		39		49		78		62		35		83		71		63		27		68		22		64		88		74		77		122		90		125		101		50		73		34		35		22		98		111		0		50		120		78		41		21		20		9		57		69		65		45		88		122		54		132		20		44		9		66		81		34
99		100		50		93		105		108		14		53		112		98		8		89		63		96		89		93		135		104		70		18		73		15		107		116		49		18		75		92		91		34		50		94		78		43		28		105		45		53		105		32		39		76		88		82		123		122		58		87		50		94		33		41		102		116		18		132		38		41		36		82		43		82		74		63		29		17		44		92		52		69		94		52		89		63		28		72		15		69		21		13		23		24		28		16		102		46		73		72		88		75		115		4		87		48		25		72		62		61		50		0		84		42		25		29		30		59		15		45		51		55		94		72		30		146		46		30		59		80		31		66
169		170		64		63		101		178		94		59		108		122		88		5		101		94		37		77		63		138		60		102		41		99		39		126		119		78		145		138		77		108		120		10		148		113		92		35		115		53		175		116		123		146		158		120		39		60		106		37		34		36		117		125		102		100		76		50		120		125		90		50		61		22		52		21		75		89		42		40		88		45		58		136		159		71		78		58		85		153		87		79		93		108		98		68		54		46		43		28		30		63		45		88		93		98		105		142		22		79		120		84		0		42		109		99		100		129		99		129		135		75		32		12		114		70		116		114		129		56		111		136
127		128		22		51		63		136		52		17		70		80		46		47		59		54		61		51		93		96		42		60		31		57		65		84		77		36		103		96		49		66		78		52		106		71		50		77		73		11		133		74		81		104		116		78		81		80		64		59		8		52		75		83		60		74		34		90		78		83		48		54		19		40		32		35		33		47		16		64		46		27		52		94		117		29		36		30		43		111		45		37		51		66		56		26		60		4		31		44		46		47		73		46		51		56		63		100		20		37		78		42		42		0		67		57		58		87		57		87		93		33		52		44		72		104		74		72		87		38		69		94
98		91		75		118		130		99		23		78		137		123		21		114		88		121		98		118		160		129		79		7		98		12		132		141		68		31		72		117		116		25		41		119		69		34		37		114		64		78		96		7		14		67		103		107		148		147		83		96		75		119		10		16		127		141		43		157		29		26		45		91		68		107		99		88		54		20		67		101		77		94		119		27		80		88		37		97		24		44		30		30		36		27		25		41		127		71		98		81		113		84		140		21		112		73		16		63		87		70		41		25		109		67		0		40		43		50		16		28		26		80		119		97		13		171		37		5		50		105		40		73
70		71		35		78		90		79		43		40		97		83		21		98		48		81		118		78		120		89		99		33		58		32		92		101		28		47		46		77		76		39		37		89		49		28		57		134		24		46		76		47		54		47		63		67		108		107		43		116		65		79		48		56		87		101		23		117		51		56		65		111		38		77		59		92		24		20		73		121		37		54		79		67		60		48		57		57		16		84		50		42		6		47		15		43		87		53		58		101		73		104		100		29		72		33		36		43		77		90		21		29		99		57		40		0		3		30		36		60		66		40		79		101		45		131		21		45		30		65		60		37
69		70		36		75		87		78		44		41		94		80		22		99		45		78		119		75		117		86		100		36		59		33		89		98		25		48		45		74		73		42		40		90		48		31		58		135		21		47		75		50		57		46		60		64		105		104		40		117		66		76		51		59		84		98		24		114		54		59		66		112		39		78		56		93		25		23		74		122		34		55		76		70		59		45		58		54		19		87		51		43		7		48		18		44		84		54		57		102		70		105		97		30		69		30		39		42		78		91		20		30		100		58		43		3		0		29		37		63		69		37		76		102		48		128		24		48		29		62		61		36
50		41		65		70		82		49		73		70		89		75		51		128		40		73		148		70		112		81		129		43		88		62		90		93		20		77		24		69		68		47		45		119		19		36		87		164		16		76		46		57		62		17		55		59		100		99		35		146		95		93		56		64		79		93		53		109		59		64		95		141		68		107		77		122		54		42		103		151		41		84		71		75		30		58		87		71		44		92		80		72		36		77		31		73		79		83		86		131		99		134		92		59		64		31		44		13		107		120		9		59		129		87		50		30		29		0		66		78		74		54		97		131		63		123		29		53		10		73		90		25
106		107		65		108		120		115		7		68		127		113		15		104		78		111		82		108		150		119		63		23		88		4		122		131		58		21		82		107		106		41		57		109		85		50		21		98		54		68		112		17		24		83		95		97		138		137		73		80		65		109		26		26		117		131		33		147		45		42		29		75		58		97		89		78		44		24		57		85		67		84		109		37		96		78		21		87		22		54		14		20		30		11		35		31		117		61		88		71		103		68		130		11		102		63		32		79		77		54		57		15		99		57		16		36		37		66		0		30		36		70		109		87		15		161		53		17		66		95		24		73
118		119		95		138		150		127		35		98		157		143		41		134		108		141		92		138		180		149		69		35		118		30		152		161		88		51		94		137		136		53		69		139		97		62		37		96		84		98		124		21		34		95		123		127		168		167		103		92		95		139		38		26		147		161		63		177		57		54		39		79		88		127		119		108		74		40		87		89		97		114		139		13		108		108		51		117		44		26		42		50		56		21		47		61		147		91		118		101		133		66		160		41		132		93		44		91		107		50		69		45		129		87		28		60		63		78		30		0		14		100		139		117		15		191		65		29		78		125		18		93
124		105		101		144		156		113		41		104		163		149		47		140		114		147		98		144		186		155		75		33		124		36		158		167		94		57		98		143		142		39		55		145		83		48		43		102		90		104		110		19		20		81		129		133		174		173		109		98		101		145		24		12		153		167		69		183		43		40		45		85		94		133		125		114		80		46		93		95		103		120		145		1		94		114		57		123		50		18		48		56		62		27		51		67		153		97		124		107		139		72		166		47		138		99		30		77		113		56		65		51		135		93		26		66		69		74		36		14		0		106		145		123		21		197		51		21		64		131		26		99
94		95		11		38		50		103		65		16		57		47		59		74		26		41		94		38		80		63		75		73		34		70		52		61		44		49		70		63		36		79		77		65		73		68		63		110		40		22		100		87		94		71		83		45		68		67		31		92		41		39		88		96		47		61		37		77		91		96		61		87		14		53		23		68		26		60		49		97		13		30		39		107		84		8		49		17		56		124		58		50		44		79		55		39		47		29		32		77		45		80		60		59		32		23		76		67		53		66		45		55		75		33		80		40		37		54		70		100		106		0		43		77		85		91		61		85		54		25		82		61
137		138		44		31		69		146		104		41		76		90		98		31		69		62		51		45		41		106		70		112		21		109		13		94		87		88		113		106		45		118		116		22		116		107		102		67		83		41		143		126		133		114		126		88		29		28		74		49		44		4		127		135		70		68		76		38		130		135		100		60		51		12		20		31		65		99		52		54		56		25		26		146		127		39		88		26		95		163		97		89		83		118		94		78		22		48		21		38		6		73		21		98		61		66		115		110		32		89		88		94		32		52		119		79		76		97		109		139		145		43		0		34		124		52		100		124		97		24		121		104
171		172		66		65		103		180		82		61		110		124		80		17		103		96		25		79		65		140		48		90		43		87		41		128		121		66		147		140		79		106		122		22		150		115		80		33		117		55		177		104		111		148		160		122		51		62		108		25		36		38		105		113		104		102		78		60		110		113		78		38		63		24		54		9		77		89		30		28		90		47		60		124		161		73		66		60		87		141		75		67		95		96		100		58		56		48		45		16		32		51		47		76		95		100		97		144		24		67		122		72		12		44		97		101		102		131		87		117		123		77		34		0		102		74		118		102		131		58		99		138
103		104		80		123		135		112		20		83		142		128		26		119		93		126		85		123		165		134		66		20		103		15		137		146		73		36		79		122		121		38		54		124		82		47		24		101		69		83		109		6		19		80		108		112		153		152		88		83		80		124		23		11		132		146		48		162		42		39		32		78		73		112		104		93		59		25		72		88		82		99		124		22		93		93		36		102		29		39		27		35		41		14		32		46		132		76		103		86		118		71		145		26		117		78		29		76		92		57		54		30		114		72		13		45		48		63		15		15		21		85		124		102		0		176		50		14		63		110		27		78
99		102		96		53		41		116		156		93		38		52		150		69		83		50		99		53		11		68		122		164		73		161		39		56		103		140		99		68		55		170		168		60		126		159		154		105		107		93		105		178		185		120		88		64		31		24		88		99		96		52		179		187		44		30		128		20		182		187		152		112		103		64		72		83		117		151		104		102		94		77		52		198		107		83		140		74		147		215		149		141		135		170		146		130		44		100		73		90		58		125		31		150		59		98		167		134		84		141		132		146		70		104		171		131		128		123		161		191		197		91		52		74		176		0		152		176		133		66		173		98
79		54		56		99		111		62		60		59		118		104		38		115		69		102		135		99		141		110		116		30		79		49		113		122		49		64		53		98		97		18		16		106		32		7		74		151		45		63		59		44		33		32		84		88		129		128		64		133		82		100		27		39		108		122		40		138		30		35		82		128		55		94		80		109		41		29		90		138		58		75		100		52		45		69		74		78		31		63		67		59		23		64		18		60		108		70		79		118		94		121		121		46		93		54		21		26		94		107		20		46		116		74		37		21		24		29		53		65		51		61		100		118		50		152		0		36		19		86		77		54
103		90		80		123		135		98		24		83		142		128		26		119		93		126		99		123		165		134		80		12		103		15		137		146		73		36		77		122		121		24		40		124		68		33		38		115		69		83		95		8		9		66		108		112		153		152		88		97		80		124		9		11		132		146		48		162		28		25		46		92		73		112		104		93		59		25		72		102		82		99		124		22		79		93		38		102		29		39		31		35		41		28		30		46		132		76		103		86		118		85		145		26		117		78		15		62		92		71		44		30		114		72		5		45		48		53		17		29		21		85		124		102		14		176		36		0		49		110		41		78
60		41		65		80		92		49		73		70		99		85		51		128		50		83		148		80		122		91		129		43		88		62		94		103		30		77		34		79		78		37		35		119		19		26		87		164		26		76		46		57		52		17		65		69		110		109		45		146		95		93		46		54		89		103		53		119		49		54		95		141		68		107		77		122		54		42		103		151		41		84		81		65		30		58		87		71		44		82		80		72		36		77		31		73		89		83		86		131		99		134		102		59		74		35		34		13		107		120		9		59		129		87		50		30		29		10		66		78		64		54		97		131		63		133		19		49		0		73		90		35
113		114		30		13		45		122		90		27		52		66		84		55		45		38		75		21		55		82		56		98		15		95		27		70		63		74		89		82		21		104		102		46		92		93		88		91		59		27		119		112		119		90		102		64		43		42		50		73		30		20		113		121		46		44		62		52		116		121		86		68		37		34		6		49		51		85		38		78		32		11		14		132		103		17		74		8		81		149		83		75		69		104		80		64		22		34		13		58		26		61		35		84		37		42		101		86		34		75		66		80		56		38		105		65		62		73		95		125		131		25		24		58		110		66		86		110		73		0		107		80
130		131		77		120		132		139		17		80		139		125		39		116		90		123		74		120		162		131		51		47		100		28		134		143		80		33		106		119		118		65		81		121		109		74		19		78		76		80		136		33		46		107		119		109		150		149		85		74		77		121		50		38		129		143		45		159		69		66		21		61		70		109		101		90		56		48		69		71		79		96		121		25		120		90		33		99		46		42		24		32		54		13		59		43		129		73		100		83		115		48		142		31		114		75		56		103		89		32		81		31		111		69		40		60		61		90		24		18		26		82		121		99		27		173		77		41		90		107		0		97
33		34		72		73		57		42		80		77		64		50		58		135		35		48		155		59		87		56		136		66		95		69		97		68		17		84		9		44		59		72		70		126		28		61		94		171		21		83		39		80		87		22		30		34		97		76		30		153		102		100		81		89		54		68		60		86		84		89		102		148		75		114		84		129		61		53		110		158		48		91		78		100		23		65		94		78		51		117		87		79		43		84		48		80		82		90		93		138		106		141		91		66		43		38		69		36		114		127		34		66		136		94		73		37		36		25		73		93		99		61		104		138		78		98		54		78		35		80		97		0
