120
0		141		51		60		123		55		106		101		96		59		76		76		41		87		23		26		80		136		36		78		44		136		80		105		59		31		83		66		111		53		79		80		87		27		58		59		39		30		133		18		6		87		76		18		20		34		97		95		55		104		33		95		92		45		59		15		35		100		139		94		104		68		107		73		79		81		51		22		140		42		62		83		85		100		38		43		73		63		69		64		152		48		90		55		73		96		58		120		63		43		107		43		9		43		34		40		74		22		91		55		109		24		57		87		29		46		34		30		54		140		105		57		31		41		127		27		14		61		64		112
141		0		94		113		18		196		123		40		115		138		131		65		164		104		132		115		61		5		147		63		97		7		71		36		140		154		106		207		32		88		96		61		104		168		83		82		180		123		50		153		143		86		73		145		157		171		44		112		152		37		108		50		109		126		82		140		174		117		8		47		121		73		62		90		62		106		192		163		35		159		79		58		98		41		127		98		82		78		106		77		19		95		59		158		72		45		101		65		102		98		124		108		132		158		175		181		67		119		50		86		126		117		198		128		170		95		175		171		151		25		36		84		110		100		14		144		131		80		127		129
51		94		0		19		76		102		55		60		45		44		127		105		92		36		74		53		107		89		53		115		53		89		33		58		110		82		32		113		64		50		28		115		36		74		95		80		86		81		86		59		49		40		127		69		71		77		50		44		106		73		80		118		41		32		56		66		86		49		92		93		53		83		60		124		86		30		98		69		93		65		71		116		38		53		33		18		124		64		120		107		105		99		43		64		124		49		109		73		12		56		56		14		46		94		81		87		89		41		72		8		58		71		104		36		76		9		81		77		105		93		72		58		40		32		80		50		37		32		115		61
60		113		19		0		95		83		46		73		36		25		136		114		101		53		83		62		116		108		34		124		62		108		52		77		119		91		23		94		83		59		21		124		27		77		104		89		89		90		105		42		54		59		136		78		80		58		69		43		115		82		89		127		46		15		65		75		95		40		111		102		44		92		79		133		95		21		79		60		112		46		80		125		57		72		22		27		133		73		129		116		124		108		62		45		133		68		118		92		11		65		47		17		55		103		68		68		98		50		81		27		49		80		85		27		57		18		86		64		114		112		81		67		49		41		99		33		46		41		124		52
123		18		76		95		0		178		123		22		113		120		113		47		146		104		114		97		43		13		129		47		79		13		71		32		122		136		100		189		32		70		96		47		104		150		65		64		162		105		50		135		125		86		59		127		139		153		26		112		134		19		90		50		109		108		64		122		156		117		16		29		121		55		62		72		44		98		174		145		35		141		61		48		98		29		109		80		64		60		88		59		29		77		59		140		56		29		83		65		84		80		124		90		114		140		157		163		49		101		32		68		126		99		180		110		152		77		157		153		133		25		18		66		92		82		12		126		113		62		109		129
55		196		102		83		178		0		111		156		85		58		87		131		52		136		64		81		135		191		49		133		99		191		135		160		70		42		90		11		166		108		104		135		110		28		113		114		40		73		188		43		53		142		123		51		39		25		152		126		66		159		88		150		129		70		114		56		46		93		194		149		103		123		162		106		134		90		18		33		195		37		117		138		140		155		69		98		114		118		90		119		207		101		145		44		124		151		95		175		94		98		98		88		64		54		21		15		129		77		146		110		112		79		2		76		26		101		37		25		65		195		160		112		86		96		182		52		65		116		75		105
106		123		55		46		123		111		0		115		30		53		182		160		147		25		129		108		162		122		70		170		108		116		52		91		165		137		23		122		91		105		27		170		19		123		150		135		135		136		77		88		100		37		182		124		126		86		101		15		161		128		135		173		18		61		111		121		141		18		115		148		8		138		61		179		141		25		113		106		88		74		126		171		29		94		68		73		179		119		175		162		104		154		64		73		179		94		164		64		43		111		13		63		101		149		114		96		144		96		127		63		3		126		113		43		87		64		132		110		160		98		127		113		95		87		111		79		92		87		170		6
101		40		60		73		22		156		115		0		105		98		91		45		124		96		92		75		47		35		107		55		57		35		63		24		100		114		92		167		24		48		88		55		96		128		43		42		140		83		42		113		103		78		67		105		117		131		14		104		112		13		68		58		101		86		42		100		134		109		38		33		113		33		54		64		26		90		152		123		39		119		39		56		90		21		87		58		64		38		66		47		51		55		51		118		64		21		61		57		72		58		116		68		92		118		135		141		29		79		12		52		118		77		158		96		130		55		135		131		111		39		12		44		70		60		26		104		91		40		87		121
96		115		45		36		113		85		30		105		0		37		172		150		137		55		119		98		152		112		60		160		98		110		54		81		155		127		13		92		85		95		23		160		29		113		140		125		125		126		107		78		90		61		172		114		116		62		91		45		151		118		125		163		48		51		101		111		131		12		113		138		22		128		81		169		131		15		103		96		114		54		116		161		59		84		58		63		169		109		165		152		126		144		64		43		169		84		154		94		33		101		17		53		91		139		104		82		134		86		117		53		31		116		83		13		77		54		122		100		150		114		117		103		85		77		101		69		82		77		160		24
59		138		44		25		120		58		53		98		37		0		135		113		100		78		82		61		115		133		23		123		61		133		77		102		118		90		32		69		108		58		46		123		52		76		103		88		88		89		130		41		53		84		135		77		79		33		94		68		114		101		88		126		71		14		64		74		94		41		136		101		45		91		104		132		94		32		66		59		137		21		79		124		82		97		21		40		132		72		128		115		149		107		87		20		132		93		117		117		36		64		48		30		54		102		67		45		97		49		88		52		54		79		60		28		40		43		85		63		113		137		102		66		48		40		124		32		45		58		123		53
76		131		127		136		113		87		182		91		172		135		0		66		35		163		53		74		70		126		112		68		74		126		130		95		17		45		159		86		101		77		155		70		163		59		48		49		49		46		123		94		82		145		58		58		56		110		87		171		21		94		47		85		168		121		71		61		43		176		129		84		180		58		121		41		69		157		69		76		130		118		56		73		157		90		114		109		49		63		25		54		142		36		118		131		59		88		30		124		139		71		183		119		81		33		68		90		64		86		81		119		185		56		89		163		95		118		50		72		22		130		95		69		87		95		117		103		90		95		12		188
76		65		105		114		47		131		160		45		150		113		66		0		99		141		67		52		4		60		90		10		52		60		108		69		75		89		137		142		69		55		133		10		141		103		18		25		115		58		87		88		78		123		22		80		92		106		59		149		87		32		43		19		146		99		49		75		109		154		63		18		158		22		99		25		19		135		127		98		72		96		34		11		135		66		92		87		19		41		41		12		76		30		96		109		19		66		36		102		117		49		161		97		67		93		110		116		16		64		33		97		163		52		133		141		105		96		110		106		86		64		33		47		65		73		51		81		68		73		62		166
41		164		92		101		146		52		147		124		137		100		35		99		0		128		32		49		103		159		77		101		67		159		103		128		24		10		124		51		134		76		120		103		128		24		81		82		16		41		156		59		47		110		91		23		21		75		120		136		14		127		56		118		133		86		82		26		10		141		162		117		145		91		130		74		102		122		34		41		163		83		85		106		122		123		79		74		82		86		58		87		175		69		113		96		92		119		63		143		104		66		148		84		46		6		33		55		97		51		114		84		150		47		54		128		60		83		15		37		13		163		128		80		54		64		150		68		55		84		37		153
87		104		36		53		104		136		25		96		55		78		163		141		128		0		110		89		143		103		87		151		89		97		33		72		146		118		46		147		72		86		32		151		26		108		131		116		120		117		54		93		83		18		163		105		107		111		82		10		142		109		116		154		7		66		92		102		122		43		96		129		33		119		42		160		122		46		132		103		69		99		107		152		6		75		67		54		160		100		156		143		85		135		45		98		160		75		145		39		42		92		38		48		82		130		115		121		125		77		108		44		24		107		138		68		110		45		115		111		141		79		108		94		76		68		92		84		73		68		151		31
23		132		74		83		114		64		129		92		119		82		53		67		32		110		0		21		71		127		59		69		35		127		77		96		36		22		106		75		102		44		102		71		110		36		49		50		48		9		124		41		29		92		59		13		25		57		88		118		32		95		24		86		115		68		50		8		42		123		130		85		127		59		98		50		70		104		60		31		131		65		53		74		104		91		61		56		50		54		46		55		143		37		81		78		60		87		35		111		86		34		130		66		28		26		43		49		65		33		82		66		132		15		66		110		42		65		43		39		31		131		96		48		34		42		118		50		37		52		41		135
26		115		53		62		97		81		108		75		98		61		74		52		49		89		21		0		54		110		38		62		18		110		56		79		57		39		85		92		85		27		81		62		89		53		42		33		65		28		107		38		28		71		74		30		42		56		71		97		53		78		27		69		94		47		33		25		59		102		113		68		106		42		81		71		53		83		77		48		114		44		36		63		83		74		40		35		71		37		67		54		126		46		64		57		71		70		56		94		65		17		109		45		17		43		60		66		48		12		65		45		111		18		83		89		55		44		60		56		52		114		79		31		13		21		101		29		16		35		62		114
80		61		107		116		43		135		162		47		152		115		70		4		103		143		71		54		0		56		92		8		54		56		110		71		79		93		139		146		71		57		135		8		143		107		22		27		119		62		89		92		82		125		20		84		96		110		61		151		91		34		47		15		148		101		51		79		113		156		59		14		160		24		101		29		21		137		131		102		74		98		36		9		137		68		94		89		21		43		45		16		72		34		98		111		17		68		40		104		119		51		163		99		71		97		114		120		18		66		35		99		165		56		137		143		109		98		114		110		90		64		35		49		67		75		51		83		70		75		66		168
136		5		89		108		13		191		122		35		112		133		126		60		159		103		127		110		56		0		142		58		92		6		70		31		135		149		101		202		31		83		95		56		103		163		78		77		175		118		49		148		138		85		68		140		152		166		39		111		147		32		103		51		108		121		77		135		169		116		7		42		120		68		61		85		57		101		187		158		34		154		74		53		97		36		122		93		77		73		101		72		18		90		58		153		67		40		96		64		97		93		123		103		127		153		170		176		62		114		45		81		125		112		193		123		165		90		170		166		146		24		31		79		105		95		11		139		126		75		122		128
36		147		53		34		129		49		70		107		60		23		112		90		77		87		59		38		92		142		0		100		50		142		86		111		95		67		47		60		117		59		55		100		61		53		80		65		65		66		139		18		30		93		112		54		56		24		103		77		91		110		65		103		80		21		65		51		71		64		145		100		68		74		113		109		85		45		45		36		146		12		68		101		91		106		20		49		109		69		105		92		158		84		96		19		109		102		94		126		45		49		71		39		31		79		44		34		80		28		97		61		73		56		51		51		23		52		62		40		90		146		111		63		37		47		133		9		22		67		100		76
78		63		115		124		47		133		170		55		160		123		68		10		101		151		69		62		8		58		100		0		62		58		118		79		77		91		147		144		79		65		143		2		151		105		20		35		117		60		97		90		80		133		12		82		94		108		69		159		89		42		45		17		156		109		59		77		111		164		61		22		168		32		109		27		29		145		129		100		82		106		44		5		145		76		102		97		19		51		43		14		74		32		106		119		9		76		38		112		127		59		171		107		69		95		112		118		26		74		43		107		173		54		135		151		107		106		112		108		88		72		43		57		75		83		59		91		78		83		64		176
44		97		53		62		79		99		108		57		98		61		74		52		67		89		35		18		54		92		50		62		0		92		56		61		57		57		85		110		67		9		81		62		89		71		42		27		83		28		89		56		46		71		74		48		60		74		53		97		55		60		27		65		94		47		15		43		77		102		95		50		106		30		63		71		35		83		95		66		96		62		18		63		83		56		40		35		71		19		67		54		108		46		46		61		71		52		56		76		65		3		109		45		35		61		78		84		36		22		47		45		111		20		101		89		73		44		78		74		54		96		61		13		13		21		83		47		34		21		62		114
136		7		89		108		13		191		116		35		110		133		126		60		159		97		127		110		56		6		142		58		92		0		64		31		135		149		101		202		25		83		89		56		97		163		78		77		175		118		43		148		138		79		68		140		152		166		39		105		147		32		103		57		102		121		77		135		169		110		3		42		114		68		55		85		57		101		187		158		28		154		74		55		91		36		122		93		77		73		101		72		16		90		52		153		67		40		96		58		97		93		117		103		127		153		170		176		62		114		45		81		119		112		193		123		165		90		170		166		146		18		31		79		105		95		9		139		126		75		122		122
80		71		33		52		71		135		52		63		54		77		130		108		103		33		77		56		110		70		86		118		56		64		0		39		113		93		45		146		39		53		31		118		33		107		98		83		119		84		53		92		82		15		130		84		96		110		49		41		109		76		83		121		38		65		59		79		113		46		63		96		50		86		27		127		89		45		131		102		60		98		74		119		27		42		66		37		127		67		123		110		72		102		12		97		127		42		112		40		41		59		53		47		71		97		114		120		92		58		75		25		55		74		137		67		109		34		114		110		108		60		75		61		49		39		59		83		70		35		118		58
105		36		58		77		32		160		91		24		81		102		95		69		128		72		96		79		71		31		111		79		61		31		39		0		104		118		70		171		6		52		64		79		72		132		59		46		144		87		28		117		107		54		91		109		121		135		10		80		116		37		72		82		77		90		46		104		138		85		34		57		89		47		30		88		50		70		156		127		35		123		43		80		66		5		91		62		88		42		84		71		47		63		27		122		88		9		73		33		66		62		92		72		96		122		139		145		53		83		36		50		94		81		162		92		134		59		139		135		115		35		36		48		74		64		22		108		95		44		91		97
59		140		110		119		122		70		165		100		155		118		17		75		24		146		36		57		79		135		95		77		57		135		113		104		0		28		142		69		110		60		138		79		146		42		57		58		40		29		132		77		65		128		67		41		39		93		96		154		12		103		32		94		151		104		58		44		34		159		138		93		163		67		106		50		78		140		52		59		139		101		61		82		140		99		97		92		58		62		34		63		151		45		101		114		68		95		39		119		122		54		166		102		64		18		51		73		73		69		90		102		168		39		72		146		78		101		35		55		11		139		104		56		70		78		126		86		73		78		13		171
31		154		82		91		136		42		137		114		127		90		45		89		10		118		22		39		93		149		67		91		57		149		93		118		28		0		114		53		124		66		110		93		118		14		71		72		26		31		146		49		37		100		81		13		11		65		110		126		24		117		46		108		123		76		72		16		20		131		152		107		135		81		120		64		92		112		38		31		153		73		75		96		112		113		69		64		72		76		48		77		165		59		103		86		82		109		53		133		94		56		138		74		36		12		23		45		87		41		104		74		140		37		44		118		50		73		21		27		23		153		118		70		44		54		140		58		45		74		33		143
83		106		32		23		100		90		23		92		13		32		159		137		124		46		106		85		139		101		47		147		85		101		45		70		142		114		0		101		76		82		14		147		20		100		127		112		112		113		98		65		77		52		159		101		103		65		78		36		138		105		112		150		39		38		88		98		118		17		104		125		21		115		72		156		118		2		90		83		105		53		103		148		50		71		45		50		156		96		152		139		117		131		55		52		156		71		141		85		20		88		24		40		78		126		91		75		121		73		104		40		26		103		92		22		64		41		109		87		137		105		104		90		72		64		92		56		69		64		147		29
66		207		113		94		189		11		122		167		92		69		86		142		51		147		75		92		146		202		60		144		110		202		146		171		69		53		101		0		177		119		115		146		121		39		124		125		39		84		199		54		64		153		134		62		50		36		163		137		65		170		99		161		140		81		125		67		45		104		205		160		114		134		173		117		145		101		17		44		206		48		128		149		151		166		80		109		125		129		101		130		218		112		156		49		135		162		106		186		105		109		109		99		75		53		32		26		140		88		157		121		123		90		9		79		37		112		36		36		64		206		171		123		97		107		193		63		76		127		80		116
111		32		64		83		32		166		91		24		85		108		101		69		134		72		102		85		71		31		117		79		67		25		39		6		110		124		76		177		0		58		64		79		72		138		59		52		150		93		22		123		113		54		91		115		127		141		14		80		122		37		78		82		77		96		52		110		144		85		28		57		89		47		30		88		50		76		162		133		29		129		49		80		66		11		97		68		88		48		84		71		41		65		27		128		88		15		73		33		72		68		92		78		102		128		145		151		53		89		36		56		94		87		168		98		140		65		145		141		121		29		36		54		80		70		20		114		101		50		97		97
53		88		50		59		70		108		105		48		95		58		77		55		76		86		44		27		57		83		59		65		9		83		53		52		60		66		82		119		58		0		78		65		86		80		45		30		92		35		80		65		55		68		77		57		69		83		44		94		64		51		30		68		91		44		6		52		86		99		86		43		103		33		54		74		36		80		104		75		87		71		21		66		80		47		39		32		74		14		70		57		99		49		41		70		74		43		59		67		62		10		106		42		44		70		87		93		39		31		38		42		108		29		110		86		82		41		87		83		63		87		52		8		22		18		74		56		43		18		65		111
79		96		28		21		96		104		27		88		23		46		155		133		120		32		102		81		135		95		55		143		81		89		31		64		138		110		14		115		64		78		0		143		8		96		123		108		108		109		84		61		73		38		155		97		99		79		74		22		134		101		108		146		25		34		84		94		114		21		90		121		25		111		58		152		114		14		100		79		91		67		99		144		36		67		41		46		152		92		148		135		103		127		41		66		152		67		137		71		16		84		28		36		74		122		87		89		117		69		100		36		30		99		106		36		78		37		105		83		133		91		100		86		68		60		84		52		65		60		143		33
80		61		115		124		47		135		170		55		160		123		70		10		103		151		71		62		8		56		100		2		62		56		118		79		79		93		147		146		79		65		143		0		151		107		22		35		119		62		97		92		82		133		12		84		96		110		69		159		91		42		47		15		156		109		59		79		113		164		59		22		168		32		109		29		29		145		131		102		82		106		44		3		145		76		102		97		21		51		45		16		72		34		106		119		11		76		40		112		127		59		171		107		71		97		114		120		26		74		43		107		173		56		137		151		109		106		114		110		90		72		43		57		75		83		59		91		78		83		66		176
87		104		36		27		104		110		19		96		29		52		163		141		128		26		110		89		143		103		61		151		89		97		33		72		146		118		20		121		72		86		8		151		0		104		131		116		116		117		78		69		81		32		163		105		107		85		82		16		142		109		116		154		19		42		92		102		122		17		96		129		17		119		52		160		122		20		106		87		85		73		107		152		30		75		49		54		160		100		156		143		97		135		45		72		160		75		145		65		24		92		20		44		82		130		95		95		125		77		108		44		22		107		112		42		84		45		113		91		141		85		108		94		76		68		92		60		73		68		151		25
27		168		74		77		150		28		123		128		113		76		59		103		24		108		36		53		107		163		53		105		71		163		107		132		42		14		100		39		138		80		96		107		104		0		85		86		12		45		160		35		25		114		95		23		11		51		124		112		38		131		60		122		109		62		86		28		18		117		166		121		121		95		134		78		106		98		24		17		167		59		89		110		112		127		55		70		86		90		62		91		179		73		117		72		96		123		67		147		80		70		124		60		36		26		9		31		101		49		118		82		126		51		30		104		36		73		9		13		37		167		132		84		58		68		154		44		37		88		47		129
58		83		95		104		65		113		150		43		140		103		48		18		81		131		49		42		22		78		80		20		42		78		98		59		57		71		127		124		59		45		123		22		131		85		0		15		97		40		77		70		60		113		32		62		74		88		49		139		69		46		25		37		136		89		39		57		91		144		81		36		148		12		89		29		21		125		109		80		82		86		24		25		125		56		82		77		29		31		25		12		94		12		86		99		29		56		18		92		107		39		151		87		49		75		92		98		16		54		33		87		153		34		115		131		87		86		92		88		68		82		47		37		55		63		69		71		58		63		44		156
59		82		80		89		64		114		135		42		125		88		49		25		82		116		50		33		27		77		65		35		27		77		83		46		58		72		112		125		52		30		108		35		116		86		15		0		98		41		74		71		61		98		47		63		75		89		38		124		70		45		26		38		121		74		24		58		92		129		80		35		133		9		74		44		20		110		110		81		81		77		9		36		110		41		67		62		44		16		40		27		93		19		71		84		44		41		29		77		92		24		136		72		50		76		93		99		15		39		32		72		138		35		116		116		88		71		93		89		69		81		46		22		40		48		68		62		49		48		45		141
39		180		86		89		162		40		135		140		125		88		49		115		16		120		48		65		119		175		65		117		83		175		119		144		40		26		112		39		150		92		108		119		116		12		97		98		0		57		172		47		37		126		107		35		23		63		136		124		28		143		72		134		121		74		98		40		6		129		178		133		133		107		146		90		118		110		22		29		179		71		101		122		124		139		67		82		98		102		74		103		191		85		129		84		108		135		79		159		92		82		136		72		48		22		21		43		113		61		130		94		138		63		42		116		48		85		5		25		29		179		144		96		70		80		166		56		49		100		53		141
30		123		81		90		105		73		136		83		126		89		46		58		41		117		9		28		62		118		66		60		28		118		84		87		29		31		113		84		93		35		109		62		117		45		40		41		57		0		115		48		36		99		50		22		34		64		79		125		29		86		15		77		122		75		41		17		51		130		121		76		134		50		89		43		61		111		69		40		122		72		44		65		111		82		68		63		43		45		39		46		134		28		72		85		51		78		28		102		93		25		137		73		35		35		52		58		56		40		73		73		139		10		75		117		49		72		52		48		28		122		87		39		41		49		109		57		44		49		34		142
133		50		86		105		50		188		77		42		107		130		123		87		156		54		124		107		89		49		139		97		89		43		53		28		132		146		98		199		22		80		84		97		78		160		77		74		172		115		0		145		135		46		109		137		149		163		36		62		144		55		100		100		59		118		74		132		166		95		42		75		85		65		26		106		68		98		184		155		15		151		71		98		48		33		119		90		106		70		102		89		31		87		43		150		106		37		93		15		94		90		90		100		124		150		167		173		71		111		54		78		76		109		190		120		162		87		167		163		143		25		54		76		102		92		38		136		123		72		119		83
18		153		59		42		135		43		88		113		78		41		94		88		59		93		41		38		92		148		18		90		56		148		92		117		77		49		65		54		123		65		61		92		69		35		70		71		47		48		145		0		12		99		94		36		38		18		109		83		73		116		47		107		86		27		71		33		53		82		151		106		86		80		119		91		91		63		39		18		152		24		74		95		97		112		26		55		91		75		87		76		164		66		102		37		91		108		76		132		51		55		89		45		21		61		26		28		86		34		103		67		91		38		45		69		17		58		44		22		72		152		117		69		43		53		139		9		22		73		82		94
6		143		49		54		125		53		100		103		90		53		82		78		47		83		29		28		82		138		30		80		46		138		82		107		65		37		77		64		113		55		73		82		81		25		60		61		37		36		135		12		0		89		82		24		26		28		99		89		61		106		35		97		86		39		61		21		41		94		141		96		98		70		109		79		81		75		49		20		142		36		64		85		87		102		32		45		79		65		75		66		154		54		92		49		79		98		64		122		57		45		101		37		11		49		32		38		76		24		93		57		103		26		55		81		27		48		32		28		60		142		107		59		33		43		129		21		12		63		70		106
87		86		40		59		86		142		37		78		61		84		145		123		110		18		92		71		125		85		93		133		71		79		15		54		128		100		52		153		54		68		38		133		32		114		113		98		126		99		46		99		89		0		145		91		103		117		64		26		124		91		98		136		23		72		74		86		120		49		78		111		39		101		24		142		104		52		138		109		53		105		89		134		12		57		73		44		142		82		138		125		67		117		27		104		142		57		127		33		48		74		44		54		78		112		121		127		107		65		90		32		40		89		144		74		116		41		121		117		123		61		90		76		58		50		74		90		77		50		133		43
76		73		127		136		59		123		182		67		172		135		58		22		91		163		59		74		20		68		112		12		74		68		130		91		67		81		159		134		91		77		155		12		163		95		32		47		107		50		109		94		82		145		0		72		84		110		81		171		79		54		47		27		168		121		71		67		101		176		71		34		180		44		121		17		41		157		119		90		94		118		56		15		157		88		114		109		9		63		33		20		84		28		118		131		3		88		28		124		139		71		183		119		81		85		102		108		38		86		55		119		185		56		125		163		97		118		102		98		78		84		55		69		87		95		71		103		90		95		54		188
18		145		69		78		127		51		124		105		114		77		58		80		23		105		13		30		84		140		54		82		48		140		84		109		41		13		101		62		115		57		97		84		105		23		62		63		35		22		137		36		24		91		72		0		12		52		101		113		37		108		37		99		110		63		63		5		29		118		143		98		122		72		111		55		83		99		47		18		144		60		66		87		99		104		56		51		63		67		51		68		156		50		94		73		73		100		44		124		81		47		125		61		23		25		30		36		78		28		95		61		127		28		53		105		37		60		30		26		36		144		109		61		35		45		131		45		32		65		46		130
20		157		71		80		139		39		126		117		116		79		56		92		21		107		25		42		96		152		56		94		60		152		96		121		39		11		103		50		127		69		99		96		107		11		74		75		23		34		149		38		26		103		84		12		0		54		113		115		35		120		49		111		112		65		75		17		17		120		155		110		124		84		123		67		95		101		35		20		156		62		78		99		101		116		58		59		75		79		51		80		168		62		106		75		85		112		56		136		83		59		127		63		25		23		18		34		90		38		107		71		129		40		41		107		39		62		18		16		34		156		121		73		47		57		143		47		34		77		44		132
34		171		77		58		153		25		86		131		62		33		110		106		75		111		57		56		110		166		24		108		74		166		110		135		93		65		65		36		141		83		79		110		85		51		88		89		63		64		163		18		28		117		110		52		54		0		127		101		89		134		63		125		104		45		89		49		69		68		169		124		78		98		137		107		109		65		41		34		170		12		92		113		115		130		44		73		107		93		103		94		182		82		120		21		107		126		92		150		69		73		73		63		39		77		42		20		104		52		121		85		87		54		27		53		15		76		60		38		88		170		135		87		61		71		157		27		40		91		98		80
97		44		50		69		26		152		101		14		91		94		87		59		120		82		88		71		61		39		103		69		53		39		49		10		96		110		78		163		14		44		74		69		82		124		49		38		136		79		36		109		99		64		81		101		113		127		0		90		108		27		64		72		87		82		38		96		130		95		42		47		99		37		40		78		40		76		148		119		43		115		35		70		76		7		83		54		78		34		74		61		55		53		37		114		78		7		63		43		58		54		102		64		88		114		131		137		43		75		26		42		104		73		154		84		126		51		131		127		107		43		26		40		66		56		30		100		87		36		83		107
95		112		44		43		112		126		15		104		45		68		171		149		136		10		118		97		151		111		77		159		97		105		41		80		154		126		36		137		80		94		22		159		16		112		139		124		124		125		62		83		89		26		171		113		115		101		90		0		150		117		124		162		3		56		100		110		130		33		104		137		23		127		50		168		130		36		122		95		77		89		115		160		14		83		57		62		168		108		164		151		93		143		53		88		168		83		153		49		32		100		28		52		90		138		105		111		133		85		116		52		14		115		128		58		100		53		121		101		149		87		116		102		84		76		100		74		81		76		159		21
55		152		106		115		134		66		161		112		151		114		21		87		14		142		32		53		91		147		91		89		55		147		109		116		12		24		138		65		122		64		134		91		142		38		69		70		28		29		144		73		61		124		79		37		35		89		108		150		0		115		44		106		147		100		70		40		22		155		150		105		159		79		118		62		90		136		48		55		151		97		73		94		136		111		93		88		70		74		46		75		163		57		101		110		80		107		51		131		118		54		162		98		60		12		47		69		85		65		102		98		164		35		68		142		74		97		29		51		1		151		116		68		66		74		138		82		69		74		25		167
104		37		73		82		19		159		128		13		118		101		94		32		127		109		95		78		34		32		110		42		60		32		76		37		103		117		105		170		37		51		101		42		109		131		46		45		143		86		55		116		106		91		54		108		120		134		27		117		115		0		71		45		114		89		45		103		137		122		35		20		126		36		67		53		25		103		155		126		40		122		42		43		103		34		90		61		51		41		69		40		48		58		64		121		51		34		64		70		85		61		129		71		95		121		138		144		30		82		13		65		131		80		161		109		133		64		138		134		114		36		1		47		73		63		23		107		94		43		90		134
33		108		80		89		90		88		135		68		125		88		47		43		56		116		24		27		47		103		65		45		27		103		83		72		32		46		112		99		78		30		108		47		116		60		25		26		72		15		100		47		35		98		47		37		49		63		64		124		44		71		0		62		121		74		26		32		66		129		106		61		133		35		74		44		46		110		84		55		107		71		29		50		110		67		67		62		44		30		40		31		119		19		71		84		44		63		29		87		92		24		136		72		34		50		67		73		41		39		58		72		138		9		90		116		62		71		67		63		43		107		72		24		40		48		94		56		43		48		35		141
95		50		118		127		50		150		173		58		163		126		85		19		118		154		86		69		15		51		103		17		65		57		121		82		94		108		150		161		82		68		146		15		154		122		37		38		134		77		100		107		97		136		27		99		111		125		72		162		106		45		62		0		159		112		62		94		128		167		58		25		171		35		112		44		32		148		146		117		85		113		47		12		148		79		105		100		36		54		60		31		69		49		109		122		26		79		55		115		130		62		174		110		86		112		129		135		29		77		46		110		176		71		152		154		124		109		129		125		105		75		46		60		78		86		62		98		85		86		81		179
92		109		41		46		109		129		18		101		48		71		168		146		133		7		115		94		148		108		80		156		94		102		38		77		151		123		39		140		77		91		25		156		19		109		136		121		121		122		59		86		86		23		168		110		112		104		87		3		147		114		121		159		0		59		97		107		127		36		101		134		26		124		47		165		127		39		125		96		74		92		112		157		11		80		60		59		165		105		161		148		90		140		50		91		165		80		150		46		35		97		31		49		87		135		108		114		130		82		113		49		17		112		131		61		103		50		118		104		146		84		113		99		81		73		97		77		78		73		156		24
45		126		32		15		108		70		61		86		51		14		121		99		86		66		68		47		101		121		21		109		47		121		65		90		104		76		38		81		96		44		34		109		42		62		89		74		74		75		118		27		39		72		121		63		65		45		82		56		100		89		74		112		59		0		50		60		80		55		124		87		59		77		92		118		80		36		66		45		125		33		65		110		70		85		7		28		118		58		114		101		137		93		75		32		118		81		103		105		24		50		62		18		40		88		53		55		83		35		76		40		64		65		72		42		44		31		71		49		99		125		90		52		34		26		112		18		31		46		109		67
59		82		56		65		64		114		111		42		101		64		71		49		82		92		50		33		51		77		65		59		15		77		59		46		58		72		88		125		52		6		84		59		92		86		39		24		98		41		74		71		61		74		71		63		75		89		38		100		70		45		26		62		97		50		0		58		92		105		80		37		109		27		50		68		30		86		110		81		81		77		15		60		86		41		45		38		68		8		64		51		93		43		47		76		68		37		53		61		68		16		112		48		50		76		93		99		33		37		32		48		114		35		116		92		88		47		93		89		69		81		46		2		28		24		68		62		49		24		59		117
15		140		66		75		122		56		121		100		111		74		61		75		26		102		8		25		79		135		51		77		43		135		79		104		44		16		98		67		110		52		94		79		102		28		57		58		40		17		132		33		21		86		67		5		17		49		96		110		40		103		32		94		107		60		58		0		34		115		138		93		119		67		106		58		78		96		52		23		139		57		61		82		96		99		53		48		58		62		54		63		151		45		89		70		68		95		43		119		78		42		122		58		20		28		35		41		73		25		90		58		124		23		58		102		34		57		35		31		39		139		104		56		30		40		126		42		29		60		49		127
35		174		86		95		156		46		141		134		131		94		43		109		10		122		42		59		113		169		71		111		77		169		113		138		34		20		118		45		144		86		114		113		122		18		91		92		6		51		166		53		41		120		101		29		17		69		130		130		22		137		66		128		127		80		92		34		0		135		172		127		139		101		140		84		112		116		28		35		173		77		95		116		118		133		73		76		92		96		68		97		185		79		123		90		102		129		73		153		98		76		142		78		42		16		27		49		107		55		124		88		144		57		48		122		54		79		9		31		23		173		138		90		64		74		160		62		49		94		47		147
100		117		49		40		117		93		18		109		12		41		176		154		141		43		123		102		156		116		64		164		102		110		46		85		159		131		17		104		85		99		21		164		17		117		144		129		129		130		95		82		94		49		176		118		120		68		95		33		155		122		129		167		36		55		105		115		135		0		109		142		10		132		69		173		135		19		107		100		102		58		120		165		47		88		62		67		173		113		169		156		114		148		58		55		173		88		158		82		37		105		7		57		95		143		108		86		138		90		121		57		19		120		95		25		81		58		126		104		154		102		121		107		89		81		105		73		86		81		164		12
139		8		92		111		16		194		115		38		113		136		129		63		162		96		130		113		59		7		145		61		95		3		63		34		138		152		104		205		28		86		90		59		96		166		81		80		178		121		42		151		141		78		71		143		155		169		42		104		150		35		106		58		101		124		80		138		172		109		0		45		113		71		54		88		60		104		190		161		27		157		77		56		90		39		125		96		80		76		104		75		13		93		51		156		70		43		99		57		100		96		116		106		130		156		173		179		65		117		48		84		118		115		196		126		168		93		173		169		149		17		34		82		108		98		12		142		129		78		125		121
94		47		93		102		29		149		148		33		138		101		84		18		117		129		85		68		14		42		100		22		50		42		96		57		93		107		125		160		57		43		121		22		129		121		36		35		133		76		75		106		96		111		34		98		110		124		47		137		105		20		61		25		134		87		37		93		127		142		45		0		146		26		87		43		15		123		145		116		60		112		32		23		123		54		80		75		35		31		59		30		58		48		84		111		31		54		54		90		105		51		149		85		85		111		128		134		20		72		21		85		151		70		151		129		123		84		128		124		104		50		21		37		63		61		37		97		84		61		80		154
104		121		53		44		121		103		8		113		22		45		180		158		145		33		127		106		160		120		68		168		106		114		50		89		163		135		21		114		89		103		25		168		17		121		148		133		133		134		85		86		98		39		180		122		124		78		99		23		159		126		133		171		26		59		109		119		139		10		113		146		0		136		59		177		139		23		111		104		92		66		124		169		37		92		66		71		177		117		173		160		104		152		62		65		177		92		162		72		41		109		5		61		99		147		112		90		142		94		125		61		9		124		105		35		85		62		130		108		158		96		125		111		93		85		109		77		90		85		168		8
68		73		83		92		55		123		138		33		128		91		58		22		91		119		59		42		24		68		74		32		30		68		86		47		67		81		115		134		47		33		111		32		119		95		12		9		107		50		65		80		70		101		44		72		84		98		37		127		79		36		35		35		124		77		27		67		101		132		71		26		136		0		77		41		11		113		119		90		72		86		12		33		113		44		70		65		41		19		37		24		84		22		74		87		41		44		28		80		95		27		139		75		59		85		102		108		6		46		23		75		141		44		125		119		97		74		102		98		78		72		37		25		43		51		59		71		58		51		54		144
107		62		60		79		62		162		61		54		81		104		121		99		130		42		98		81		101		61		113		109		63		55		27		30		106		120		72		173		30		54		58		109		52		134		89		74		146		89		26		119		109		24		121		111		123		137		40		50		118		67		74		112		47		92		50		106		140		69		54		87		59		77		0		118		80		72		158		129		33		125		65		110		36		33		93		64		118		58		114		101		45		93		17		124		118		33		103		13		68		64		64		74		98		124		141		147		83		85		66		52		64		83		164		94		136		61		141		137		117		37		66		52		76		66		50		110		97		46		109		67
73		90		124		133		72		106		179		64		169		132		41		25		74		160		50		71		29		85		109		27		71		85		127		88		50		64		156		117		88		74		152		29		160		78		29		44		90		43		106		91		79		142		17		55		67		107		78		168		62		53		44		44		165		118		68		58		84		173		88		43		177		41		118		0		38		154		102		73		91		115		53		32		154		85		111		106		8		60		16		17		101		25		115		128		18		85		15		121		136		68		180		116		78		68		85		91		35		83		52		116		182		53		108		160		92		115		85		81		61		89		54		66		84		92		76		100		87		92		37		185
79		62		86		95		44		134		141		26		131		94		69		19		102		122		70		53		21		57		85		29		35		57		89		50		78		92		118		145		50		36		114		29		122		106		21		20		118		61		68		91		81		104		41		83		95		109		40		130		90		25		46		32		127		80		30		78		112		135		60		15		139		11		80		38		0		116		130		101		61		97		17		30		116		47		73		68		38		22		44		21		73		33		77		96		38		47		39		83		98		36		142		78		70		96		113		119		5		57		14		78		144		55		136		122		108		77		113		109		89		61		26		28		48		54		48		82		69		54		65		147
81		106		30		21		98		90		25		90		15		32		157		135		122		46		104		83		137		101		45		145		83		101		45		70		140		112		2		101		76		80		14		145		20		98		125		110		110		111		98		63		75		52		157		99		101		65		76		36		136		103		110		148		39		36		86		96		116		19		104		123		23		113		72		154		116		0		88		81		105		53		101		146		50		69		43		48		154		94		150		137		117		129		55		52		154		69		139		85		18		86		26		38		76		124		89		75		119		71		102		38		28		101		92		22		64		39		107		85		135		105		102		88		70		62		92		54		67		62		145		31
51		192		98		79		174		18		113		152		103		66		69		127		34		132		60		77		131		187		45		129		95		187		131		156		52		38		90		17		162		104		100		131		106		24		109		110		22		69		184		39		49		138		119		47		35		41		148		122		48		155		84		146		125		66		110		52		28		107		190		145		111		119		158		102		130		88		0		29		191		49		113		134		136		151		65		94		110		114		86		115		203		97		141		62		120		147		91		171		90		94		114		84		60		36		17		21		125		73		142		106		116		75		20		94		26		97		19		21		47		191		156		108		82		92		178		48		61		112		65		119
22		163		69		60		145		33		106		123		96		59		76		98		41		103		31		48		102		158		36		100		66		158		102		127		59		31		83		44		133		75		79		102		87		17		80		81		29		40		155		18		20		109		90		18		20		34		119		95		55		126		55		117		96		45		81		23		35		100		161		116		104		90		129		73		101		81		29		0		162		42		84		105		107		122		38		65		81		85		69		86		174		68		112		55		91		118		62		142		63		65		107		55		31		43		12		18		96		44		113		77		109		46		35		87		19		68		26		8		54		162		127		79		53		63		149		27		32		83		64		112
140		35		93		112		35		195		88		39		114		137		130		72		163		69		131		114		74		34		146		82		96		28		60		35		139		153		105		206		29		87		91		82		85		167		82		81		179		122		15		152		142		53		94		144		156		170		43		77		151		40		107		85		74		125		81		139		173		102		27		60		92		72		33		91		61		105		191		162		0		158		78		83		63		40		126		97		91		77		105		76		16		94		50		157		91		44		100		30		101		97		97		107		131		157		174		180		66		118		49		85		91		116		197		127		169		94		174		170		150		10		39		83		109		99		23		143		130		79		126		94
42		159		65		46		141		37		74		119		54		21		118		96		83		99		65		44		98		154		12		106		62		154		98		123		101		73		53		48		129		71		67		106		73		59		86		77		71		72		151		24		36		105		118		60		62		12		115		89		97		122		71		113		92		33		77		57		77		58		157		112		66		86		125		115		97		53		49		42		158		0		80		107		103		118		32		61		115		81		111		98		170		90		108		13		115		114		100		138		57		61		65		51		37		85		50		28		92		40		109		73		75		62		39		45		23		64		68		46		96		158		123		75		49		59		145		15		28		79		106		70
62		79		71		80		61		117		126		39		116		79		56		34		85		107		53		36		36		74		68		44		18		74		74		43		61		75		103		128		49		21		99		44		107		89		24		9		101		44		71		74		64		89		56		66		78		92		35		115		73		42		29		47		112		65		15		61		95		120		77		32		124		12		65		53		17		101		113		84		78		80		0		45		101		38		58		53		53		7		49		36		90		28		62		79		53		34		38		68		83		19		127		63		53		79		96		102		18		40		29		63		129		38		119		107		91		62		96		92		72		78		43		13		31		39		65		65		52		39		48		132
83		58		116		125		48		138		171		56		161		124		73		11		106		152		74		63		9		53		101		5		63		55		119		80		82		96		148		149		80		66		144		3		152		110		25		36		122		65		98		95		85		134		15		87		99		113		70		160		94		43		50		12		157		110		60		82		116		165		56		23		169		33		110		32		30		146		134		105		83		107		45		0		146		77		103		98		24		52		48		19		69		37		107		120		14		77		43		113		128		60		172		108		74		100		117		123		27		75		44		108		174		59		140		152		112		107		117		113		93		73		44		58		76		84		60		92		79		84		69		177
85		98		38		57		98		140		29		90		59		82		157		135		122		6		104		83		137		97		91		145		83		91		27		66		140		112		50		151		66		80		36		145		30		112		125		110		124		111		48		97		87		12		157		99		101		115		76		14		136		103		110		148		11		70		86		96		118		47		90		123		37		113		36		154		116		50		136		107		63		103		101		146		0		69		71		48		154		94		150		137		79		129		39		102		154		69		139		35		46		86		42		52		76		124		119		125		119		71		102		38		28		101		142		72		114		39		119		115		135		73		102		88		70		62		86		88		75		62		145		35
100		41		53		72		29		155		94		21		84		97		90		66		123		75		91		74		68		36		106		76		56		36		42		5		99		113		71		166		11		47		67		76		75		127		56		41		139		82		33		112		102		57		88		104		116		130		7		83		111		34		67		79		80		85		41		99		133		88		39		54		92		44		33		85		47		69		151		122		40		118		38		77		69		0		86		57		85		37		81		68		52		60		30		117		85		4		70		36		61		57		95		67		91		117		134		140		50		78		33		45		97		76		157		87		129		54		134		130		110		40		33		43		69		59		27		103		90		39		86		100
38		127		33		22		109		69		68		87		58		21		114		92		79		67		61		40		94		122		20		102		40		122		66		91		97		69		45		80		97		39		41		102		49		55		82		67		67		68		119		26		32		73		114		56		58		44		83		57		93		90		67		105		60		7		45		53		73		62		125		80		66		70		93		111		73		43		65		38		126		32		58		103		71		86		0		29		111		51		107		94		138		86		76		31		111		82		96		106		25		43		69		19		33		81		48		54		76		28		77		41		71		58		71		49		43		32		64		44		92		126		91		45		27		27		113		17		24		47		102		74
43		98		18		27		80		98		73		58		63		40		109		87		74		54		56		35		89		93		49		97		35		93		37		62		92		64		50		109		68		32		46		97		54		70		77		62		82		63		90		55		45		44		109		51		59		73		54		62		88		61		62		100		59		28		38		48		76		67		96		75		71		65		64		106		68		48		94		65		97		61		53		98		48		57		29		0		106		46		102		89		109		81		47		60		106		53		91		77		30		38		74		10		34		76		77		83		71		23		54		12		76		53		100		54		72		9		77		73		87		97		62		40		22		14		84		46		33		18		97		79
73		82		124		133		64		114		179		64		169		132		49		19		82		160		50		71		21		77		109		19		71		77		127		88		58		72		156		125		88		74		152		21		160		86		29		44		98		43		106		91		79		142		9		63		75		107		78		168		70		51		44		36		165		118		68		58		92		173		80		35		177		41		118		8		38		154		110		81		91		115		53		24		154		85		111		106		0		60		24		17		93		25		115		128		10		85		19		121		136		68		180		116		78		76		93		99		35		83		52		116		182		53		116		160		92		115		93		89		69		81		52		66		84		92		68		100		87		92		45		185
63		78		64		73		60		118		119		38		109		72		63		41		86		100		54		37		43		73		69		51		19		73		67		42		62		76		96		129		48		14		92		51		100		90		31		16		102		45		70		75		65		82		63		67		79		93		34		108		74		41		30		54		105		58		8		62		96		113		76		31		117		19		58		60		22		94		114		85		77		81		7		52		94		37		51		46		60		0		56		43		89		35		55		80		60		33		45		61		76		20		120		56		54		80		97		103		25		41		28		56		122		39		120		100		92		55		97		93		73		77		42		6		32		32		64		66		53		32		51		125
69		106		120		129		88		90		175		66		165		128		25		41		58		156		46		67		45		101		105		43		67		101		123		84		34		48		152		101		84		70		148		45		156		62		25		40		74		39		102		87		75		138		33		51		51		103		74		164		46		69		40		60		161		114		64		54		68		169		104		59		173		37		114		16		44		150		86		69		105		111		49		48		150		81		107		102		24		56		0		29		117		21		111		124		34		81		11		117		132		64		176		112		74		52		69		83		39		79		56		112		178		49		92		156		88		111		69		65		45		105		70		62		80		88		92		96		83		88		21		181
64		77		107		116		59		119		162		47		152		115		54		12		87		143		55		54		16		72		92		14		54		72		110		71		63		77		139		130		71		57		135		16		143		91		12		27		103		46		89		76		66		125		20		68		80		94		61		151		75		40		31		31		148		101		51		63		97		156		75		30		160		24		101		17		21		137		115		86		76		98		36		19		137		68		94		89		17		43		29		0		88		18		98		111		17		68		24		104		119		51		163		99		61		81		98		104		18		66		35		99		165		40		121		143		93		98		98		94		74		76		41		49		67		75		63		83		70		75		50		168
152		19		105		124		29		207		104		51		126		149		142		76		175		85		143		126		72		18		158		74		108		16		72		47		151		165		117		218		41		99		103		72		97		179		94		93		191		134		31		164		154		67		84		156		168		182		55		93		163		48		119		69		90		137		93		151		185		114		13		58		104		84		45		101		73		117		203		174		16		170		90		69		79		52		138		109		93		89		117		88		0		106		62		169		83		56		112		46		113		109		109		119		143		169		186		192		78		130		61		97		107		128		209		139		181		106		186		182		162		12		47		95		121		111		25		155		142		91		138		110
48		95		99		108		77		101		154		55		144		107		36		30		69		135		37		46		34		90		84		32		46		90		102		63		45		59		131		112		65		49		127		34		135		73		12		19		85		28		87		66		54		117		28		50		62		82		53		143		57		58		19		49		140		93		43		45		79		148		93		48		152		22		93		25		33		129		97		68		94		90		28		37		129		60		86		81		25		35		21		18		106		0		90		103		25		60		10		96		111		43		155		91		53		63		80		86		28		58		45		91		157		28		103		135		75		90		80		76		56		94		59		41		59		67		81		75		62		67		32		160
90		59		43		62		59		145		64		51		64		87		118		96		113		45		81		64		98		58		96		106		46		52		12		27		101		103		55		156		27		41		41		106		45		117		86		71		129		72		43		102		92		27		118		94		106		120		37		53		101		64		71		109		50		75		47		89		123		58		51		84		62		74		17		115		77		55		141		112		50		108		62		107		39		30		76		47		115		55		111		98		62		90		0		107		115		30		100		30		51		47		65		57		81		107		124		130		80		68		63		35		67		66		147		77		119		44		124		120		100		50		63		49		59		49		47		93		80		29		106		70
55		158		64		45		140		44		73		118		43		20		131		109		96		98		78		57		111		153		19		119		61		153		97		122		114		86		52		49		128		70		66		119		72		72		99		84		84		85		150		37		49		104		131		73		75		21		114		88		110		121		84		122		91		32		76		70		90		55		156		111		65		87		124		128		96		52		62		55		157		13		79		120		102		117		31		60		128		80		124		111		169		103		107		0		128		113		113		137		56		60		60		50		50		98		63		41		93		45		108		72		74		75		42		32		36		63		81		59		109		157		122		74		48		58		144		28		41		78		119		67
73		72		124		133		56		124		179		64		169		132		59		19		92		160		60		71		17		67		109		9		71		67		127		88		68		82		156		135		88		74		152		11		160		96		29		44		108		51		106		91		79		142		3		73		85		107		78		168		80		51		44		26		165		118		68		68		102		173		70		31		177		41		118		18		38		154		120		91		91		115		53		14		154		85		111		106		10		60		34		17		83		25		115		128		0		85		29		121		136		68		180		116		78		86		103		109		35		83		52		116		182		53		126		160		98		115		103		99		79		81		52		66		84		92		68		100		87		92		55		185
96		45		49		68		29		151		94		21		84		93		88		66		119		75		87		70		68		40		102		76		52		40		42		9		95		109		71		162		15		43		67		76		75		123		56		41		135		78		37		108		98		57		88		100		112		126		7		83		107		34		63		79		80		81		37		95		129		88		43		54		92		44		33		85		47		69		147		118		44		114		34		77		69		4		82		53		85		33		81		68		56		60		30		113		85		0		70		36		57		53		95		63		87		113		130		136		50		74		33		41		97		72		153		83		125		50		130		126		106		44		33		39		65		55		31		99		86		35		82		100
58		101		109		118		83		95		164		61		154		117		30		36		63		145		35		56		40		96		94		38		56		96		112		73		39		53		141		106		73		59		137		40		145		67		18		29		79		28		93		76		64		127		28		44		56		92		63		153		51		64		29		55		150		103		53		43		73		158		99		54		162		28		103		15		39		139		91		62		100		100		38		43		139		70		96		91		19		45		11		24		112		10		100		113		29		70		0		106		121		53		165		101		63		57		74		80		34		68		51		101		167		38		97		145		77		100		74		70		50		100		65		51		69		77		87		85		72		77		26		170
120		65		73		92		65		175		64		57		94		117		124		102		143		39		111		94		104		64		126		112		76		58		40		33		119		133		85		186		33		67		71		112		65		147		92		77		159		102		15		132		122		33		124		124		136		150		43		49		131		70		87		115		46		105		61		119		153		82		57		90		72		80		13		121		83		85		171		142		30		138		68		113		35		36		106		77		121		61		117		104		46		96		30		137		121		36		106		0		81		77		77		87		111		137		154		160		86		98		69		65		63		96		177		107		149		74		154		150		130		40		69		63		89		79		53		123		110		59		112		70
63		102		12		11		84		94		43		72		33		36		139		117		104		42		86		65		119		97		45		127		65		97		41		66		122		94		20		105		72		62		16		127		24		80		107		92		92		93		94		51		57		48		139		81		83		69		58		32		118		85		92		130		35		24		68		78		98		37		100		105		41		95		68		136		98		18		90		63		101		57		83		128		46		61		25		30		136		76		132		119		113		111		51		56		136		57		121		81		0		68		44		20		58		106		73		79		101		53		84		20		46		83		96		26		68		21		89		69		117		101		84		70		52		44		88		42		49		44		127		49
43		98		56		65		80		98		111		58		101		64		71		49		66		92		34		17		51		93		49		59		3		93		59		62		54		56		88		109		68		10		84		59		92		70		39		24		82		25		90		55		45		74		71		47		59		73		54		100		54		61		24		62		97		50		16		42		76		105		96		51		109		27		64		68		36		86		94		65		97		61		19		60		86		57		43		38		68		20		64		51		109		43		47		60		68		53		53		77		68		0		112		48		34		60		77		83		33		21		48		48		114		19		100		92		72		47		77		73		53		97		62		14		16		24		84		46		33		24		59		117
107		124		56		47		124		98		13		116		17		48		183		161		148		38		130		109		163		123		71		171		109		117		53		92		166		138		24		109		92		106		28		171		20		124		151		136		136		137		90		89		101		44		183		125		127		73		102		28		162		129		136		174		31		62		112		122		142		7		116		149		5		139		64		180		142		26		114		107		97		65		127		172		42		95		69		74		180		120		176		163		109		155		65		60		180		95		165		77		44		112		0		64		102		150		115		93		145		97		128		64		14		127		100		30		88		65		133		111		161		99		128		114		96		88		112		80		93		88		171		7
43		108		14		17		90		88		63		68		53		30		119		97		84		48		66		45		99		103		39		107		45		103		47		72		102		74		40		99		78		42		36		107		44		60		87		72		72		73		100		45		37		54		119		61		63		63		64		52		98		71		72		110		49		18		48		58		78		57		106		85		61		75		74		116		78		38		84		55		107		51		63		108		52		67		19		10		116		56		112		99		119		91		57		50		116		63		101		87		20		48		64		0		38		86		67		73		81		33		64		22		66		63		90		44		62		13		69		63		97		107		72		50		32		24		94		36		29		28		107		69
9		132		46		55		114		64		101		92		91		54		81		67		46		82		28		17		71		127		31		69		35		127		71		96		64		36		78		75		102		44		74		71		82		36		49		50		48		35		124		21		11		78		81		23		25		39		88		90		60		95		34		86		87		40		50		20		42		95		130		85		99		59		98		78		70		76		60		31		131		37		53		74		76		91		33		34		78		54		74		61		143		53		81		50		78		87		63		111		58		34		102		38		0		48		43		49		65		13		82		46		104		25		66		82		38		37		43		39		59		131		96		48		22		32		118		22		9		52		69		107
43		158		94		103		140		54		149		118		139		102		33		93		6		130		26		43		97		153		79		95		61		153		97		122		18		12		126		53		128		70		122		97		130		26		75		76		22		35		150		61		49		112		85		25		23		77		114		138		12		121		50		112		135		88		76		28		16		143		156		111		147		85		124		68		96		124		36		43		157		85		79		100		124		117		81		76		76		80		52		81		169		63		107		98		86		113		57		137		106		60		150		86		48		0		35		57		91		53		108		86		152		41		56		130		62		85		17		39		11		157		122		74		54		62		144		70		57		78		31		155
34		175		81		68		157		21		114		135		104		67		68		110		33		115		43		60		114		170		44		112		78		170		114		139		51		23		91		32		145		87		87		114		95		9		92		93		21		52		167		26		32		121		102		30		18		42		131		105		47		138		67		129		108		53		93		35		27		108		173		128		112		102		141		85		113		89		17		12		174		50		96		117		119		134		48		77		93		97		69		98		186		80		124		63		103		130		74		154		73		77		115		67		43		35		0		22		108		56		125		89		117		58		23		95		27		80		18		4		46		174		139		91		65		75		161		35		44		95		56		120
40		181		87		68		163		15		96		141		82		45		90		116		55		121		49		66		120		176		34		118		84		176		120		145		73		45		75		26		151		93		89		120		95		31		98		99		43		58		173		28		38		127		108		36		34		20		137		111		69		144		73		135		114		55		99		41		49		86		179		134		90		108		147		91		119		75		21		18		180		28		102		123		125		140		54		83		99		103		83		104		192		86		130		41		109		136		80		160		79		83		93		73		49		57		22		0		114		62		131		95		97		64		17		73		11		86		40		18		68		180		145		97		71		81		167		37		50		101		78		98
74		67		89		98		49		129		144		29		134		97		64		16		97		125		65		48		18		62		80		26		36		62		92		53		73		87		121		140		53		39		117		26		125		101		16		15		113		56		71		86		76		107		38		78		90		104		43		133		85		30		41		29		130		83		33		73		107		138		65		20		142		6		83		35		5		119		125		96		66		92		18		27		119		50		76		71		35		25		39		18		78		28		80		93		35		50		34		86		101		33		145		81		65		91		108		114		0		52		17		81		147		50		131		125		103		80		108		104		84		66		31		31		49		57		53		77		64		57		60		150
22		119		41		50		101		77		96		79		86		49		86		64		51		77		33		12		66		114		28		74		22		114		58		83		69		41		73		88		89		31		69		74		77		49		54		39		61		40		111		34		24		65		86		28		38		52		75		85		65		82		39		77		82		35		37		25		55		90		117		72		94		46		85		83		57		71		73		44		118		40		40		75		71		78		28		23		83		41		79		66		130		58		68		45		83		74		68		98		53		21		97		33		13		53		56		62		52		0		69		33		99		30		79		77		51		32		56		52		64		118		83		35		9		19		105		25		12		39		74		102
91		50		72		81		32		146		127		12		117		88		81		33		114		108		82		65		35		45		97		43		47		45		75		36		90		104		104		157		36		38		100		43		108		118		33		32		130		73		54		103		93		90		55		95		107		121		26		116		102		13		58		46		113		76		32		90		124		121		48		21		125		23		66		52		14		102		142		113		49		109		29		44		102		33		77		54		52		28		56		35		61		45		63		108		52		33		51		69		84		48		128		64		82		108		125		131		17		69		0		64		130		67		148		108		120		63		125		121		101		49		14		34		60		50		36		94		81		40		77		133
55		86		8		27		68		110		63		52		53		52		119		97		84		44		66		45		99		81		61		107		45		81		25		50		102		74		40		121		56		42		36		107		44		82		87		72		94		73		78		67		57		32		119		61		71		85		42		52		98		65		72		110		49		40		48		58		88		57		84		85		61		75		52		116		78		38		106		77		85		73		63		108		38		45		41		12		116		56		112		99		97		91		35		72		116		41		101		65		20		48		64		22		46		86		89		95		81		33		64		0		66		63		112		44		84		9		89		85		97		85		64		50		32		24		72		58		45		24		107		69
109		126		58		49		126		112		3		118		31		54		185		163		150		24		132		111		165		125		73		173		111		119		55		94		168		140		26		123		94		108		30		173		22		126		153		138		138		139		76		91		103		40		185		127		129		87		104		14		164		131		138		176		17		64		114		124		144		19		118		151		9		141		64		182		144		28		116		109		91		75		129		174		28		97		71		76		182		122		178		165		107		157		67		74		182		97		167		63		46		114		14		66		104		152		117		97		147		99		130		66		0		129		114		44		90		67		135		113		163		101		130		116		98		90		114		82		95		90		173		7
24		117		71		80		99		79		126		77		116		79		56		52		47		107		15		18		56		112		56		54		20		112		74		81		39		37		103		90		87		29		99		56		107		51		34		35		63		10		109		38		26		89		56		28		40		54		73		115		35		80		9		71		112		65		35		23		57		120		115		70		124		44		83		53		55		101		75		46		116		62		38		59		101		76		58		53		53		39		49		40		128		28		66		75		53		72		38		96		83		19		127		63		25		41		58		64		50		30		67		63		129		0		81		107		53		62		58		54		34		116		81		33		31		39		103		47		34		39		44		132
57		198		104		85		180		2		113		158		83		60		89		133		54		138		66		83		137		193		51		135		101		193		137		162		72		44		92		9		168		110		106		137		112		30		115		116		42		75		190		45		55		144		125		53		41		27		154		128		68		161		90		152		131		72		116		58		48		95		196		151		105		125		164		108		136		92		20		35		197		39		119		140		142		157		71		100		116		120		92		121		209		103		147		42		126		153		97		177		96		100		100		90		66		56		23		17		131		79		148		112		114		81		0		74		28		103		39		27		67		197		162		114		88		98		184		54		67		118		77		107
87		128		36		27		110		76		43		96		13		28		163		141		128		68		110		89		143		123		51		151		89		123		67		92		146		118		22		79		98		86		36		151		42		104		131		116		116		117		120		69		81		74		163		105		107		53		84		58		142		109		116		154		61		42		92		102		122		25		126		129		35		119		94		160		122		22		94		87		127		45		107		152		72		87		49		54		160		100		156		143		139		135		77		32		160		83		145		107		26		92		30		44		82		130		95		73		125		77		108		44		44		107		74		0		68		45		113		91		141		127		108		94		76		68		114		60		73		68		151		37
29		170		76		57		152		26		87		130		77		40		95		105		60		110		42		55		109		165		23		107		73		165		109		134		78		50		64		37		140		82		78		109		84		36		87		88		48		49		162		17		27		116		97		37		39		15		126		100		74		133		62		124		103		44		88		34		54		81		168		123		85		97		136		92		108		64		26		19		169		23		91		112		114		129		43		72		92		92		88		93		181		75		119		36		98		125		77		149		68		72		88		62		38		62		27		11		103		51		120		84		90		53		28		68		0		75		45		23		73		169		134		86		60		70		156		26		39		90		83		93
46		95		9		18		77		101		64		55		54		43		118		96		83		45		65		44		98		90		52		106		44		90		34		59		101		73		41		112		65		41		37		106		45		73		86		71		85		72		87		58		48		41		118		60		62		76		51		53		97		64		71		109		50		31		47		57		79		58		93		84		62		74		61		115		77		39		97		68		94		64		62		107		39		54		32		9		115		55		111		98		106		90		44		63		115		50		100		74		21		47		65		13		37		85		80		86		80		32		63		9		67		62		103		45		75		0		80		76		96		94		63		49		31		23		81		49		36		23		106		70
34		175		81		86		157		37		132		135		122		85		50		110		15		115		43		60		114		170		62		112		78		170		114		139		35		21		109		36		145		87		105		114		113		9		92		93		5		52		167		44		32		121		102		30		18		60		131		121		29		138		67		129		118		71		93		35		9		126		173		128		130		102		141		85		113		107		19		26		174		68		96		117		119		134		64		77		93		97		69		98		186		80		124		81		103		130		74		154		89		77		133		69		43		17		18		40		108		56		125		89		135		58		39		113		45		80		0		22		28		174		139		91		65		75		161		53		44		95		48		138
30		171		77		64		153		25		110		131		100		63		72		106		37		111		39		56		110		166		40		108		74		166		110		135		55		27		87		36		141		83		83		110		91		13		88		89		25		48		163		22		28		117		98		26		16		38		127		101		51		134		63		125		104		49		89		31		31		104		169		124		108		98		137		81		109		85		21		8		170		46		92		113		115		130		44		73		89		93		65		94		182		76		120		59		99		126		70		150		69		73		111		63		39		39		4		18		104		52		121		85		113		54		27		91		23		76		22		0		50		170		135		87		61		71		157		31		40		91		60		116
54		151		105		114		133		65		160		111		150		113		22		86		13		141		31		52		90		146		90		88		54		146		108		115		11		23		137		64		121		63		133		90		141		37		68		69		29		28		143		72		60		123		78		36		34		88		107		149		1		114		43		105		146		99		69		39		23		154		149		104		158		78		117		61		89		135		47		54		150		96		72		93		135		110		92		87		69		73		45		74		162		56		100		109		79		106		50		130		117		53		161		97		59		11		46		68		84		64		101		97		163		34		67		141		73		96		28		50		0		150		115		67		65		73		137		81		68		73		24		166
140		25		93		112		25		195		98		39		114		137		130		64		163		79		131		114		64		24		146		72		96		18		60		35		139		153		105		206		29		87		91		72		85		167		82		81		179		122		25		152		142		61		84		144		156		170		43		87		151		36		107		75		84		125		81		139		173		102		17		50		96		72		37		89		61		105		191		162		10		158		78		73		73		40		126		97		81		77		105		76		12		94		50		157		81		44		100		40		101		97		99		107		131		157		174		180		66		118		49		85		101		116		197		127		169		94		174		170		150		0		35		83		109		99		13		143		130		79		126		104
105		36		72		81		18		160		127		12		117		102		95		33		128		108		96		79		35		31		111		43		61		31		75		36		104		118		104		171		36		52		100		43		108		132		47		46		144		87		54		117		107		90		55		109		121		135		26		116		116		1		72		46		113		90		46		104		138		121		34		21		125		37		66		54		26		102		156		127		39		123		43		44		102		33		91		62		52		42		70		41		47		59		63		122		52		33		65		69		84		62		128		72		96		122		139		145		31		83		14		64		130		81		162		108		134		63		139		135		115		35		0		48		74		64		22		108		95		44		91		133
57		84		58		67		66		112		113		44		103		66		69		47		80		94		48		31		49		79		63		57		13		79		61		48		56		70		90		123		54		8		86		57		94		84		37		22		96		39		76		69		59		76		69		61		73		87		40		102		68		47		24		60		99		52		2		56		90		107		82		37		111		25		52		66		28		88		108		79		83		75		13		58		88		43		45		40		66		6		62		49		95		41		49		74		66		39		51		63		70		14		114		50		48		74		91		97		31		35		34		50		116		33		114		94		86		49		91		87		67		83		48		0		26		26		70		60		47		26		57		119
31		110		40		49		92		86		95		70		85		48		87		65		54		76		34		13		67		105		37		75		13		105		49		74		70		44		72		97		80		22		68		75		76		58		55		40		70		41		102		43		33		58		87		35		47		61		66		84		66		73		40		78		81		34		28		30		64		89		108		63		93		43		76		84		48		70		82		53		109		49		31		76		70		69		27		22		84		32		80		67		121		59		59		48		84		65		69		89		52		16		96		32		22		54		65		71		49		9		60		32		98		31		88		76		60		31		65		61		65		109		74		26		0		10		96		34		21		30		75		101
41		100		32		41		82		96		87		60		77		40		95		73		64		68		42		21		75		95		47		83		21		95		39		64		78		54		64		107		70		18		60		83		68		68		63		48		80		49		92		53		43		50		95		45		57		71		56		76		74		63		48		86		73		26		24		40		74		81		98		61		85		51		66		92		54		62		92		63		99		59		39		84		62		59		27		14		92		32		88		75		111		67		49		58		92		55		77		79		44		24		88		24		32		62		75		81		57		19		50		24		90		39		98		68		70		23		75		71		73		99		64		26		10		0		86		44		31		20		83		93
127		14		80		99		12		182		111		26		101		124		117		51		150		92		118		101		51		11		133		59		83		9		59		22		126		140		92		193		20		74		84		59		92		154		69		68		166		109		38		139		129		74		71		131		143		157		30		100		138		23		94		62		97		112		68		126		160		105		12		37		109		59		50		76		48		92		178		149		23		145		65		60		86		27		113		84		68		64		92		63		25		81		47		144		68		31		87		53		88		84		112		94		118		144		161		167		53		105		36		72		114		103		184		114		156		81		161		157		137		13		22		70		96		86		0		130		117		66		113		117
27		144		50		33		126		52		79		104		69		32		103		81		68		84		50		29		83		139		9		91		47		139		83		108		86		58		56		63		114		56		52		91		60		44		71		62		56		57		136		9		21		90		103		45		47		27		100		74		82		107		56		98		77		18		62		42		62		73		142		97		77		71		110		100		82		54		48		27		143		15		65		92		88		103		17		46		100		66		96		83		155		75		93		28		100		99		85		123		42		46		80		36		22		70		35		37		77		25		94		58		82		47		54		60		26		49		53		31		81		143		108		60		34		44		130		0		13		64		91		85
14		131		37		46		113		65		92		91		82		45		90		68		55		73		37		16		70		126		22		78		34		126		70		95		73		45		69		76		101		43		65		78		73		37		58		49		49		44		123		22		12		77		90		32		34		40		87		81		69		94		43		85		78		31		49		29		49		86		129		84		90		58		97		87		69		67		61		32		130		28		52		79		75		90		24		33		87		53		83		70		142		62		80		41		87		86		72		110		49		33		93		29		9		57		44		50		64		12		81		45		95		34		67		73		39		36		44		40		68		130		95		47		21		31		117		13		0		51		78		98
61		80		32		41		62		116		87		40		77		58		95		73		84		68		52		35		75		75		67		83		21		75		35		44		78		74		64		127		50		18		60		83		68		88		63		48		100		49		72		73		63		50		95		65		77		91		36		76		74		43		48		86		73		46		24		60		94		81		78		61		85		51		46		92		54		62		112		83		79		79		39		84		62		39		47		18		92		32		88		75		91		67		29		78		92		35		77		59		44		24		88		28		52		78		95		101		57		39		40		24		90		39		118		68		90		23		95		91		73		79		44		26		30		20		66		64		51		0		83		93
64		127		115		124		109		75		170		87		160		123		12		62		37		151		41		62		66		122		100		64		62		122		118		91		13		33		147		80		97		65		143		66		151		47		44		45		53		34		119		82		70		133		54		46		44		98		83		159		25		90		35		81		156		109		59		49		47		164		125		80		168		54		109		37		65		145		65		64		126		106		48		69		145		86		102		97		45		51		21		50		138		32		106		119		55		82		26		112		127		59		171		107		69		31		56		78		60		74		77		107		173		44		77		151		83		106		48		60		24		126		91		57		75		83		113		91		78		83		0		176
112		129		61		52		129		105		6		121		24		53		188		166		153		31		135		114		168		128		76		176		114		122		58		97		171		143		29		116		97		111		33		176		25		129		156		141		141		142		83		94		106		43		188		130		132		80		107		21		167		134		141		179		24		67		117		127		147		12		121		154		8		144		67		185		147		31		119		112		94		70		132		177		35		100		74		79		185		125		181		168		110		160		70		67		185		100		170		70		49		117		7		69		107		155		120		98		150		102		133		69		7		132		107		37		93		70		138		116		166		104		133		119		101		93		117		85		98		93		176		0
