100
0		70		51		73		71		58		91		43		36		63		77		28		30		58		30		84		85		69		34		42		104		8		79		51		86		45		32		62		78		41		33		50		54		25		72		51		66		8		51		61		62		64		79		49		75		46		64		69		46		58		51		15		46		73		65		32		50		56		35		37		77		59		62		60		60		44		90		28		79		43		39		61		66		84		93		30		48		44		60		27		66		47		58		53		64		14		62		38		5		50		61		5		45		38		80		32		28		80		42		84
70		0		35		143		47		50		41		27		106		21		53		70		100		100		44		14		27		11		76		48		62		78		31		93		70		57		50		52		94		29		37		76		24		57		70		121		62		62		73		131		56		134		17		41		59		70		134		29		44		54		53		55		116		115		79		90		20		126		77		55		7		73		96		10		36		92		20		68		121		85		55		131		24		40		23		72		118		114		70		97		68		89		128		121		66		84		36		100		75		20		45		69		67		32		38		38		58		50		76		80
51		35		0		124		64		15		40		36		87		56		26		35		81		65		21		33		34		24		41		13		97		59		28		58		79		22		31		17		75		18		20		57		47		38		65		102		59		43		54		112		21		115		28		42		24		35		115		62		9		51		44		36		97		80		60		71		21		107		44		20		28		38		77		45		53		73		39		33		86		60		36		112		59		33		42		43		99		95		35		78		59		68		109		102		31		65		11		81		56		27		54		50		48		17		73		21		39		29		57		77
73		143		124		0		96		131		164		116		37		132		150		99		43		77		103		157		158		142		83		115		85		65		152		94		73		118		93		135		59		114		106		67		119		86		73		22		81		81		70		12		135		11		152		102		148		119		13		114		119		89		90		88		33		92		64		53		123		35		80		110		150		132		47		133		107		51		163		101		98		64		88		16		125		157		166		81		47		45		133		46		75		66		31		34		137		59		135		43		68		123		98		74		76		111		109		105		85		153		67		65
71		47		64		96		0		79		70		28		59		36		82		99		67		129		73		61		62		46		105		77		33		79		60		122		23		86		39		81		47		46		44		29		23		46		23		74		15		65		26		84		85		87		56		22		88		99		87		18		73		13		20		78		85		144		32		103		43		87		106		84		54		102		49		37		11		45		67		97		150		114		32		84		29		69		70		101		99		97		99		90		21		118		83		74		95		71		65		53		66		37		10		66		26		47		13		43		43		79		29		33
58		50		15		131		79		0		33		51		94		71		19		32		88		60		28		44		27		39		48		16		112		66		21		43		94		13		40		4		86		33		35		64		62		45		80		109		74		50		61		119		6		122		33		57		17		20		122		77		12		66		59		43		104		65		73		78		36		114		51		21		43		23		84		60		68		80		32		30		71		67		47		119		74		26		35		50		106		102		20		85		74		75		116		109		16		72		14		88		63		42		69		57		55		32		88		36		46		22		64		92
91		41		40		164		70		33		0		48		127		62		14		65		121		93		61		35		14		30		81		49		103		99		12		70		91		46		71		29		115		50		58		97		53		78		91		142		83		83		94		152		29		155		24		62		18		45		155		68		45		75		74		76		137		86		100		111		41		147		84		54		34		32		117		51		59		113		21		63		82		100		76		152		65		7		26		83		139		135		31		118		89		108		149		142		27		105		29		121		96		41		66		90		88		53		79		59		79		11		97		101
43		27		36		116		28		51		48		0		79		20		54		71		73		101		45		41		42		26		77		49		61		51		36		94		43		58		23		53		67		18		16		49		11		30		43		94		35		37		46		104		57		107		36		14		60		71		107		26		45		27		26		50		89		116		52		75		15		99		78		56		34		74		69		17		17		65		47		69		122		86		28		104		23		41		50		73		91		87		71		70		41		90		101		94		67		57		37		73		48		9		18		42		40		19		37		15		31		51		49		53
36		106		87		37		59		94		127		79		0		95		113		62		20		82		66		120		121		105		58		78		80		32		115		75		62		81		56		98		54		77		69		30		82		49		48		15		44		44		33		25		98		28		115		65		111		82		28		77		82		52		53		51		38		97		41		56		86		40		59		73		113		95		38		96		70		20		126		64		103		67		51		25		88		120		129		54		52		50		96		43		42		71		36		29		100		24		98		14		31		86		61		37		39		74		72		68		48		116		30		60
63		21		56		132		36		71		62		20		95		0		74		91		89		121		65		27		48		32		97		69		49		71		52		114		59		78		39		73		83		38		36		65		13		46		59		110		51		57		62		120		77		123		38		30		80		91		123		18		65		43		42		70		105		136		68		95		35		115		98		76		28		94		85		11		25		81		41		89		142		106		44		120		7		61		36		93		107		103		91		86		57		110		117		110		87		73		57		89		64		29		34		58		56		39		23		35		47		71		65		69
77		53		26		150		82		19		14		54		113		74		0		51		107		79		47		47		26		42		67		35		115		85		22		56		97		32		57		15		101		36		44		83		65		64		83		128		77		69		80		138		15		141		36		60		6		31		141		80		31		69		62		62		123		72		86		97		39		133		70		40		46		20		103		63		71		99		33		49		68		86		62		138		77		13		38		69		125		121		17		104		77		94		135		128		13		91		17		107		82		45		72		76		74		39		91		45		65		3		83		95
28		70		35		99		99		32		65		71		62		91		51		0		56		30		26		64		59		59		16		22		132		34		53		23		114		19		60		36		106		53		55		78		82		53		100		77		94		34		79		87		36		90		53		77		49		20		90		97		26		86		79		21		72		45		93		46		56		82		19		15		63		33		90		80		88		72		64		2		51		35		67		87		94		58		67		18		74		70		34		53		94		43		84		81		38		40		36		66		33		62		89		33		73		52		108		56		56		54		70		112
30		100		81		43		67		88		121		73		20		89		107		56		0		62		60		114		115		99		40		72		100		22		109		55		82		75		50		92		74		71		63		46		76		43		68		21		62		38		47		31		92		34		109		59		105		76		34		71		76		54		47		45		18		77		61		36		80		26		39		67		107		89		58		90		64		40		120		58		83		47		45		31		82		114		123		38		32		30		90		23		62		51		28		49		94		16		92		34		25		80		57		31		41		68		76		62		42		110		38		80
58		100		65		77		129		60		93		101		82		121		79		30		62		0		56		94		87		89		24		52		162		50		81		23		144		47		90		64		136		83		85		108		112		83		130		81		124		64		109		69		64		88		83		107		77		48		90		127		56		116		109		51		44		15		123		26		86		54		23		45		93		61		120		110		118		102		92		32		21		15		97		93		124		86		95		28		46		42		62		39		124		15		56		111		66		58		64		96		63		92		119		63		103		82		138		86		86		82		100		142
30		44		21		103		73		28		61		45		66		65		47		26		60		56		0		54		55		39		32		12		106		38		49		49		88		15		34		32		80		27		29		52		56		27		74		81		68		22		53		91		32		94		49		51		45		26		94		71		16		60		53		15		76		71		67		50		30		86		33		11		47		29		64		54		62		52		60		24		77		41		41		91		68		54		63		28		78		74		30		57		68		47		88		81		34		44		32		60		35		36		63		29		47		26		82		30		30		50		44		86
84		14		33		157		61		44		35		41		120		27		47		64		114		94		54		0		21		15		74		42		74		92		25		87		84		51		64		46		108		43		51		90		38		71		84		135		76		76		87		145		50		148		11		55		53		64		148		43		38		68		67		69		130		109		93		104		34		140		77		49		7		67		110		24		50		106		14		62		115		93		69		145		32		34		9		76		132		128		64		111		82		101		142		135		60		98		30		114		89		34		59		83		81		46		48		52		72		44		90		94
85		27		34		158		62		27		14		42		121		48		26		59		115		87		55		21		0		16		75		43		89		93		6		66		85		40		65		25		109		44		52		91		39		72		85		136		77		77		88		146		29		149		10		56		32		43		149		54		39		69		68		70		131		88		94		105		35		141		78		48		20		46		111		37		51		107		7		57		94		94		70		146		51		13		12		77		133		129		43		112		83		102		143		136		39		99		23		115		90		35		60		84		82		47		65		53		73		23		91		95
69		11		24		142		46		39		30		26		105		32		42		59		99		89		39		15		16		0		65		37		73		77		20		82		69		46		49		41		93		28		36		75		23		56		69		120		61		61		72		130		45		133		10		40		48		59		133		38		33		53		52		54		115		104		78		89		19		125		66		44		8		62		95		21		35		91		21		57		110		78		54		130		35		29		24		61		117		113		59		96		67		86		127		120		55		83		25		99		74		19		44		68		66		31		49		37		57		39		75		79
34		76		41		83		105		48		81		77		58		97		67		16		40		24		32		74		75		65		0		32		138		26		69		17		120		35		66		52		112		59		61		84		88		59		106		61		100		40		85		71		52		74		69		83		65		36		74		103		36		92		85		27		56		39		99		30		62		66		3		27		69		49		96		86		94		78		80		18		45		19		73		71		100		74		83		4		58		54		50		37		100		27		68		87		54		34		52		72		39		68		95		39		79		58		114		62		62		70		76		118
42		48		13		115		77		16		49		49		78		69		35		22		72		52		12		42		43		37		32		0		110		50		37		45		92		9		38		20		84		31		33		56		60		31		78		93		72		34		57		103		20		106		37		55		33		22		106		75		4		64		57		27		88		67		71		62		34		98		35		7		41		25		68		58		66		64		48		20		73		51		45		103		72		42		51		34		90		86		22		69		72		59		100		93		22		56		20		72		47		40		67		41		51		30		86		34		34		38		48		90
104		62		97		85		33		112		103		61		80		49		115		132		100		162		106		74		89		73		138		110		0		112		93		155		18		119		72		114		34		79		77		54		50		79		32		81		38		98		53		93		118		74		79		55		121		132		74		35		106		46		53		111		118		177		39		136		76		120		139		117		69		135		42		52		44		60		82		130		183		147		65		71		42		102		83		134		132		130		132		123		38		151		116		61		128		104		98		66		99		70		43		99		59		80		26		76		76		112		62		20
8		78		59		65		79		66		99		51		32		71		85		34		22		50		38		92		93		77		26		50		112		0		87		43		94		53		40		70		86		49		41		58		62		33		80		43		74		16		59		53		70		56		87		57		83		54		56		77		54		66		59		23		38		65		73		24		58		48		27		45		85		67		70		68		68		52		98		36		71		35		47		53		74		92		101		22		40		36		68		19		74		39		50		61		72		8		70		46		13		58		69		13		53		46		88		40		36		88		50		92
79		31		28		152		60		21		12		36		115		52		22		53		109		81		49		25		6		20		69		37		93		87		0		62		79		34		59		21		103		38		46		85		43		66		79		130		71		71		82		140		25		143		14		50		28		39		143		58		33		63		62		64		125		84		88		99		29		135		72		42		24		42		105		41		49		101		11		51		90		88		64		140		55		9		16		71		127		123		39		106		77		96		137		130		35		93		17		109		84		29		54		78		76		41		69		47		67		19		85		89
51		93		58		94		122		43		70		94		75		114		56		23		55		23		49		87		66		82		17		45		155		43		62		0		137		36		83		41		129		76		78		101		105		76		123		74		117		57		102		82		41		85		76		100		54		25		85		120		49		109		102		44		67		22		116		41		79		77		16		38		86		38		113		103		111		95		73		25		28		30		90		86		117		63		78		21		69		65		39		48		117		38		79		104		43		51		57		89		56		85		112		56		96		75		131		79		79		59		93		135
86		70		79		73		23		94		91		43		62		59		97		114		82		144		88		84		85		69		120		92		18		94		79		137		0		101		54		96		24		61		59		36		46		61		14		63		20		80		35		75		100		64		79		37		103		114		64		41		88		28		35		93		100		159		21		118		58		102		121		99		77		117		26		60		34		42		90		112		165		129		47		61		52		84		93		116		114		112		114		105		20		133		98		51		110		86		80		48		81		52		25		81		41		62		36		58		58		94		44		10
45		57		22		118		86		13		46		58		81		78		32		19		75		47		15		51		40		46		35		9		119		53		34		36		101		0		47		17		93		40		42		65		69		40		87		96		81		37		66		106		17		109		40		64		30		13		109		84		13		73		66		30		91		58		80		65		43		101		38		8		50		16		77		67		75		67		45		17		64		54		54		106		81		39		48		37		93		89		15		72		81		62		103		96		19		59		21		75		50		49		76		44		60		39		95		43		43		35		57		99
32		50		31		93		39		40		71		23		56		39		57		60		50		90		34		64		65		49		66		38		72		40		59		83		54		47		0		42		46		21		13		26		26		7		40		71		34		26		23		81		46		84		59		17		55		60		84		37		34		26		19		39		66		105		33		64		30		76		67		45		57		63		46		40		28		42		70		58		111		75		7		81		34		64		73		62		68		64		60		51		34		79		78		71		56		34		42		50		27		30		29		27		17		18		48		12		8		60		26		52
62		52		17		135		81		4		29		53		98		73		15		36		92		64		32		46		25		41		52		20		114		70		21		41		96		17		42		0		88		35		37		68		64		49		82		113		76		54		65		123		4		126		35		59		13		18		126		79		16		68		61		47		108		63		75		82		38		118		55		25		45		21		88		62		70		84		32		34		69		71		49		123		76		22		37		54		110		106		18		89		76		79		120		113		14		76		16		92		67		44		71		61		59		34		90		38		50		18		68		94
78		94		75		59		47		86		115		67		54		83		101		106		74		136		80		108		109		93		112		84		34		86		103		129		24		93		46		88		0		65		57		28		70		53		24		55		32		72		27		67		92		48		103		53		99		106		46		65		80		40		41		85		92		151		15		110		74		94		113		91		101		109		16		84		58		34		114		104		157		121		39		43		76		108		117		108		106		104		106		97		26		125		90		27		102		78		86		40		73		74		49		73		33		62		60		56		50		104		36		14
41		29		18		114		46		33		50		18		77		38		36		53		71		83		27		43		44		28		59		31		79		49		38		76		61		40		21		35		65		0		8		47		29		28		47		92		41		33		44		102		39		105		38		24		42		53		105		44		27		33		26		32		87		98		50		61		9		97		60		38		36		56		67		27		35		63		49		51		104		68		26		102		41		43		52		55		89		85		53		68		41		72		99		92		49		55		21		71		46		9		36		40		38		3		55		9		29		39		47		59
33		37		20		106		44		35		58		16		69		36		44		55		63		85		29		51		52		36		61		33		77		41		46		78		59		42		13		37		57		8		0		39		27		20		45		84		39		25		36		94		41		97		46		22		44		55		97		42		29		31		24		34		79		100		42		59		17		89		62		40		44		58		59		27		33		55		57		53		106		70		18		94		39		51		60		57		81		77		55		60		39		74		91		84		51		47		29		63		38		17		34		32		30		5		53		1		21		47		39		57
50		76		57		67		29		64		97		49		30		65		83		78		46		108		52		90		91		75		84		56		54		58		85		101		36		65		26		68		28		47		39		0		52		25		22		45		16		44		3		55		68		58		85		35		81		78		58		47		52		22		23		57		64		123		15		82		56		66		85		63		83		81		20		66		40		16		96		76		129		93		21		55		58		90		99		80		78		76		78		69		16		97		62		45		74		50		68		24		45		56		31		45		9		44		42		38		22		86		8		34
54		24		47		119		23		62		53		11		82		13		65		82		76		112		56		38		39		23		88		60		50		62		43		105		46		69		26		64		70		29		27		52		0		33		46		97		38		48		49		107		68		110		33		17		71		82		110		15		56		30		29		61		92		127		55		86		26		102		89		67		31		85		72		14		12		68		44		80		133		97		31		107		12		52		47		84		94		90		82		73		44		101		104		97		78		60		48		76		51		20		21		49		43		30		26		26		34		62		52		56
25		57		38		86		46		45		78		30		49		46		64		53		43		83		27		71		72		56		59		31		79		33		66		76		61		40		7		49		53		28		20		25		33		0		47		64		41		19		26		74		49		77		66		24		62		53		77		44		33		33		26		32		59		98		40		57		37		69		60		38		64		56		39		47		35		35		77		51		104		68		14		74		41		71		80		55		61		57		53		44		41		72		71		64		51		27		49		43		20		37		36		20		20		25		55		19		3		67		19		59
72		70		65		73		23		80		91		43		48		59		83		100		68		130		74		84		85		69		106		78		32		80		79		123		14		87		40		82		24		47		45		22		46		47		0		51		8		66		21		61		86		64		79		29		89		100		64		41		74		16		21		79		86		145		9		104		50		88		107		85		77		103		26		60		34		28		90		98		151		115		33		61		52		84		93		102		100		98		100		91		6		119		84		51		96		72		66		34		67		50		25		67		27		48		36		44		44		80		30		12
51		121		102		22		74		109		142		94		15		110		128		77		21		81		81		135		136		120		61		93		81		43		130		74		63		96		71		113		55		92		84		45		97		64		51		0		59		59		48		12		113		13		130		80		126		97		13		92		97		67		68		66		37		96		42		55		101		39		58		88		128		110		39		111		85		29		141		79		102		66		66		12		103		135		144		59		51		49		111		42		53		70		35		30		115		37		113		21		46		101		76		52		54		89		87		83		63		131		45		61
66		62		59		81		15		74		83		35		44		51		77		94		62		124		68		76		77		61		100		72		38		74		71		117		20		81		34		76		32		41		39		16		38		41		8		59		0		60		15		69		80		72		71		21		83		94		72		33		68		8		15		73		80		139		17		98		42		82		101		79		69		97		34		52		26		30		82		92		145		109		27		69		44		76		85		96		94		92		94		85		6		113		78		59		90		66		60		38		61		42		17		61		21		42		28		38		38		74		24		18
8		62		43		81		65		50		83		37		44		57		69		34		38		64		22		76		77		61		40		34		98		16		71		57		80		37		26		54		72		33		25		44		48		19		66		59		60		0		45		69		54		72		71		43		67		38		72		63		38		52		45		13		54		79		59		38		42		64		41		29		69		51		56		52		54		38		82		32		85		49		33		69		60		76		85		36		56		52		52		35		60		53		66		59		56		22		54		38		13		42		55		7		39		30		74		24		22		72		36		78
51		73		54		70		26		61		94		46		33		62		80		79		47		109		53		87		88		72		85		57		53		59		82		102		35		66		23		65		27		44		36		3		49		26		21		48		15		45		0		58		65		61		82		32		78		79		61		44		53		19		20		58		65		124		14		83		53		67		86		64		80		82		23		63		37		19		93		77		130		94		18		58		55		87		96		81		79		77		79		70		15		98		63		48		75		51		65		27		46		53		28		46		6		41		39		35		23		83		9		33
61		131		112		12		84		119		152		104		25		120		138		87		31		69		91		145		146		130		71		103		93		53		140		82		75		106		81		123		67		102		94		55		107		74		61		12		69		69		58		0		123		19		140		90		136		107		21		102		107		77		78		76		25		84		54		43		111		27		68		98		138		120		51		121		95		39		151		89		90		54		76		24		113		145		154		69		39		37		121		34		63		58		23		42		125		47		123		31		56		111		86		62		64		99		97		93		73		141		55		73
62		56		21		135		85		6		29		57		98		77		15		36		92		64		32		50		29		45		52		20		118		70		25		41		100		17		46		4		92		39		41		68		68		49		86		113		80		54		65		123		0		126		39		63		13		16		126		83		16		72		65		47		108		59		79		82		42		118		55		25		49		17		88		66		74		84		36		34		65		71		53		123		80		22		41		54		110		106		14		89		80		79		120		113		10		76		20		92		67		48		75		61		59		38		94		42		50		18		68		98
64		134		115		11		87		122		155		107		28		123		141		90		34		88		94		148		149		133		74		106		74		56		143		85		64		109		84		126		48		105		97		58		110		77		64		13		72		72		61		19		126		0		143		93		139		110		2		105		110		80		81		79		44		103		55		62		114		46		71		101		141		123		38		124		98		42		154		92		109		73		79		5		116		148		157		72		58		56		124		49		66		77		42		23		128		50		126		34		59		114		89		65		67		102		100		96		76		144		58		54
79		17		28		152		56		33		24		36		115		38		36		53		109		83		49		11		10		10		69		37		79		87		14		76		79		40		59		35		103		38		46		85		33		66		79		130		71		71		82		140		39		143		0		50		42		53		143		44		33		63		62		64		125		98		88		99		29		135		72		42		10		56		105		27		45		101		11		51		104		88		64		140		41		23		14		71		127		123		53		106		77		96		137		130		49		93		19		109		84		29		54		78		76		41		55		47		67		33		85		89
49		41		42		102		22		57		62		14		65		30		60		77		59		107		51		55		56		40		83		55		55		57		50		100		37		64		17		59		53		24		22		35		17		24		29		80		21		43		32		90		63		93		50		0		66		77		93		20		51		13		12		56		75		122		38		81		21		85		84		62		48		80		55		31		11		51		61		75		128		92		14		90		23		55		64		79		77		75		77		68		27		96		87		80		73		49		43		59		44		21		12		44		26		25		31		21		21		57		35		39
75		59		24		148		88		17		18		60		111		80		6		49		105		77		45		53		32		48		65		33		121		83		28		54		103		30		55		13		99		42		44		81		71		62		89		126		83		67		78		136		13		139		42		66		0		29		139		86		29		75		68		60		121		70		84		95		45		131		68		38		52		16		101		69		77		97		39		47		66		84		60		136		83		19		44		67		123		119		15		102		83		92		133		126		11		89		23		105		80		51		78		74		72		41		97		45		63		9		81		101
46		70		35		119		99		20		45		71		82		91		31		20		76		48		26		64		43		59		36		22		132		54		39		25		114		13		60		18		106		53		55		78		82		53		100		97		94		38		79		107		16		110		53		77		29		0		110		97		26		86		79		31		92		45		93		66		56		102		39		15		63		13		90		80		88		72		50		18		51		55		67		107		94		38		55		38		94		90		14		73		94		63		104		97		18		60		34		76		51		62		89		45		73		52		108		56		56		34		70		112
64		134		115		13		87		122		155		107		28		123		141		90		34		90		94		148		149		133		74		106		74		56		143		85		64		109		84		126		46		105		97		58		110		77		64		13		72		72		61		21		126		2		143		93		139		110		0		105		110		80		81		79		46		105		55		64		114		48		71		101		141		123		38		124		98		42		154		92		111		75		79		3		116		148		157		72		60		58		124		51		66		79		44		21		128		50		126		34		59		114		89		65		67		102		100		96		76		144		58		54
69		29		62		114		18		77		68		26		77		18		80		97		71		127		71		43		54		38		103		75		35		77		58		120		41		84		37		79		65		44		42		47		15		44		41		92		33		63		44		102		83		105		44		20		86		97		105		0		71		25		24		76		87		142		50		101		41		97		104		82		36		100		67		19		9		63		49		95		148		112		30		102		11		67		52		99		97		95		97		88		39		116		99		92		93		69		63		71		64		35		16		64		38		45		11		41		41		77		47		51
46		44		9		119		73		12		45		45		82		65		31		26		76		56		16		38		39		33		36		4		106		54		33		49		88		13		34		16		80		27		29		52		56		33		74		97		68		38		53		107		16		110		33		51		29		26		110		71		0		60		53		31		92		71		67		66		30		102		39		11		37		29		72		54		62		68		44		24		77		55		41		107		68		38		47		38		94		90		26		73		68		63		104		97		22		60		16		76		51		36		63		45		47		26		82		30		34		34		52		86
58		54		51		89		13		66		75		27		52		43		69		86		54		116		60		68		69		53		92		64		46		66		63		109		28		73		26		68		40		33		31		22		30		33		16		67		8		52		19		77		72		80		63		13		75		86		80		25		60		0		7		65		72		131		25		90		34		74		93		71		61		89		42		44		18		38		74		84		137		101		19		77		36		68		77		88		86		84		86		77		14		105		74		67		82		58		52		46		53		34		9		53		13		34		22		30		30		66		22		26
51		53		44		90		20		59		74		26		53		42		62		79		47		109		53		67		68		52		85		57		53		59		62		102		35		66		19		61		41		26		24		23		29		26		21		68		15		45		20		78		65		81		62		12		68		79		81		24		53		7		0		58		65		124		26		83		33		73		86		64		60		82		43		43		17		39		73		77		130		94		12		78		35		67		76		81		79		77		79		70		15		98		75		68		75		51		45		47		46		33		10		46		14		27		29		23		23		63		23		33
15		55		36		88		78		43		76		50		51		70		62		21		45		51		15		69		70		54		27		27		111		23		64		44		93		30		39		47		85		32		34		57		61		32		79		66		73		13		58		76		47		79		64		56		60		31		79		76		31		65		58		0		61		66		72		35		35		71		28		22		62		44		69		59		67		51		75		19		72		36		46		76		73		69		78		23		63		59		45		42		73		40		73		66		49		29		47		45		20		41		68		14		52		31		87		35		35		65		49		91
46		116		97		33		85		104		137		89		38		105		123		72		18		44		76		130		131		115		56		88		118		38		125		67		100		91		66		108		92		87		79		64		92		59		86		37		80		54		65		25		108		44		125		75		121		92		46		87		92		72		65		61		0		59		79		26		96		10		53		83		123		105		76		106		80		58		136		74		65		37		61		49		98		130		139		54		14		12		106		19		80		33		12		67		110		32		108		52		41		96		75		47		59		84		94		78		58		126		56		98
73		115		80		92		144		65		86		116		97		136		72		45		77		15		71		109		88		104		39		67		177		65		84		22		159		58		105		63		151		98		100		123		127		98		145		96		139		79		124		84		59		103		98		122		70		45		105		142		71		131		124		66		59		0		138		41		101		61		38		60		108		54		135		125		133		117		95		47		6		30		112		108		139		79		100		43		53		49		55		54		139		26		63		126		59		73		79		111		78		107		134		78		118		97		153		101		101		75		115		157
65		79		60		64		32		73		100		52		41		68		86		93		61		123		67		93		94		78		99		71		39		73		88		116		21		80		33		75		15		50		42		15		55		40		9		42		17		59		14		54		79		55		88		38		84		93		55		50		67		25		26		72		79		138		0		97		59		81		100		78		86		96		17		69		43		21		99		91		144		108		26		52		61		93		102		95		93		91		93		84		11		112		77		42		89		65		71		27		60		59		34		60		20		47		45		41		37		89		23		19
32		90		71		53		103		78		111		75		56		95		97		46		36		26		50		104		105		89		30		62		136		24		99		41		118		65		64		82		110		61		59		82		86		57		104		55		98		38		83		43		82		62		99		81		95		66		64		101		66		90		83		35		26		41		97		0		70		36		27		57		97		79		94		84		92		76		110		48		47		11		71		67		98		104		113		28		28		24		80		13		98		15		38		85		84		32		82		70		37		70		93		37		77		58		112		60		60		100		74		116
50		20		21		123		43		36		41		15		86		35		39		56		80		86		30		34		35		19		62		34		76		58		29		79		58		43		30		38		74		9		17		56		26		37		50		101		42		42		53		111		42		114		29		21		45		56		114		41		30		34		33		35		96		101		59		70		0		106		63		41		27		59		76		24		32		72		40		54		107		71		35		111		38		34		43		58		98		94		56		77		48		75		108		101		52		64		22		80		55		6		33		49		47		12		52		18		38		36		56		60
56		126		107		35		87		114		147		99		40		115		133		82		26		54		86		140		141		125		66		98		120		48		135		77		102		101		76		118		94		97		89		66		102		69		88		39		82		64		67		27		118		46		135		85		131		102		48		97		102		74		73		71		10		61		81		36		106		0		63		93		133		115		78		116		90		60		146		84		65		47		71		51		108		140		149		64		12		12		116		29		82		39		4		69		120		42		118		54		51		106		81		57		61		94		96		88		68		136		58		100
35		77		44		80		106		51		84		78		59		98		70		19		39		23		33		77		78		66		3		35		139		27		72		16		121		38		67		55		113		60		62		85		89		60		107		58		101		41		86		68		55		71		72		84		68		39		71		104		39		93		86		28		53		38		100		27		63		63		0		30		70		52		97		87		95		79		83		21		44		16		74		70		101		77		86		5		55		51		53		34		101		24		65		88		57		35		55		73		40		69		96		40		80		59		115		63		63		73		77		119
37		55		20		110		84		21		54		56		73		76		40		15		67		45		11		49		48		44		27		7		117		45		42		38		99		8		45		25		91		38		40		63		67		38		85		88		79		29		64		98		25		101		42		62		38		15		101		82		11		71		64		22		83		60		78		57		41		93		30		0		48		22		75		65		73		59		53		13		66		46		52		98		79		47		56		29		85		81		23		64		79		54		95		88		27		51		25		67		42		47		74		36		58		37		93		41		41		43		55		97
77		7		28		150		54		43		34		34		113		28		46		63		107		93		47		7		20		8		69		41		69		85		24		86		77		50		57		45		101		36		44		83		31		64		77		128		69		69		80		138		49		141		10		48		52		63		141		36		37		61		60		62		123		108		86		97		27		133		70		48		0		66		103		17		43		99		13		61		114		86		62		138		31		33		16		69		125		121		63		104		75		94		135		128		59		91		29		107		82		27		52		76		74		39		45		45		65		43		83		87
59		73		38		132		102		23		32		74		95		94		20		33		89		61		29		67		46		62		49		25		135		67		42		38		117		16		63		21		109		56		58		81		85		56		103		110		97		51		82		120		17		123		56		80		16		13		123		100		29		89		82		44		105		54		96		79		59		115		52		22		66		0		93		83		91		81		53		31		50		68		70		120		97		33		58		51		107		103		3		86		97		76		117		110		7		73		37		89		64		65		92		58		76		55		111		59		59		23		73		115
62		96		77		47		49		84		117		69		38		85		103		90		58		120		64		110		111		95		96		68		42		70		105		113		26		77		46		88		16		67		59		20		72		39		26		39		34		56		23		51		88		38		105		55		101		90		38		67		72		42		43		69		76		135		17		94		76		78		97		75		103		93		0		86		60		18		116		88		141		105		41		35		78		110		119		92		90		88		90		81		28		109		74		25		90		62		88		24		57		76		51		57		29		64		62		58		38		106		20		22
60		10		45		133		37		60		51		17		96		11		63		80		90		110		54		24		37		21		86		58		52		68		41		103		60		67		40		62		84		27		27		66		14		47		60		111		52		52		63		121		66		124		27		31		69		80		124		19		54		44		43		59		106		125		69		84		24		116		87		65		17		83		86		0		26		82		30		78		131		95		45		121		14		50		33		82		108		104		80		87		58		99		118		111		76		74		46		90		65		18		35		59		57		28		28		28		48		60		66		70
60		36		53		107		11		68		59		17		70		25		71		88		64		118		62		50		51		35		94		66		44		68		49		111		34		75		28		70		58		35		33		40		12		35		34		85		26		54		37		95		74		98		45		11		77		88		98		9		62		18		17		67		80		133		43		92		32		90		95		73		43		91		60		26		0		56		56		86		139		103		21		95		18		58		59		90		88		86		88		79		32		107		92		85		84		60		54		64		55		26		9		55		31		36		20		32		32		68		40		44
44		92		73		51		45		80		113		65		20		81		99		72		40		102		52		106		107		91		78		64		60		52		101		95		42		67		42		84		34		63		55		16		68		35		28		29		30		38		19		39		84		42		101		51		97		72		42		63		68		38		39		51		58		117		21		76		72		60		79		59		99		81		18		82		56		0		112		70		123		87		37		39		74		106		115		74		72		70		82		63		24		91		56		29		86		44		84		8		39		72		47		39		25		60		58		54		34		102		16		40
90		20		39		163		67		32		21		47		126		41		33		64		120		92		60		14		7		21		80		48		82		98		11		73		90		45		70		32		114		49		57		96		44		77		90		141		82		82		93		151		36		154		11		61		39		50		154		49		44		74		73		75		136		95		99		110		40		146		83		53		13		53		116		30		56		112		0		62		101		99		75		151		44		20		5		82		138		134		50		117		88		107		148		141		46		104		28		120		95		40		65		89		87		52		58		58		78		30		96		100
28		68		33		101		97		30		63		69		64		89		49		2		58		32		24		62		57		57		18		20		130		36		51		25		112		17		58		34		104		51		53		76		80		51		98		79		92		32		77		89		34		92		51		75		47		18		92		95		24		84		77		19		74		47		91		48		54		84		21		13		61		31		88		78		86		70		62		0		53		37		65		89		92		56		65		20		76		72		32		55		92		45		86		79		36		42		34		64		33		60		87		31		71		50		106		54		54		52		68		110
79		121		86		98		150		71		82		122		103		142		68		51		83		21		77		115		94		110		45		73		183		71		90		28		165		64		111		69		157		104		106		129		133		104		151		102		145		85		130		90		65		109		104		128		66		51		111		148		77		137		130		72		65		6		144		47		107		65		44		66		114		50		141		131		139		123		101		53		0		36		118		114		145		81		106		49		57		53		51		60		145		32		67		132		55		79		85		117		84		113		140		84		124		103		159		107		107		71		121		163
43		85		60		64		114		67		100		86		67		106		86		35		47		15		41		93		94		78		19		51		147		35		88		30		129		54		75		71		121		68		70		93		97		68		115		66		109		49		94		54		71		73		88		92		84		55		75		112		55		101		94		36		37		30		108		11		71		47		16		46		86		68		105		95		103		87		99		37		36		0		82		78		109		93		102		17		39		35		69		24		109		8		49		96		73		43		71		81		48		77		104		48		88		67		123		71		71		89		85		127
39		55		36		88		32		47		76		28		51		44		62		67		45		97		41		69		70		54		73		45		65		47		64		90		47		54		7		49		39		26		18		21		31		14		33		66		27		33		18		76		53		79		64		14		60		67		79		30		41		19		12		46		61		112		26		71		35		71		74		52		62		70		41		45		21		37		75		65		118		82		0		76		37		69		78		69		67		65		67		58		27		86		73		66		63		39		47		45		34		35		22		34		12		23		41		17		11		65		21		45
61		131		112		16		84		119		152		104		25		120		138		87		31		93		91		145		146		130		71		103		71		53		140		86		61		106		81		123		43		102		94		55		107		74		61		12		69		69		58		24		123		5		140		90		136		107		3		102		107		77		78		76		49		108		52		67		111		51		70		98		138		120		35		121		95		39		151		89		114		78		76		0		113		145		154		69		63		61		121		54		63		82		47		18		125		47		123		31		56		111		86		62		64		99		97		93		73		141		55		51
66		24		59		125		29		74		65		23		88		7		77		94		82		124		68		32		51		35		100		72		42		74		55		117		52		81		34		76		76		41		39		58		12		41		52		103		44		60		55		113		80		116		41		23		83		94		116		11		68		36		35		73		98		139		61		98		38		108		101		79		31		97		78		14		18		74		44		92		145		109		37		113		0		64		41		96		100		96		94		85		50		113		110		103		90		66		60		82		61		32		27		61		49		42		16		38		40		74		58		62
84		40		33		157		69		26		7		41		120		61		13		58		114		86		54		34		13		29		74		42		102		92		9		63		84		39		64		22		108		43		51		90		52		71		84		135		76		76		87		145		22		148		23		55		19		38		148		67		38		68		67		69		130		79		93		104		34		140		77		47		33		33		110		50		58		106		20		56		81		93		69		145		64		0		25		76		132		128		30		111		82		101		142		135		26		98		22		114		89		34		59		83		81		46		78		52		72		10		90		94
93		23		42		166		70		35		26		50		129		36		38		67		123		95		63		9		12		24		83		51		83		101		16		78		93		48		73		37		117		52		60		99		47		80		93		144		85		85		96		154		41		157		14		64		44		55		157		52		47		77		76		78		139		100		102		113		43		149		86		56		16		58		119		33		59		115		5		65		106		102		78		154		41		25		0		85		141		137		55		120		91		110		151		144		51		107		31		123		98		43		68		92		90		55		57		61		81		35		99		103
30		72		43		81		101		50		83		73		54		93		69		18		38		28		28		76		77		61		4		34		134		22		71		21		116		37		62		54		108		55		57		80		84		55		102		59		96		36		81		69		54		72		71		79		67		38		72		99		38		88		81		23		54		43		95		28		58		64		5		29		69		51		92		82		90		74		82		20		49		17		69		69		96		76		85		0		56		52		52		35		96		25		66		83		56		30		54		68		35		64		91		35		75		54		110		58		58		72		72		114
48		118		99		47		99		106		139		91		52		107		125		74		32		46		78		132		133		117		58		90		132		40		127		69		114		93		68		110		106		89		81		78		94		61		100		51		94		56		79		39		110		58		127		77		123		94		60		97		94		86		79		63		14		53		93		28		98		12		55		85		125		107		90		108		88		72		138		76		57		39		67		63		100		132		141		56		0		4		108		21		94		31		16		81		112		34		110		66		43		98		89		49		73		86		108		80		60		128		70		112
44		114		95		45		97		102		135		87		50		103		121		70		30		42		74		128		129		113		54		86		130		36		123		65		112		89		64		106		104		85		77		76		90		57		98		49		92		52		77		37		106		56		123		75		119		90		58		95		90		84		77		59		12		49		91		24		94		12		51		81		121		103		88		104		86		70		134		72		53		35		65		61		96		128		137		52		4		0		104		17		92		27		14		79		108		30		106		64		39		94		87		45		71		82		106		76		56		124		68		110
60		70		35		133		99		20		31		71		96		91		17		34		90		62		30		64		43		59		50		22		132		68		39		39		114		15		60		18		106		53		55		78		82		53		100		111		94		52		79		121		14		124		53		77		15		14		124		97		26		86		79		45		106		55		93		80		56		116		53		23		63		3		90		80		88		82		50		32		51		69		67		121		94		30		55		52		108		104		0		87		94		77		118		111		4		74		34		90		65		62		89		59		73		52		108		56		56		20		70		112
27		97		78		46		90		85		118		70		43		86		104		53		23		39		57		111		112		96		37		69		123		19		106		48		105		72		51		89		97		68		60		69		73		44		91		42		85		35		70		34		89		49		106		68		102		73		51		88		73		77		70		42		19		54		84		13		77		29		34		64		104		86		81		87		79		63		117		55		60		24		58		54		85		111		120		35		21		17		87		0		85		28		31		72		91		19		89		57		24		77		80		28		64		65		99		59		47		107		61		103
66		68		59		75		21		74		89		41		42		57		77		94		62		124		68		82		83		67		100		72		38		74		77		117		20		81		34		76		26		41		39		16		44		41		6		53		6		60		15		63		80		66		77		27		83		94		66		39		68		14		15		73		80		139		11		98		48		82		101		79		75		97		28		58		32		24		88		92		145		109		27		63		50		82		91		96		94		92		94		85		0		113		78		53		90		66		60		32		61		48		23		61		21		42		34		38		38		78		24		18
47		89		68		66		118		75		108		90		71		110		94		43		51		15		47		101		102		86		27		59		151		39		96		38		133		62		79		79		125		72		74		97		101		72		119		70		113		53		98		58		79		77		96		96		92		63		79		116		63		105		98		40		33		26		112		15		75		39		24		54		94		76		109		99		107		91		107		45		32		8		86		82		113		101		110		25		31		27		77		28		113		0		41		100		81		47		79		85		52		81		108		52		92		71		127		75		75		97		89		131
58		128		109		31		83		116		149		101		36		117		135		84		28		56		88		142		143		127		68		100		116		50		137		79		98		103		78		120		90		99		91		62		104		71		84		35		78		66		63		23		120		42		137		87		133		104		44		99		104		74		75		73		12		63		77		38		108		4		65		95		135		117		74		118		92		56		148		86		67		49		73		47		110		142		151		66		16		14		118		31		78		41		0		65		122		44		120		50		53		108		83		59		61		96		94		90		70		138		54		96
53		121		102		34		74		109		142		94		29		110		128		81		49		111		81		135		136		120		87		93		61		61		130		104		51		96		71		113		27		92		84		45		97		64		51		30		59		59		48		42		113		23		130		80		126		97		21		92		97		67		68		66		67		126		42		85		101		69		88		88		128		110		25		111		85		29		141		79		132		96		66		18		103		135		144		83		81		79		111		72		53		100		65		0		115		53		113		21		48		101		76		52		54		89		87		83		63		131		45		41
64		66		31		137		95		16		27		67		100		87		13		38		94		66		34		60		39		55		54		22		128		72		35		43		110		19		56		14		102		49		51		74		78		51		96		115		90		56		75		125		10		128		49		73		11		18		128		93		22		82		75		49		110		59		89		84		52		120		57		27		59		7		90		76		84		86		46		36		55		73		63		125		90		26		51		56		112		108		4		91		90		81		122		115		0		78		30		94		69		58		85		63		69		48		104		52		52		16		70		108
14		84		65		59		71		72		105		57		24		73		91		40		16		58		44		98		99		83		34		56		104		8		93		51		86		59		34		76		78		55		47		50		60		27		72		37		66		22		51		47		76		50		93		49		89		60		50		69		60		58		51		29		32		73		65		32		64		42		35		51		91		73		62		74		60		44		104		42		79		43		39		47		66		98		107		30		34		30		74		19		66		47		44		53		78		0		76		38		9		64		61		15		45		52		80		46		28		94		42		84
62		36		11		135		65		14		29		37		98		57		17		36		92		64		32		30		23		25		52		20		98		70		17		57		80		21		42		16		86		21		29		68		48		49		66		113		60		54		65		123		20		126		19		43		23		34		126		63		16		52		45		47		108		79		71		82		22		118		55		25		29		37		88		46		54		84		28		34		85		71		47		123		60		22		31		54		110		106		34		89		60		79		120		113		30		76		0		92		67		28		55		61		59		24		74		30		50		18		68		78
38		100		81		43		53		88		121		73		14		89		107		66		34		96		60		114		115		99		72		72		66		46		109		89		48		75		50		92		40		71		63		24		76		43		34		21		38		38		27		31		92		34		109		59		105		76		34		71		76		46		47		45		52		111		27		70		80		54		73		67		107		89		24		90		64		8		120		64		117		81		45		31		82		114		123		68		66		64		90		57		32		85		50		21		94		38		92		0		33		80		55		33		33		68		66		62		42		110		24		46
5		75		56		68		66		63		96		48		31		64		82		33		25		63		35		89		90		74		39		47		99		13		84		56		81		50		27		67		73		46		38		45		51		20		67		46		61		13		46		56		67		59		84		44		80		51		59		64		51		53		46		20		41		78		60		37		55		51		40		42		82		64		57		65		55		39		95		33		84		48		34		56		61		89		98		35		43		39		65		24		61		52		53		48		69		9		67		33		0		55		56		6		40		43		75		37		23		85		37		79
50		20		27		123		37		42		41		9		86		29		45		62		80		92		36		34		35		19		68		40		70		58		29		85		52		49		30		44		74		9		17		56		20		37		50		101		42		42		53		111		48		114		29		21		51		62		114		35		36		34		33		41		96		107		59		70		6		106		69		47		27		65		76		18		26		72		40		60		113		77		35		111		32		34		43		64		98		94		62		77		48		81		108		101		58		64		28		80		55		0		27		49		47		12		46		18		38		42		56		60
61		45		54		98		10		69		66		18		61		34		72		89		57		119		63		59		60		44		95		67		43		69		54		112		25		76		29		71		49		36		34		31		21		36		25		76		17		55		28		86		75		89		54		12		78		89		89		16		63		9		10		68		75		134		34		93		33		81		96		74		52		92		51		35		9		47		65		87		140		104		22		86		27		59		68		91		89		87		89		80		23		108		83		76		85		61		55		55		56		27		0		56		22		37		19		33		33		69		31		35
5		69		50		74		66		57		90		42		37		58		76		33		31		63		29		83		84		68		39		41		99		13		78		56		81		44		27		61		73		40		32		45		49		20		67		52		61		7		46		62		61		65		78		44		74		45		65		64		45		53		46		14		47		78		60		37		49		57		40		36		76		58		57		59		55		39		89		31		84		48		34		62		61		83		92		35		49		45		59		28		61		52		59		52		63		15		61		33		6		49		56		0		40		37		75		31		23		79		37		79
45		67		48		76		26		55		88		40		39		56		74		73		41		103		47		81		82		66		79		51		59		53		76		96		41		60		17		59		33		38		30		9		43		20		27		54		21		39		6		64		59		67		76		26		72		73		67		38		47		13		14		52		59		118		20		77		47		61		80		58		74		76		29		57		31		25		87		71		124		88		12		64		49		81		90		75		73		71		73		64		21		92		61		54		69		45		59		33		40		47		22		40		0		35		35		29		17		77		9		39
38		32		17		111		47		32		53		19		74		39		39		52		68		82		26		46		47		31		58		30		80		46		41		75		62		39		18		34		62		3		5		44		30		25		48		89		42		30		41		99		38		102		41		25		41		52		102		45		26		34		27		31		84		97		47		58		12		94		59		37		39		55		64		28		36		60		52		50		103		67		23		99		42		46		55		54		86		82		52		65		42		71		96		89		48		52		24		68		43		12		37		37		35		0		56		6		26		42		44		60
80		38		73		109		13		88		79		37		72		23		91		108		76		138		82		48		65		49		114		86		26		88		69		131		36		95		48		90		60		55		53		42		26		55		36		87		28		74		39		97		94		100		55		31		97		108		100		11		82		22		29		87		94		153		45		112		52		96		115		93		45		111		62		28		20		58		58		106		159		123		41		97		16		78		57		110		108		106		108		99		34		127		94		87		104		80		74		66		75		46		19		75		35		56		0		52		52		88		42		46
32		38		21		105		43		36		59		15		68		35		45		56		62		86		30		52		53		37		62		34		76		40		47		79		58		43		12		38		56		9		1		38		26		19		44		83		38		24		35		93		42		96		47		21		45		56		96		41		30		30		23		35		78		101		41		60		18		88		63		41		45		59		58		28		32		54		58		54		107		71		17		93		38		52		61		58		80		76		56		59		38		75		90		83		52		46		30		62		37		18		33		31		29		6		52		0		20		48		38		56
28		58		39		85		43		46		79		31		48		47		65		56		42		86		30		72		73		57		62		34		76		36		67		79		58		43		8		50		50		29		21		22		34		3		44		63		38		22		23		73		50		76		67		21		63		56		76		41		34		30		23		35		58		101		37		60		38		68		63		41		65		59		38		48		32		34		78		54		107		71		11		73		40		72		81		58		60		56		56		47		38		75		70		63		52		28		50		42		23		38		33		23		17		26		52		20		0		68		18		56
80		50		29		153		79		22		11		51		116		71		3		54		110		82		50		44		23		39		70		38		112		88		19		59		94		35		60		18		104		39		47		86		62		67		80		131		74		72		83		141		18		144		33		57		9		34		144		77		34		66		63		65		126		75		89		100		36		136		73		43		43		23		106		60		68		102		30		52		71		89		65		141		74		10		35		72		128		124		20		107		78		97		138		131		16		94		18		110		85		42		69		79		77		42		88		48		68		0		86		92
42		76		57		67		29		64		97		49		30		65		83		70		38		100		44		90		91		75		76		48		62		50		85		93		44		57		26		68		36		47		39		8		52		19		30		45		24		36		9		55		68		58		85		35		81		70		58		47		52		22		23		49		56		115		23		74		56		58		77		55		83		73		20		66		40		16		96		68		121		85		21		55		58		90		99		72		70		68		70		61		24		89		54		45		70		42		68		24		37		56		31		37		9		44		42		38		18		86		0		42
84		80		77		65		33		92		101		53		60		69		95		112		80		142		86		94		95		79		118		90		20		92		89		135		10		99		52		94		14		59		57		34		56		59		12		61		18		78		33		73		98		54		89		39		101		112		54		51		86		26		33		91		98		157		19		116		60		100		119		97		87		115		22		70		44		40		100		110		163		127		45		51		62		94		103		114		112		110		112		103		18		131		96		41		108		84		78		46		79		60		35		79		39		60		46		56		56		92		42		0
