120
0		27		78		22		24		84		41		44		24		26		43		48		84		44		47		48		53		61		71		77		79		81		83		71		83		86		89		50		52		54		86		89		91		52		54		56		50		55		93		54		56		58		95		56		58		60		97		49		55		60		72		99		124		129		62		64		66		101		64		66		68		103		66		68		70		129		134		105		107		77		109		111		113		115		117		148		150		152		154		150		152		154		156		141		146		152		154		156		158		122		163		154		156		158		160		146		151		82		136		177		86		89		172		176		119		122		136		175		177		179		122		125		94		142		147		195		198		198		201		203
27		0		51		11		9		57		14		17		13		11		16		21		57		17		20		21		26		34		44		50		52		54		56		44		56		59		62		41		39		37		59		62		64		43		41		39		47		42		66		45		43		41		68		47		45		43		70		58		52		47		45		72		97		102		49		47		45		74		51		49		47		76		53		51		49		102		107		78		80		52		82		84		86		88		90		121		123		125		127		123		125		127		129		114		119		125		127		129		131		95		136		127		129		131		133		119		124		95		109		150		99		102		145		149		92		95		109		148		150		152		95		98		107		115		120		168		171		171		174		176
78		51		0		62		60		6		45		42		64		62		45		40		6		48		45		50		45		53		53		49		47		45		43		63		53		50		51		92		90		88		56		53		53		94		92		90		98		93		55		96		94		92		57		98		96		94		59		109		103		98		86		61		46		51		100		98		96		63		102		100		98		65		104		102		100		51		56		67		69		103		71		73		75		77		79		70		72		74		76		72		74		76		78		75		70		74		76		78		80		98		85		76		78		80		82		80		75		146		98		99		150		153		94		98		125		122		112		97		99		101		128		125		158		130		125		117		120		120		123		125
22		11		62		0		2		62		19		22		2		4		21		26		62		22		25		26		31		39		49		55		57		59		61		49		61		64		67		30		30		32		64		67		69		32		32		34		36		33		71		34		34		36		73		36		36		38		75		47		41		38		50		77		102		107		40		42		44		79		42		44		46		81		44		46		48		107		112		83		85		55		87		89		91		93		95		126		128		130		132		128		130		132		134		119		124		130		132		134		136		100		141		132		134		136		138		124		129		84		114		155		88		91		150		154		97		100		114		153		155		157		100		103		96		120		125		173		176		176		179		181
24		9		60		2		0		60		17		20		4		2		19		24		60		20		23		24		29		37		47		53		55		57		59		47		59		62		65		32		30		30		62		65		67		34		32		32		38		33		69		36		34		34		71		38		36		36		73		49		43		38		48		75		100		105		40		40		42		77		42		42		44		79		44		44		46		105		110		81		83		53		85		87		89		91		93		124		126		128		130		126		128		130		132		117		122		128		130		132		134		98		139		130		132		134		136		122		127		86		112		153		90		93		148		152		95		98		112		151		153		155		98		101		98		118		123		171		174		174		177		179
84		57		6		62		60		0		45		42		64		62		45		40		6		48		45		50		45		53		53		49		47		45		43		63		53		50		51		92		90		88		56		53		53		94		92		90		98		93		55		96		94		92		57		98		96		94		59		109		103		98		86		61		40		45		100		98		96		63		102		100		98		65		104		102		100		45		50		67		69		103		71		73		75		77		79		64		66		68		70		66		68		70		72		75		70		68		70		72		74		98		79		70		72		74		76		80		75		146		98		93		150		153		88		92		125		122		112		91		93		95		128		125		158		130		125		111		114		114		117		119
41		14		45		19		17		45		0		3		19		17		2		7		43		3		6		7		12		20		30		36		38		40		42		30		42		45		48		47		45		43		45		48		50		49		47		45		53		48		52		51		49		47		54		53		51		49		56		64		58		53		41		58		83		88		55		53		51		60		57		55		53		62		59		57		55		88		93		64		66		58		68		70		72		74		76		107		109		111		113		109		111		113		115		100		105		111		113		115		117		81		122		113		115		117		119		105		110		101		95		136		105		108		131		135		80		81		95		134		136		138		83		84		113		101		106		154		157		157		160		162
44		17		42		22		20		42		3		0		22		20		3		4		40		6		3		8		9		17		27		33		35		37		39		27		39		42		45		50		48		46		42		45		47		52		50		48		56		51		49		54		52		50		51		56		54		52		53		67		61		56		44		55		80		85		58		56		54		57		60		58		56		59		62		60		58		85		90		61		63		61		65		67		69		71		73		104		106		108		110		106		108		110		112		97		102		108		110		112		114		78		119		110		112		114		116		102		107		104		92		133		108		111		128		132		83		80		92		131		133		135		86		83		116		98		103		151		154		154		157		159
24		13		64		2		4		64		19		22		0		2		19		24		60		20		23		24		29		37		47		53		55		57		59		47		59		62		65		28		28		30		62		65		67		30		30		32		34		31		69		32		32		34		71		34		34		36		73		45		39		36		48		75		100		105		38		40		42		77		40		42		44		79		42		44		46		105		110		81		83		53		85		87		89		91		93		124		126		128		130		126		128		130		132		117		122		128		130		132		134		98		139		130		132		134		136		122		127		82		112		153		86		89		148		152		95		98		112		151		153		155		98		101		94		118		123		171		174		174		177		179
26		11		62		4		2		62		17		20		2		0		17		22		58		18		21		22		27		35		45		51		53		55		57		45		57		60		63		30		28		28		60		63		65		32		30		30		36		31		67		34		32		32		69		36		34		34		71		47		41		36		46		73		98		103		38		38		40		75		40		40		42		77		42		42		44		103		108		79		81		51		83		85		87		89		91		122		124		126		128		124		126		128		130		115		120		126		128		130		132		96		137		128		130		132		134		120		125		84		110		151		88		91		146		150		93		96		110		149		151		153		96		99		96		116		121		169		172		172		175		177
43		16		45		21		19		45		2		3		19		17		0		5		41		3		4		5		10		18		28		34		36		38		40		28		40		43		46		47		45		43		43		46		48		49		47		45		53		48		50		51		49		47		52		53		51		49		54		64		58		53		41		56		81		86		55		53		51		58		57		55		53		60		59		57		55		86		91		62		64		58		66		68		70		72		74		105		107		109		111		107		109		111		113		98		103		109		111		113		115		79		120		111		113		115		117		103		108		101		93		134		105		108		129		133		80		79		93		132		134		136		83		82		113		99		104		152		155		155		158		160
48		21		40		26		24		40		7		4		24		22		5		0		36		8		5		10		5		13		23		29		31		33		35		23		35		38		41		52		50		48		38		41		43		54		52		50		58		53		45		56		54		52		47		58		56		54		49		69		63		58		46		51		76		81		60		58		56		53		62		60		58		55		64		62		60		81		86		57		59		63		61		63		65		67		69		100		102		104		106		102		104		106		108		93		98		104		106		108		110		74		115		106		108		110		112		98		103		106		88		129		110		113		124		128		85		82		88		127		129		131		88		85		118		94		99		147		150		150		153		155
84		57		6		62		60		6		43		40		60		58		41		36		0		42		39		44		39		47		47		43		41		39		37		57		47		44		45		86		84		82		50		47		47		88		86		84		92		87		49		90		88		86		51		92		90		88		53		103		97		92		80		55		40		45		94		92		90		57		96		94		92		59		98		96		94		45		50		61		63		97		65		67		69		71		73		64		66		68		70		66		68		70		72		69		64		68		70		72		74		92		79		70		72		74		76		74		69		140		92		93		144		147		88		92		119		116		106		91		93		95		122		119		152		124		119		111		114		114		117		119
44		17		48		22		20		48		3		6		20		18		3		8		42		0		3		4		9		17		27		33		35		37		39		27		39		42		45		44		42		40		42		45		47		46		44		42		50		45		49		48		46		44		51		50		48		46		53		61		55		50		38		55		80		85		52		50		48		57		54		52		50		59		56		54		52		85		90		61		63		55		65		67		69		71		73		104		106		108		110		106		108		110		112		97		102		108		110		112		114		78		119		110		112		114		116		102		107		98		92		133		102		105		128		132		77		78		92		131		133		135		80		81		110		98		103		151		154		154		157		159
47		20		45		25		23		45		6		3		23		21		4		5		39		3		0		5		6		14		24		30		32		34		36		24		36		39		42		47		45		43		39		42		44		49		47		45		53		48		46		51		49		47		48		53		51		49		50		64		58		53		41		52		77		82		55		53		51		54		57		55		53		56		59		57		55		82		87		58		60		58		62		64		66		68		70		101		103		105		107		103		105		107		109		94		99		105		107		109		111		75		116		107		109		111		113		99		104		101		89		130		105		108		125		129		80		77		89		128		130		132		83		80		113		95		100		148		151		151		154		156
48		21		50		26		24		50		7		8		24		22		5		10		44		4		5		0		5		13		23		29		31		33		35		23		35		38		41		42		40		38		38		41		43		44		42		40		48		43		45		46		44		42		47		48		46		44		49		59		53		48		36		51		76		81		50		48		46		53		52		50		48		55		54		52		50		81		86		57		59		53		61		63		65		67		69		100		102		104		106		102		104		106		108		93		98		104		106		108		110		74		115		106		108		110		112		98		103		96		88		129		100		103		124		128		75		74		88		127		129		131		78		77		108		94		99		147		150		150		153		155
53		26		45		31		29		45		12		9		29		27		10		5		39		9		6		5		0		8		18		24		26		28		30		18		30		33		36		47		45		43		33		36		38		49		47		45		53		48		40		51		49		47		42		53		51		49		44		64		58		53		41		46		71		76		55		53		51		48		57		55		53		50		59		57		55		76		81		52		54		58		56		58		60		62		64		95		97		99		101		97		99		101		103		88		93		99		101		103		105		69		110		101		103		105		107		93		98		101		83		124		105		108		119		123		80		77		83		122		124		126		83		80		113		89		94		142		145		145		148		150
61		34		53		39		37		53		20		17		37		35		18		13		47		17		14		13		8		0		10		16		18		20		22		10		22		25		28		39		37		35		25		28		30		41		39		37		45		40		32		43		41		39		34		45		43		41		36		56		50		45		33		38		63		68		47		45		43		40		49		47		45		42		51		49		47		68		73		44		46		50		48		50		52		54		56		87		89		91		93		89		91		93		95		80		85		91		93		95		97		61		102		93		95		97		99		85		90		93		75		116		97		100		111		115		72		69		75		114		116		118		75		72		105		81		86		134		137		137		140		142
71		44		53		49		47		53		30		27		47		45		28		23		47		27		24		23		18		10		0		6		8		10		12		10		12		15		18		39		37		35		15		18		20		41		39		37		45		40		22		43		41		39		24		45		43		41		26		56		50		45		33		28		53		58		47		45		43		30		49		47		45		32		51		49		47		58		63		34		36		50		38		40		42		44		46		77		79		81		83		79		81		83		85		70		75		81		83		85		87		51		92		83		85		87		89		75		80		93		65		106		97		100		101		105		72		69		65		104		106		108		75		72		105		77		76		124		127		127		130		132
77		50		49		55		53		49		36		33		53		51		34		29		43		33		30		29		24		16		6		0		2		4		6		14		6		9		12		43		41		39		9		12		14		45		43		41		49		44		16		47		45		43		18		49		47		45		20		60		54		49		37		22		47		52		51		49		47		24		53		51		49		26		55		53		51		52		57		28		30		54		32		34		36		38		40		71		73		75		77		73		75		77		79		64		69		75		77		79		81		49		86		77		79		81		83		69		74		97		59		100		101		104		95		99		76		73		63		98		100		102		79		76		109		81		76		118		121		121		124		126
79		52		47		57		55		47		38		35		55		53		36		31		41		35		32		31		26		18		8		2		0		2		4		16		6		7		10		45		43		41		9		10		12		47		45		43		51		46		14		49		47		45		16		51		49		47		18		62		56		51		39		20		45		50		53		51		49		22		55		53		51		24		57		55		53		50		55		26		28		56		30		32		34		36		38		69		71		73		75		71		73		75		77		62		67		73		75		77		79		51		84		75		77		79		81		67		72		99		57		98		103		106		93		97		78		75		65		96		98		100		81		78		111		83		78		116		119		119		122		124
81		54		45		59		57		45		40		37		57		55		38		33		39		37		34		33		28		20		10		4		2		0		2		18		8		5		8		47		45		43		11		8		10		49		47		45		53		48		12		51		49		47		14		53		51		49		16		64		58		53		41		18		43		48		55		53		51		20		57		55		53		22		59		57		55		48		53		24		26		58		28		30		32		34		36		67		69		71		73		69		71		73		75		60		65		71		73		75		77		53		82		73		75		77		79		65		70		101		55		96		105		108		91		95		80		77		67		94		96		98		83		80		113		85		80		114		117		117		120		122
83		56		43		61		59		43		42		39		59		57		40		35		37		39		36		35		30		22		12		6		4		2		0		20		10		7		8		49		47		45		13		10		10		51		49		47		55		50		12		53		51		49		14		55		53		51		16		66		60		55		43		18		41		46		57		55		53		20		59		57		55		22		61		59		57		46		51		24		26		60		28		30		32		34		36		65		67		69		71		67		69		71		73		58		63		69		71		73		75		55		80		71		73		75		77		63		68		103		55		94		107		110		89		93		82		79		69		92		94		96		85		82		115		87		82		112		115		115		118		120
71		44		63		49		47		63		30		27		47		45		28		23		57		27		24		23		18		10		10		14		16		18		20		0		12		15		18		29		27		25		15		18		20		31		29		27		35		30		22		33		31		29		24		35		33		31		26		46		40		35		23		28		53		58		37		35		33		30		39		37		35		32		41		39		37		58		63		34		36		40		38		40		42		44		46		77		79		81		83		79		81		83		85		70		75		81		83		85		87		51		92		83		85		87		89		75		80		83		65		106		87		90		101		105		62		59		65		104		106		108		65		62		95		71		76		124		127		127		130		132
83		56		53		61		59		53		42		39		59		57		40		35		47		39		36		35		30		22		12		6		6		8		10		12		0		3		6		39		37		35		3		6		8		41		39		37		45		40		10		43		41		39		12		45		43		41		14		56		50		45		33		16		41		46		47		45		43		18		49		47		45		20		51		49		47		46		51		22		24		50		26		28		30		32		34		65		67		69		71		67		69		71		73		58		63		69		71		73		75		45		80		71		73		75		77		63		68		93		53		94		97		100		89		93		72		69		59		92		94		96		75		72		105		77		72		112		115		115		118		120
86		59		50		64		62		50		45		42		62		60		43		38		44		42		39		38		33		25		15		9		7		5		7		15		3		0		3		42		40		38		6		3		5		44		42		40		48		43		7		46		44		42		9		48		46		44		11		59		53		48		36		13		38		43		50		48		46		15		52		50		48		17		54		52		50		43		48		19		21		53		23		25		27		29		31		62		64		66		68		64		66		68		70		55		60		66		68		70		72		48		77		68		70		72		74		60		65		96		50		91		100		103		86		90		75		72		62		89		91		93		78		75		108		80		75		109		112		112		115		117
89		62		51		67		65		51		48		45		65		63		46		41		45		45		42		41		36		28		18		12		10		8		8		18		6		3		0		41		39		37		5		2		2		43		41		39		47		42		4		45		43		41		6		47		45		43		8		58		52		47		35		10		35		40		49		47		45		12		51		49		47		14		53		51		49		40		45		16		18		52		20		22		24		26		28		59		61		63		65		61		63		65		67		52		57		63		65		67		69		47		74		65		67		69		71		57		62		95		47		88		99		102		83		87		74		71		61		86		88		90		77		74		107		79		74		106		109		109		112		114
50		41		92		30		32		92		47		50		28		30		47		52		86		44		47		42		47		39		39		43		45		47		49		29		39		42		41		0		2		4		36		39		41		2		4		6		6		5		43		4		6		8		45		6		8		10		47		17		11		10		22		49		74		79		12		14		16		51		14		16		18		53		16		18		20		79		84		55		57		27		59		61		63		65		67		98		100		102		104		100		102		104		106		91		96		102		104		106		108		72		113		104		106		108		110		96		101		54		86		127		58		61		122		126		69		72		86		125		127		129		72		75		66		92		97		145		148		148		151		153
52		39		90		30		30		90		45		48		28		28		45		50		84		42		45		40		45		37		37		41		43		45		47		27		37		40		39		2		0		2		34		37		39		4		2		4		8		3		41		6		4		6		43		8		6		8		45		19		13		8		20		47		72		77		10		12		14		49		12		14		16		51		14		16		18		77		82		53		55		25		57		59		61		63		65		96		98		100		102		98		100		102		104		89		94		100		102		104		106		70		111		102		104		106		108		94		99		56		84		125		60		63		120		124		67		70		84		123		125		127		70		73		68		90		95		143		146		146		149		151
54		37		88		32		30		88		43		46		30		28		43		48		82		40		43		38		43		35		35		39		41		43		45		25		35		38		37		4		2		0		32		35		37		6		4		2		10		5		39		8		6		4		41		10		8		6		43		21		15		10		18		45		70		75		12		10		12		47		14		12		14		49		16		14		16		75		80		51		53		23		55		57		59		61		63		94		96		98		100		96		98		100		102		87		92		98		100		102		104		68		109		100		102		104		106		92		97		58		82		123		62		65		118		122		65		68		82		121		123		125		68		71		70		88		93		141		144		144		147		149
86		59		56		64		62		56		45		42		62		60		43		38		50		42		39		38		33		25		15		9		9		11		13		15		3		6		5		36		34		32		0		3		5		38		36		34		42		37		7		40		38		36		9		42		40		38		11		53		47		42		30		13		38		43		44		42		40		15		46		44		42		17		48		46		44		43		48		19		21		47		23		25		27		29		31		62		64		66		68		64		66		68		70		55		60		66		68		70		72		42		77		68		70		72		74		60		65		90		50		91		94		97		86		90		69		66		56		89		91		93		72		69		102		74		69		109		112		112		115		117
89		62		53		67		65		53		48		45		65		63		46		41		47		45		42		41		36		28		18		12		10		8		10		18		6		3		2		39		37		35		3		0		2		41		39		37		45		40		4		43		41		39		6		45		43		41		8		56		50		45		33		10		35		40		47		45		43		12		49		47		45		14		51		49		47		40		45		16		18		50		20		22		24		26		28		59		61		63		65		61		63		65		67		52		57		63		65		67		69		45		74		65		67		69		71		57		62		93		47		88		97		100		83		87		72		69		59		86		88		90		75		72		105		77		72		106		109		109		112		114
91		64		53		69		67		53		50		47		67		65		48		43		47		47		44		43		38		30		20		14		12		10		10		20		8		5		2		41		39		37		5		2		0		41		39		37		45		40		2		43		41		39		4		45		43		41		6		56		50		45		33		8		33		38		47		45		43		10		49		47		45		12		51		49		47		38		43		14		16		50		18		20		22		24		26		57		59		61		63		59		61		63		65		50		55		61		63		65		67		45		72		63		65		67		69		55		60		93		45		86		97		100		81		85		72		69		59		84		86		88		75		72		105		77		72		104		107		107		110		112
52		43		94		32		34		94		49		52		30		32		49		54		88		46		49		44		49		41		41		45		47		49		51		31		41		44		43		2		4		6		38		41		41		0		2		4		4		3		41		2		4		6		43		4		6		8		45		15		9		8		20		47		72		77		10		12		14		49		12		14		16		51		14		16		18		77		82		53		55		25		57		59		61		63		65		96		98		100		102		98		100		102		104		89		94		100		102		104		106		70		111		102		104		106		108		94		99		52		84		125		56		59		120		124		67		70		84		123		125		127		70		73		64		90		95		143		146		146		149		151
54		41		92		32		32		92		47		50		30		30		47		52		86		44		47		42		47		39		39		43		45		47		49		29		39		42		41		4		2		4		36		39		39		2		0		2		6		1		39		4		2		4		41		6		4		6		43		17		11		6		18		45		70		75		8		10		12		47		10		12		14		49		12		14		16		75		80		51		53		23		55		57		59		61		63		94		96		98		100		96		98		100		102		87		92		98		100		102		104		68		109		100		102		104		106		92		97		54		82		123		58		61		118		122		65		68		82		121		123		125		68		71		66		88		93		141		144		144		147		149
56		39		90		34		32		90		45		48		32		30		45		50		84		42		45		40		45		37		37		41		43		45		47		27		37		40		39		6		4		2		34		37		37		4		2		0		8		3		37		6		4		2		39		8		6		4		41		19		13		8		16		43		68		73		10		8		10		45		12		10		12		47		14		12		14		73		78		49		51		21		53		55		57		59		61		92		94		96		98		94		96		98		100		85		90		96		98		100		102		66		107		98		100		102		104		90		95		56		80		121		60		63		116		120		63		66		80		119		121		123		66		69		68		86		91		139		142		142		145		147
50		47		98		36		38		98		53		56		34		36		53		58		92		50		53		48		53		45		45		49		51		53		55		35		45		48		47		6		8		10		42		45		45		4		6		8		0		5		43		4		6		8		45		6		8		10		47		11		5		10		22		49		74		79		12		14		16		51		14		16		18		53		16		18		20		79		84		55		57		27		59		61		63		65		67		98		100		102		104		100		102		104		106		91		96		102		104		106		108		72		113		104		106		108		110		96		101		48		86		127		52		55		122		126		69		72		86		125		127		129		72		75		60		92		97		145		148		148		151		153
55		42		93		33		33		93		48		51		31		31		48		53		87		45		48		43		48		40		40		44		46		48		50		30		40		43		42		5		3		5		37		40		40		3		1		3		5		0		38		3		1		3		40		5		3		5		42		16		10		5		17		44		69		74		7		9		11		46		9		11		13		48		11		13		15		74		79		50		52		22		54		56		58		60		62		93		95		97		99		95		97		99		101		86		91		97		99		101		103		67		108		99		101		103		105		91		96		53		81		122		57		60		117		121		64		67		81		120		122		124		67		70		65		87		92		140		143		143		146		148
93		66		55		71		69		55		52		49		69		67		50		45		49		49		46		45		40		32		22		16		14		12		12		22		10		7		4		43		41		39		7		4		2		41		39		37		43		38		0		41		39		37		2		43		41		39		4		54		48		43		31		6		31		36		45		43		41		8		47		45		43		10		49		47		45		36		41		12		14		48		16		18		20		22		24		55		57		59		61		57		59		61		63		48		53		59		61		63		65		43		70		61		63		65		67		53		58		91		43		84		95		98		79		83		70		67		57		82		84		86		73		70		103		75		70		102		105		105		108		110
54		45		96		34		36		96		51		54		32		34		51		56		90		48		51		46		51		43		43		47		49		51		53		33		43		46		45		4		6		8		40		43		43		2		4		6		4		3		41		0		2		4		41		2		4		6		43		13		7		6		18		45		70		75		8		10		12		47		10		12		14		49		12		14		16		75		80		51		53		23		55		57		59		61		63		94		96		98		100		96		98		100		102		87		92		98		100		102		104		68		109		100		102		104		106		92		97		50		82		123		54		57		118		122		65		68		82		121		123		125		68		71		62		88		93		141		144		144		147		149
56		43		94		34		34		94		49		52		32		32		49		54		88		46		49		44		49		41		41		45		47		49		51		31		41		44		43		6		4		6		38		41		41		4		2		4		6		1		39		2		0		2		39		4		2		4		41		15		9		4		16		43		68		73		6		8		10		45		8		10		12		47		10		12		14		73		78		49		51		21		53		55		57		59		61		92		94		96		98		94		96		98		100		85		90		96		98		100		102		66		107		98		100		102		104		90		95		52		80		121		56		59		116		120		63		66		80		119		121		123		66		69		64		86		91		139		142		142		145		147
58		41		92		36		34		92		47		50		34		32		47		52		86		44		47		42		47		39		39		43		45		47		49		29		39		42		41		8		6		4		36		39		39		6		4		2		8		3		37		4		2		0		37		6		4		2		39		17		11		6		14		41		66		71		8		6		8		43		10		8		10		45		12		10		12		71		76		47		49		19		51		53		55		57		59		90		92		94		96		92		94		96		98		83		88		94		96		98		100		64		105		96		98		100		102		88		93		54		78		119		58		61		114		118		61		64		78		117		119		121		64		67		66		84		89		137		140		140		143		145
95		68		57		73		71		57		54		51		71		69		52		47		51		51		48		47		42		34		24		18		16		14		14		24		12		9		6		45		43		41		9		6		4		43		41		39		45		40		2		41		39		37		0		41		39		37		2		52		46		41		29		4		29		34		43		41		39		6		45		43		41		8		47		45		43		34		39		10		12		46		14		16		18		20		22		53		55		57		59		55		57		59		61		46		51		57		59		61		63		41		68		59		61		63		65		51		56		89		41		82		93		96		77		81		68		65		55		80		82		84		71		68		101		73		68		100		103		103		106		108
56		47		98		36		38		98		53		56		34		36		53		58		92		50		53		48		53		45		45		49		51		53		55		35		45		48		47		6		8		10		42		45		45		4		6		8		6		5		43		2		4		6		41		0		2		4		41		11		5		4		16		43		68		73		6		8		10		45		8		10		12		47		10		12		14		73		78		49		51		21		53		55		57		59		61		92		94		96		98		94		96		98		100		85		90		96		98		100		102		66		107		98		100		102		104		90		95		48		80		121		52		55		116		120		63		66		80		119		121		123		66		69		60		86		91		139		142		142		145		147
58		45		96		36		36		96		51		54		34		34		51		56		90		48		51		46		51		43		43		47		49		51		53		33		43		46		45		8		6		8		40		43		43		6		4		6		8		3		41		4		2		4		39		2		0		2		39		13		7		2		14		41		66		71		4		6		8		43		6		8		10		45		8		10		12		71		76		47		49		19		51		53		55		57		59		90		92		94		96		92		94		96		98		83		88		94		96		98		100		64		105		96		98		100		102		88		93		50		78		119		54		57		114		118		61		64		78		117		119		121		64		67		62		84		89		137		140		140		143		145
60		43		94		38		36		94		49		52		36		34		49		54		88		46		49		44		49		41		41		45		47		49		51		31		41		44		43		10		8		6		38		41		41		8		6		4		10		5		39		6		4		2		37		4		2		0		37		15		9		4		12		39		64		69		6		4		6		41		8		6		8		43		10		8		10		69		74		45		47		17		49		51		53		55		57		88		90		92		94		90		92		94		96		81		86		92		94		96		98		62		103		94		96		98		100		86		91		52		76		117		56		59		112		116		59		62		76		115		117		119		62		65		64		82		87		135		138		138		141		143
97		70		59		75		73		59		56		53		73		71		54		49		53		53		50		49		44		36		26		20		18		16		16		26		14		11		8		47		45		43		11		8		6		45		43		41		47		42		4		43		41		39		2		41		39		37		0		50		44		39		27		2		27		32		41		39		37		4		43		41		39		6		45		43		41		32		37		8		10		44		12		14		16		18		20		51		53		55		57		53		55		57		59		44		49		55		57		59		61		39		66		57		59		61		63		49		54		87		39		80		91		94		75		79		66		63		53		78		80		82		69		66		99		71		66		98		101		101		104		106
49		58		109		47		49		109		64		67		45		47		64		69		103		61		64		59		64		56		56		60		62		64		66		46		56		59		58		17		19		21		53		56		56		15		17		19		11		16		54		13		15		17		52		11		13		15		50		0		6		11		23		50		75		80		13		15		17		52		15		17		19		54		17		19		21		80		85		56		58		28		60		62		64		66		68		99		101		103		105		101		103		105		107		92		97		103		105		107		109		73		114		105		107		109		111		97		102		37		87		128		41		44		123		127		70		73		87		126		128		130		73		76		49		93		98		146		149		149		152		154
55		52		103		41		43		103		58		61		39		41		58		63		97		55		58		53		58		50		50		54		56		58		60		40		50		53		52		11		13		15		47		50		50		9		11		13		5		10		48		7		9		11		46		5		7		9		44		6		0		5		17		44		69		74		7		9		11		46		9		11		13		48		11		13		15		74		79		50		52		22		54		56		58		60		62		93		95		97		99		95		97		99		101		86		91		97		99		101		103		67		108		99		101		103		105		91		96		43		81		122		47		50		117		121		64		67		81		120		122		124		67		70		55		87		92		140		143		143		146		148
60		47		98		38		38		98		53		56		36		36		53		58		92		50		53		48		53		45		45		49		51		53		55		35		45		48		47		10		8		10		42		45		45		8		6		8		10		5		43		6		4		6		41		4		2		4		39		11		5		0		12		39		64		69		2		4		6		41		4		6		8		43		6		8		10		69		74		45		47		17		49		51		53		55		57		88		90		92		94		90		92		94		96		81		86		92		94		96		98		62		103		94		96		98		100		86		91		48		76		117		52		55		112		116		59		62		76		115		117		119		62		65		60		82		87		135		138		138		141		143
72		45		86		50		48		86		41		44		48		46		41		46		80		38		41		36		41		33		33		37		39		41		43		23		33		36		35		22		20		18		30		33		33		20		18		16		22		17		31		18		16		14		29		16		14		12		27		23		17		12		0		27		52		57		14		12		10		29		16		14		12		31		18		16		14		57		62		33		35		17		37		39		41		43		45		76		78		80		82		78		80		82		84		69		74		80		82		84		86		50		91		82		84		86		88		74		79		60		64		105		64		67		100		104		47		50		64		103		105		107		50		53		72		70		75		123		126		126		129		131
99		72		61		77		75		61		58		55		75		73		56		51		55		55		52		51		46		38		28		22		20		18		18		28		16		13		10		49		47		45		13		10		8		47		45		43		49		44		6		45		43		41		4		43		41		39		2		50		44		39		27		0		25		30		39		37		35		2		41		39		37		4		43		41		39		30		35		6		8		42		10		12		14		16		18		49		51		53		55		51		53		55		57		42		47		53		55		57		59		37		64		55		57		59		61		47		52		85		37		78		89		92		73		77		64		61		51		76		78		80		67		64		97		69		64		96		99		99		102		104
124		97		46		102		100		40		83		80		100		98		81		76		40		80		77		76		71		63		53		47		45		43		41		53		41		38		35		74		72		70		38		35		33		72		70		68		74		69		31		70		68		66		29		68		66		64		27		75		69		64		52		25		0		5		64		62		60		27		66		64		62		29		68		66		64		5		10		31		33		67		35		37		39		41		43		26		26		28		30		28		28		30		32		39		34		30		30		32		34		62		39		32		32		34		36		44		39		110		62		53		114		117		48		52		89		86		76		51		53		55		92		89		122		94		89		71		74		74		77		79
129		102		51		107		105		45		88		85		105		103		86		81		45		85		82		81		76		68		58		52		50		48		46		58		46		43		40		79		77		75		43		40		38		77		75		73		79		74		36		75		73		71		34		73		71		69		32		80		74		69		57		30		5		0		69		67		65		32		71		69		67		34		73		71		69		10		5		36		38		72		40		42		44		46		48		31		29		27		25		33		31		29		27		44		39		35		33		31		29		67		34		37		35		33		31		49		44		115		67		48		119		122		43		47		94		91		81		46		48		50		97		94		127		99		94		66		69		69		72		74
62		49		100		40		40		100		55		58		38		38		55		60		94		52		55		50		55		47		47		51		53		55		57		37		47		50		49		12		10		12		44		47		47		10		8		10		12		7		45		8		6		8		43		6		4		6		41		13		7		2		14		39		64		69		0		2		4		39		2		4		6		41		4		6		8		67		72		43		45		15		47		49		51		53		55		86		88		90		92		88		90		92		94		79		84		90		92		94		96		60		101		92		94		96		98		84		89		46		74		115		50		53		110		114		57		60		74		113		115		117		60		63		58		80		85		133		136		136		139		141
64		47		98		42		40		98		53		56		40		38		53		58		92		50		53		48		53		45		45		49		51		53		55		35		45		48		47		14		12		10		42		45		45		12		10		8		14		9		43		10		8		6		41		8		6		4		39		15		9		4		12		37		62		67		2		0		2		37		4		2		4		39		6		4		6		65		70		41		43		13		45		47		49		51		53		84		86		88		90		86		88		90		92		77		82		88		90		92		94		58		99		90		92		94		96		82		87		48		72		113		52		55		108		112		55		58		72		111		113		115		58		61		60		78		83		131		134		134		137		139
66		45		96		44		42		96		51		54		42		40		51		56		90		48		51		46		51		43		43		47		49		51		53		33		43		46		45		16		14		12		40		43		43		14		12		10		16		11		41		12		10		8		39		10		8		6		37		17		11		6		10		35		60		65		4		2		0		35		6		4		2		37		8		6		4		63		68		39		41		11		43		45		47		49		51		82		84		86		88		84		86		88		90		75		80		86		88		90		92		56		97		88		90		92		94		80		85		50		70		111		54		57		106		110		53		56		70		109		111		113		56		59		62		76		81		129		132		132		135		137
101		74		63		79		77		63		60		57		77		75		58		53		57		57		54		53		48		40		30		24		22		20		20		30		18		15		12		51		49		47		15		12		10		49		47		45		51		46		8		47		45		43		6		45		43		41		4		52		46		41		29		2		27		32		39		37		35		0		39		37		35		2		41		39		37		28		33		4		6		40		8		10		12		14		16		47		49		51		53		49		51		53		55		40		45		51		53		55		57		35		62		53		55		57		59		45		50		83		35		76		87		90		71		75		62		59		49		74		76		78		65		62		95		67		62		94		97		97		100		102
64		51		102		42		42		102		57		60		40		40		57		62		96		54		57		52		57		49		49		53		55		57		59		39		49		52		51		14		12		14		46		49		49		12		10		12		14		9		47		10		8		10		45		8		6		8		43		15		9		4		16		41		66		71		2		4		6		39		0		2		4		39		2		4		6		65		70		41		43		13		45		47		49		51		53		84		86		88		90		86		88		90		92		77		82		88		90		92		94		58		99		90		92		94		96		82		87		44		72		113		48		51		108		112		55		58		72		111		113		115		58		61		56		78		83		131		134		134		137		139
66		49		100		44		42		100		55		58		42		40		55		60		94		52		55		50		55		47		47		51		53		55		57		37		47		50		49		16		14		12		44		47		47		14		12		10		16		11		45		12		10		8		43		10		8		6		41		17		11		6		14		39		64		69		4		2		4		37		2		0		2		37		4		2		4		63		68		39		41		11		43		45		47		49		51		82		84		86		88		84		86		88		90		75		80		86		88		90		92		56		97		88		90		92		94		80		85		46		70		111		50		53		106		110		53		56		70		109		111		113		56		59		58		76		81		129		132		132		135		137
68		47		98		46		44		98		53		56		44		42		53		58		92		50		53		48		53		45		45		49		51		53		55		35		45		48		47		18		16		14		42		45		45		16		14		12		18		13		43		14		12		10		41		12		10		8		39		19		13		8		12		37		62		67		6		4		2		35		4		2		0		35		6		4		2		61		66		37		39		9		41		43		45		47		49		80		82		84		86		82		84		86		88		73		78		84		86		88		90		54		95		86		88		90		92		78		83		48		68		109		52		55		104		108		51		54		68		107		109		111		54		57		60		74		79		127		130		130		133		135
103		76		65		81		79		65		62		59		79		77		60		55		59		59		56		55		50		42		32		26		24		22		22		32		20		17		14		53		51		49		17		14		12		51		49		47		53		48		10		49		47		45		8		47		45		43		6		54		48		43		31		4		29		34		41		39		37		2		39		37		35		0		39		37		35		26		31		2		4		38		6		8		10		12		14		45		47		49		51		47		49		51		53		38		43		49		51		53		55		33		60		51		53		55		57		43		48		81		33		74		85		88		69		73		60		57		47		72		74		76		63		60		93		65		60		92		95		95		98		100
66		53		104		44		44		104		59		62		42		42		59		64		98		56		59		54		59		51		51		55		57		59		61		41		51		54		53		16		14		16		48		51		51		14		12		14		16		11		49		12		10		12		47		10		8		10		45		17		11		6		18		43		68		73		4		6		8		41		2		4		6		39		0		2		4		63		68		39		41		11		43		45		47		49		51		82		84		86		88		84		86		88		90		75		80		86		88		90		92		56		97		88		90		92		94		80		85		42		70		111		46		49		106		110		53		56		70		109		111		113		56		59		54		76		81		129		132		132		135		137
68		51		102		46		44		102		57		60		44		42		57		62		96		54		57		52		57		49		49		53		55		57		59		39		49		52		51		18		16		14		46		49		49		16		14		12		18		13		47		14		12		10		45		12		10		8		43		19		13		8		16		41		66		71		6		4		6		39		4		2		4		37		2		0		2		61		66		37		39		9		41		43		45		47		49		80		82		84		86		82		84		86		88		73		78		84		86		88		90		54		95		86		88		90		92		78		83		44		68		109		48		51		104		108		51		54		68		107		109		111		54		57		56		74		79		127		130		130		133		135
70		49		100		48		46		100		55		58		46		44		55		60		94		52		55		50		55		47		47		51		53		55		57		37		47		50		49		20		18		16		44		47		47		18		16		14		20		15		45		16		14		12		43		14		12		10		41		21		15		10		14		39		64		69		8		6		4		37		6		4		2		35		4		2		0		59		64		35		37		7		39		41		43		45		47		78		80		82		84		80		82		84		86		71		76		82		84		86		88		52		93		84		86		88		90		76		81		46		66		107		50		53		102		106		49		52		66		105		107		109		52		55		58		72		77		125		128		128		131		133
129		102		51		107		105		45		88		85		105		103		86		81		45		85		82		81		76		68		58		52		50		48		46		58		46		43		40		79		77		75		43		40		38		77		75		73		79		74		36		75		73		71		34		73		71		69		32		80		74		69		57		30		5		10		67		65		63		28		65		63		61		26		63		61		59		0		5		26		28		62		30		32		34		36		38		21		21		23		25		23		23		25		27		34		29		25		25		27		29		57		34		27		27		29		31		39		34		105		57		48		109		112		43		47		84		81		71		46		48		50		87		84		117		89		84		66		69		69		72		74
134		107		56		112		110		50		93		90		110		108		91		86		50		90		87		86		81		73		63		57		55		53		51		63		51		48		45		84		82		80		48		45		43		82		80		78		84		79		41		80		78		76		39		78		76		74		37		85		79		74		62		35		10		5		72		70		68		33		70		68		66		31		68		66		64		5		0		31		33		67		35		37		39		41		43		26		24		22		20		28		26		24		22		39		34		30		28		26		24		62		29		32		30		28		26		44		39		110		62		43		114		117		38		42		89		86		76		41		43		45		92		89		122		94		89		61		64		64		67		69
105		78		67		83		81		67		64		61		81		79		62		57		61		61		58		57		52		44		34		28		26		24		24		34		22		19		16		55		53		51		19		16		14		53		51		49		55		50		12		51		49		47		10		49		47		45		8		56		50		45		33		6		31		36		43		41		39		4		41		39		37		2		39		37		35		26		31		0		2		36		4		6		8		10		12		43		45		47		49		45		47		49		51		36		41		47		49		51		53		31		58		49		51		53		55		41		46		79		31		72		83		86		67		71		58		55		45		70		72		74		61		58		91		63		58		90		93		93		96		98
107		80		69		85		83		69		66		63		83		81		64		59		63		63		60		59		54		46		36		30		28		26		26		36		24		21		18		57		55		53		21		18		16		55		53		51		57		52		14		53		51		49		12		51		49		47		10		58		52		47		35		8		33		38		45		43		41		6		43		41		39		4		41		39		37		28		33		2		0		34		2		4		6		8		10		41		43		45		47		43		45		47		49		34		39		45		47		49		51		29		56		47		49		51		53		39		44		77		29		70		81		84		65		69		56		53		43		68		70		72		59		56		89		61		56		88		91		91		94		96
77		52		103		55		53		103		58		61		53		51		58		63		97		55		58		53		58		50		50		54		56		58		60		40		50		53		52		27		25		23		47		50		50		25		23		21		27		22		48		23		21		19		46		21		19		17		44		28		22		17		17		42		67		72		15		13		11		40		13		11		9		38		11		9		7		62		67		36		34		0		32		34		36		38		40		71		73		75		77		73		75		77		79		64		69		75		77		79		81		45		86		77		79		81		83		69		74		43		59		100		47		50		95		99		42		45		59		98		100		102		45		48		55		65		70		118		121		121		124		126
109		82		71		87		85		71		68		65		85		83		66		61		65		65		62		61		56		48		38		32		30		28		28		38		26		23		20		59		57		55		23		20		18		57		55		53		59		54		16		55		53		51		14		53		51		49		12		60		54		49		37		10		35		40		47		45		43		8		45		43		41		6		43		41		39		30		35		4		2		32		0		2		4		6		8		39		41		43		45		41		43		45		47		32		37		43		45		47		49		27		54		45		47		49		51		37		42		75		27		68		79		82		63		67		54		51		41		66		68		70		57		54		87		59		54		86		89		89		92		94
111		84		73		89		87		73		70		67		87		85		68		63		67		67		64		63		58		50		40		34		32		30		30		40		28		25		22		61		59		57		25		22		20		59		57		55		61		56		18		57		55		53		16		55		53		51		14		62		56		51		39		12		37		42		49		47		45		10		47		45		43		8		45		43		41		32		37		6		4		34		2		0		2		4		6		37		39		41		43		39		41		43		45		30		35		41		43		45		47		25		52		43		45		47		49		35		40		73		25		66		77		80		61		65		52		49		39		64		66		68		55		52		85		57		52		84		87		87		90		92
113		86		75		91		89		75		72		69		89		87		70		65		69		69		66		65		60		52		42		36		34		32		32		42		30		27		24		63		61		59		27		24		22		61		59		57		63		58		20		59		57		55		18		57		55		53		16		64		58		53		41		14		39		44		51		49		47		12		49		47		45		10		47		45		43		34		39		8		6		36		4		2		0		2		4		35		37		39		41		37		39		41		43		28		33		39		41		43		45		23		50		41		43		45		47		33		38		71		23		64		75		78		59		63		50		47		37		62		64		66		53		50		83		55		50		82		85		85		88		90
115		88		77		93		91		77		74		71		91		89		72		67		71		71		68		67		62		54		44		38		36		34		34		44		32		29		26		65		63		61		29		26		24		63		61		59		65		60		22		61		59		57		20		59		57		55		18		66		60		55		43		16		41		46		53		51		49		14		51		49		47		12		49		47		45		36		41		10		8		38		6		4		2		0		2		33		35		37		39		35		37		39		41		26		31		37		39		41		43		21		48		39		41		43		45		31		36		69		21		62		73		76		57		61		48		45		35		60		62		64		51		48		81		53		48		80		83		83		86		88
117		90		79		95		93		79		76		73		93		91		74		69		73		73		70		69		64		56		46		40		38		36		36		46		34		31		28		67		65		63		31		28		26		65		63		61		67		62		24		63		61		59		22		61		59		57		20		68		62		57		45		18		43		48		55		53		51		16		53		51		49		14		51		49		47		38		43		12		10		40		8		6		4		2		0		31		33		35		37		33		35		37		39		24		29		35		37		39		41		19		46		37		39		41		43		29		34		67		19		60		71		74		55		59		46		43		33		58		60		62		49		46		79		51		46		78		81		81		84		86
148		121		70		126		124		64		107		104		124		122		105		100		64		104		101		100		95		87		77		71		69		67		65		77		65		62		59		98		96		94		62		59		57		96		94		92		98		93		55		94		92		90		53		92		90		88		51		99		93		88		76		49		26		31		86		84		82		47		84		82		80		45		82		80		78		21		26		43		41		71		39		37		35		33		31		0		2		4		6		2		4		6		8		13		8		4		6		8		10		36		15		6		8		10		12		18		13		84		36		29		88		91		24		28		63		60		50		27		29		31		66		63		96		68		63		47		50		50		53		55
150		123		72		128		126		66		109		106		126		124		107		102		66		106		103		102		97		89		79		73		71		69		67		79		67		64		61		100		98		96		64		61		59		98		96		94		100		95		57		96		94		92		55		94		92		90		53		101		95		90		78		51		26		29		88		86		84		49		86		84		82		47		84		82		80		21		24		45		43		73		41		39		37		35		33		2		0		2		4		4		2		4		6		15		10		6		4		6		8		38		13		8		6		8		10		20		15		86		38		27		90		93		22		26		65		62		52		25		27		29		68		65		98		70		65		45		48		48		51		53
152		125		74		130		128		68		111		108		128		126		109		104		68		108		105		104		99		91		81		75		73		71		69		81		69		66		63		102		100		98		66		63		61		100		98		96		102		97		59		98		96		94		57		96		94		92		55		103		97		92		80		53		28		27		90		88		86		51		88		86		84		49		86		84		82		23		22		47		45		75		43		41		39		37		35		4		2		0		2		6		4		2		4		17		12		8		6		4		6		40		11		10		8		6		8		22		17		88		40		25		92		95		20		24		67		64		54		23		25		27		70		67		100		72		67		43		46		46		49		51
154		127		76		132		130		70		113		110		130		128		111		106		70		110		107		106		101		93		83		77		75		73		71		83		71		68		65		104		102		100		68		65		63		102		100		98		104		99		61		100		98		96		59		98		96		94		57		105		99		94		82		55		30		25		92		90		88		53		90		88		86		51		88		86		84		25		20		49		47		77		45		43		41		39		37		6		4		2		0		8		6		4		2		19		14		10		8		6		4		42		9		12		10		8		6		24		19		90		42		23		94		97		18		22		69		66		56		21		23		25		72		69		102		74		69		41		44		44		47		49
150		123		72		128		126		66		109		106		126		124		107		102		66		106		103		102		97		89		79		73		71		69		67		79		67		64		61		100		98		96		64		61		59		98		96		94		100		95		57		96		94		92		55		94		92		90		53		101		95		90		78		51		28		33		88		86		84		49		86		84		82		47		84		82		80		23		28		45		43		73		41		39		37		35		33		2		4		6		8		0		2		4		6		11		6		2		4		6		8		34		13		4		6		8		10		16		11		82		34		27		86		89		22		26		61		58		48		25		27		29		64		61		94		66		61		45		48		48		51		53
152		125		74		130		128		68		111		108		128		126		109		104		68		108		105		104		99		91		81		75		73		71		69		81		69		66		63		102		100		98		66		63		61		100		98		96		102		97		59		98		96		94		57		96		94		92		55		103		97		92		80		53		28		31		90		88		86		51		88		86		84		49		86		84		82		23		26		47		45		75		43		41		39		37		35		4		2		4		6		2		0		2		4		13		8		4		2		4		6		36		11		6		4		6		8		18		13		84		36		25		88		91		20		24		63		60		50		23		25		27		66		63		96		68		63		43		46		46		49		51
154		127		76		132		130		70		113		110		130		128		111		106		70		110		107		106		101		93		83		77		75		73		71		83		71		68		65		104		102		100		68		65		63		102		100		98		104		99		61		100		98		96		59		98		96		94		57		105		99		94		82		55		30		29		92		90		88		53		90		88		86		51		88		86		84		25		24		49		47		77		45		43		41		39		37		6		4		2		4		4		2		0		2		15		10		6		4		2		4		38		9		8		6		4		6		20		15		86		38		23		90		93		18		22		65		62		52		21		23		25		68		65		98		70		65		41		44		44		47		49
156		129		78		134		132		72		115		112		132		130		113		108		72		112		109		108		103		95		85		79		77		75		73		85		73		70		67		106		104		102		70		67		65		104		102		100		106		101		63		102		100		98		61		100		98		96		59		107		101		96		84		57		32		27		94		92		90		55		92		90		88		53		90		88		86		27		22		51		49		79		47		45		43		41		39		8		6		4		2		6		4		2		0		17		12		8		6		4		2		40		7		10		8		6		4		22		17		88		40		21		92		95		16		20		67		64		54		19		21		23		70		67		100		72		67		39		42		42		45		47
141		114		75		119		117		75		100		97		117		115		98		93		69		97		94		93		88		80		70		64		62		60		58		70		58		55		52		91		89		87		55		52		50		89		87		85		91		86		48		87		85		83		46		85		83		81		44		92		86		81		69		42		39		44		79		77		75		40		77		75		73		38		75		73		71		34		39		36		34		64		32		30		28		26		24		13		15		17		19		11		13		15		17		0		5		11		13		15		17		23		22		13		15		17		19		5		10		71		23		36		75		78		31		35		50		47		37		34		36		38		53		50		83		55		50		54		57		57		60		62
146		119		70		124		122		70		105		102		122		120		103		98		64		102		99		98		93		85		75		69		67		65		63		75		63		60		57		96		94		92		60		57		55		94		92		90		96		91		53		92		90		88		51		90		88		86		49		97		91		86		74		47		34		39		84		82		80		45		82		80		78		43		80		78		76		29		34		41		39		69		37		35		33		31		29		8		10		12		14		6		8		10		12		5		0		6		8		10		12		28		17		8		10		12		14		10		5		76		28		31		80		83		26		30		55		52		42		29		31		33		58		55		88		60		55		49		52		52		55		57
152		125		74		130		128		68		111		108		128		126		109		104		68		108		105		104		99		91		81		75		73		71		69		81		69		66		63		102		100		98		66		63		61		100		98		96		102		97		59		98		96		94		57		96		94		92		55		103		97		92		80		53		30		35		90		88		86		51		88		86		84		49		86		84		82		25		30		47		45		75		43		41		39		37		35		4		6		8		10		2		4		6		8		11		6		0		2		4		6		32		11		2		4		6		8		14		9		80		32		25		84		87		20		24		59		56		46		23		25		27		62		59		92		64		59		43		46		46		49		51
154		127		76		132		130		70		113		110		130		128		111		106		70		110		107		106		101		93		83		77		75		73		71		83		71		68		65		104		102		100		68		65		63		102		100		98		104		99		61		100		98		96		59		98		96		94		57		105		99		94		82		55		30		33		92		90		88		53		90		88		86		51		88		86		84		25		28		49		47		77		45		43		41		39		37		6		4		6		8		4		2		4		6		13		8		2		0		2		4		34		9		4		2		4		6		16		11		82		34		23		86		89		18		22		61		58		48		21		23		25		64		61		94		66		61		41		44		44		47		49
156		129		78		134		132		72		115		112		132		130		113		108		72		112		109		108		103		95		85		79		77		75		73		85		73		70		67		106		104		102		70		67		65		104		102		100		106		101		63		102		100		98		61		100		98		96		59		107		101		96		84		57		32		31		94		92		90		55		92		90		88		53		90		88		86		27		26		51		49		79		47		45		43		41		39		8		6		4		6		6		4		2		4		15		10		4		2		0		2		36		7		6		4		2		4		18		13		84		36		21		88		91		16		20		63		60		50		19		21		23		66		63		96		68		63		39		42		42		45		47
158		131		80		136		134		74		117		114		134		132		115		110		74		114		111		110		105		97		87		81		79		77		75		87		75		72		69		108		106		104		72		69		67		106		104		102		108		103		65		104		102		100		63		102		100		98		61		109		103		98		86		59		34		29		96		94		92		57		94		92		90		55		92		90		88		29		24		53		51		81		49		47		45		43		41		10		8		6		4		8		6		4		2		17		12		6		4		2		0		38		5		8		6		4		2		20		15		86		38		19		90		93		14		18		65		62		52		17		19		21		68		65		98		70		65		37		40		40		43		45
122		95		98		100		98		98		81		78		98		96		79		74		92		78		75		74		69		61		51		49		51		53		55		51		45		48		47		72		70		68		42		45		45		70		68		66		72		67		43		68		66		64		41		66		64		62		39		73		67		62		50		37		62		67		60		58		56		35		58		56		54		33		56		54		52		57		62		31		29		45		27		25		23		21		19		36		38		40		42		34		36		38		40		23		28		32		34		36		38		0		41		32		34		36		38		24		29		48		14		55		52		55		50		54		27		24		14		53		55		57		30		27		60		32		27		73		76		76		79		81
163		136		85		141		139		79		122		119		139		137		120		115		79		119		116		115		110		102		92		86		84		82		80		92		80		77		74		113		111		109		77		74		72		111		109		107		113		108		70		109		107		105		68		107		105		103		66		114		108		103		91		64		39		34		101		99		97		62		99		97		95		60		97		95		93		34		29		58		56		86		54		52		50		48		46		15		13		11		9		13		11		9		7		22		17		11		9		7		5		41		0		11		9		7		5		23		18		89		41		14		93		96		13		13		68		65		55		16		14		16		71		68		101		73		68		32		35		35		38		40
154		127		76		132		130		70		113		110		130		128		111		106		70		110		107		106		101		93		83		77		75		73		71		83		71		68		65		104		102		100		68		65		63		102		100		98		104		99		61		100		98		96		59		98		96		94		57		105		99		94		82		55		32		37		92		90		88		53		90		88		86		51		88		86		84		27		32		49		47		77		45		43		41		39		37		6		8		10		12		4		6		8		10		13		8		2		4		6		8		32		11		0		2		4		6		12		7		78		30		23		82		85		18		22		57		54		44		21		23		25		60		57		90		62		57		41		44		44		47		49
156		129		78		134		132		72		115		112		132		130		113		108		72		112		109		108		103		95		85		79		77		75		73		85		73		70		67		106		104		102		70		67		65		104		102		100		106		101		63		102		100		98		61		100		98		96		59		107		101		96		84		57		32		35		94		92		90		55		92		90		88		53		90		88		86		27		30		51		49		79		47		45		43		41		39		8		6		8		10		6		4		6		8		15		10		4		2		4		6		34		9		2		0		2		4		14		9		80		32		21		84		87		16		20		59		56		46		19		21		23		62		59		92		64		59		39		42		42		45		47
158		131		80		136		134		74		117		114		134		132		115		110		74		114		111		110		105		97		87		81		79		77		75		87		75		72		69		108		106		104		72		69		67		106		104		102		108		103		65		104		102		100		63		102		100		98		61		109		103		98		86		59		34		33		96		94		92		57		94		92		90		55		92		90		88		29		28		53		51		81		49		47		45		43		41		10		8		6		8		8		6		4		6		17		12		6		4		2		4		36		7		4		2		0		2		16		11		82		34		19		86		89		14		18		61		58		48		17		19		21		64		61		94		66		61		37		40		40		43		45
160		133		82		138		136		76		119		116		136		134		117		112		76		116		113		112		107		99		89		83		81		79		77		89		77		74		71		110		108		106		74		71		69		108		106		104		110		105		67		106		104		102		65		104		102		100		63		111		105		100		88		61		36		31		98		96		94		59		96		94		92		57		94		92		90		31		26		55		53		83		51		49		47		45		43		12		10		8		6		10		8		6		4		19		14		8		6		4		2		38		5		6		4		2		0		18		13		84		36		17		88		91		12		16		63		60		50		15		17		19		66		63		96		68		63		35		38		38		41		43
146		119		80		124		122		80		105		102		122		120		103		98		74		102		99		98		93		85		75		69		67		65		63		75		63		60		57		96		94		92		60		57		55		94		92		90		96		91		53		92		90		88		51		90		88		86		49		97		91		86		74		47		44		49		84		82		80		45		82		80		78		43		80		78		76		39		44		41		39		69		37		35		33		31		29		18		20		22		24		16		18		20		22		5		10		14		16		18		20		24		23		12		14		16		18		0		5		66		18		31		70		73		26		30		45		42		32		29		31		33		48		45		78		50		45		49		52		52		55		57
151		124		75		129		127		75		110		107		127		125		108		103		69		107		104		103		98		90		80		74		72		70		68		80		68		65		62		101		99		97		65		62		60		99		97		95		101		96		58		97		95		93		56		95		93		91		54		102		96		91		79		52		39		44		89		87		85		50		87		85		83		48		85		83		81		34		39		46		44		74		42		40		38		36		34		13		15		17		19		11		13		15		17		10		5		9		11		13		15		29		18		7		9		11		13		5		0		71		23		26		75		78		21		25		50		47		37		24		26		28		53		50		83		55		50		44		47		47		50		52
82		95		146		84		86		146		101		104		82		84		101		106		140		98		101		96		101		93		93		97		99		101		103		83		93		96		95		54		56		58		90		93		93		52		54		56		48		53		91		50		52		54		89		48		50		52		87		37		43		48		60		85		110		115		46		48		50		83		44		46		48		81		42		44		46		105		110		79		77		43		75		73		71		69		67		84		86		88		90		82		84		86		88		71		76		80		82		84		86		48		89		78		80		82		84		66		71		0		54		95		4		7		90		94		37		40		54		93		95		97		40		43		12		60		65		113		116		116		119		121
136		109		98		114		112		98		95		92		112		110		93		88		92		92		89		88		83		75		65		59		57		55		55		65		53		50		47		86		84		82		50		47		45		84		82		80		86		81		43		82		80		78		41		80		78		76		39		87		81		76		64		37		62		67		74		72		70		35		72		70		68		33		70		68		66		57		62		31		29		59		27		25		23		21		19		36		38		40		42		34		36		38		40		23		28		32		34		36		38		14		41		30		32		34		36		18		23		54		0		41		52		55		36		40		27		24		14		39		41		43		30		27		60		32		27		59		62		62		65		67
177		150		99		155		153		93		136		133		153		151		134		129		93		133		130		129		124		116		106		100		98		96		94		106		94		91		88		127		125		123		91		88		86		125		123		121		127		122		84		123		121		119		82		121		119		117		80		128		122		117		105		78		53		48		115		113		111		76		113		111		109		74		111		109		107		48		43		72		70		100		68		66		64		62		60		29		27		25		23		27		25		23		21		36		31		25		23		21		19		55		14		23		21		19		17		31		26		95		41		0		93		96		13		9		68		65		55		16		14		12		71		68		101		73		68		30		27		33		30		34
86		99		150		88		90		150		105		108		86		88		105		110		144		102		105		100		105		97		97		101		103		105		107		87		97		100		99		58		60		62		94		97		97		56		58		60		52		57		95		54		56		58		93		52		54		56		91		41		47		52		64		89		114		119		50		52		54		87		48		50		52		85		46		48		50		109		114		83		81		47		79		77		75		73		71		88		90		92		94		86		88		90		92		75		80		84		86		88		90		52		93		82		84		86		88		70		75		4		52		93		0		3		86		90		33		36		50		89		91		93		36		39		8		56		61		109		112		112		115		117
89		102		153		91		93		153		108		111		89		91		108		113		147		105		108		103		108		100		100		104		106		108		110		90		100		103		102		61		63		65		97		100		100		59		61		63		55		60		98		57		59		61		96		55		57		59		94		44		50		55		67		92		117		122		53		55		57		90		51		53		55		88		49		51		53		112		117		86		84		50		82		80		78		76		74		91		93		95		97		89		91		93		95		78		83		87		89		91		93		55		96		85		87		89		91		73		78		7		55		96		3		0		83		87		30		33		47		86		88		90		33		36		5		53		58		106		109		109		112		114
172		145		94		150		148		88		131		128		148		146		129		124		88		128		125		124		119		111		101		95		93		91		89		101		89		86		83		122		120		118		86		83		81		120		118		116		122		117		79		118		116		114		77		116		114		112		75		123		117		112		100		73		48		43		110		108		106		71		108		106		104		69		106		104		102		43		38		67		65		95		63		61		59		57		55		24		22		20		18		22		20		18		16		31		26		20		18		16		14		50		13		18		16		14		12		26		21		90		36		13		86		83		0		4		55		52		42		3		5		7		58		55		88		60		55		23		26		26		29		31
176		149		98		154		152		92		135		132		152		150		133		128		92		132		129		128		123		115		105		99		97		95		93		105		93		90		87		126		124		122		90		87		85		124		122		120		126		121		83		122		120		118		81		120		118		116		79		127		121		116		104		77		52		47		114		112		110		75		112		110		108		73		110		108		106		47		42		71		69		99		67		65		63		61		59		28		26		24		22		26		24		22		20		35		30		24		22		20		18		54		13		22		20		18		16		30		25		94		40		9		90		87		4		0		59		56		46		7		5		3		62		59		92		64		59		21		22		24		25		27
119		92		125		97		95		125		80		83		95		93		80		85		119		77		80		75		80		72		72		76		78		80		82		62		72		75		74		69		67		65		69		72		72		67		65		63		69		64		70		65		63		61		68		63		61		59		66		70		64		59		47		64		89		94		57		55		53		62		55		53		51		60		53		51		49		84		89		58		56		42		54		52		50		48		46		63		65		67		69		61		63		65		67		50		55		59		61		63		65		27		68		57		59		61		63		45		50		37		27		68		33		30		55		59		0		3		17		56		58		60		3		6		33		23		28		76		79		79		82		84
122		95		122		100		98		122		81		80		98		96		79		82		116		78		77		74		77		69		69		73		75		77		79		59		69		72		71		72		70		68		66		69		69		70		68		66		72		67		67		68		66		64		65		66		64		62		63		73		67		62		50		61		86		91		60		58		56		59		58		56		54		57		56		54		52		81		86		55		53		45		51		49		47		45		43		60		62		64		66		58		60		62		64		47		52		56		58		60		62		24		65		54		56		58		60		42		47		40		24		65		36		33		52		56		3		0		14		53		55		57		6		3		36		20		25		73		76		76		79		81
136		109		112		114		112		112		95		92		112		110		93		88		106		92		89		88		83		75		65		63		65		67		69		65		59		62		61		86		84		82		56		59		59		84		82		80		86		81		57		82		80		78		55		80		78		76		53		87		81		76		64		51		76		81		74		72		70		49		72		70		68		47		70		68		66		71		76		45		43		59		41		39		37		35		33		50		52		54		56		48		50		52		54		37		42		46		48		50		52		14		55		44		46		48		50		32		37		54		14		55		50		47		42		46		17		14		0		39		41		43		16		13		46		18		13		59		62		62		65		67
175		148		97		153		151		91		134		131		151		149		132		127		91		131		128		127		122		114		104		98		96		94		92		104		92		89		86		125		123		121		89		86		84		123		121		119		125		120		82		121		119		117		80		119		117		115		78		126		120		115		103		76		51		46		113		111		109		74		111		109		107		72		109		107		105		46		41		70		68		98		66		64		62		60		58		27		25		23		21		25		23		21		19		34		29		23		21		19		17		53		16		21		19		17		15		29		24		93		39		16		89		86		3		7		56		53		39		0		2		4		55		52		85		57		52		20		23		23		26		28
177		150		99		155		153		93		136		133		153		151		134		129		93		133		130		129		124		116		106		100		98		96		94		106		94		91		88		127		125		123		91		88		86		125		123		121		127		122		84		123		121		119		82		121		119		117		80		128		122		117		105		78		53		48		115		113		111		76		113		111		109		74		111		109		107		48		43		72		70		100		68		66		64		62		60		29		27		25		23		27		25		23		21		36		31		25		23		21		19		55		14		23		21		19		17		31		26		95		41		14		91		88		5		5		58		55		41		2		0		2		57		54		87		59		54		18		21		21		24		26
179		152		101		157		155		95		138		135		155		153		136		131		95		135		132		131		126		118		108		102		100		98		96		108		96		93		90		129		127		125		93		90		88		127		125		123		129		124		86		125		123		121		84		123		121		119		82		130		124		119		107		80		55		50		117		115		113		78		115		113		111		76		113		111		109		50		45		74		72		102		70		68		66		64		62		31		29		27		25		29		27		25		23		38		33		27		25		23		21		57		16		25		23		21		19		33		28		97		43		12		93		90		7		3		60		57		43		4		2		0		59		56		89		61		56		18		19		21		22		24
122		95		128		100		98		128		83		86		98		96		83		88		122		80		83		78		83		75		75		79		81		83		85		65		75		78		77		72		70		68		72		75		75		70		68		66		72		67		73		68		66		64		71		66		64		62		69		73		67		62		50		67		92		97		60		58		56		65		58		56		54		63		56		54		52		87		92		61		59		45		57		55		53		51		49		66		68		70		72		64		66		68		70		53		58		62		64		66		68		30		71		60		62		64		66		48		53		40		30		71		36		33		58		62		3		6		16		55		57		59		0		3		30		20		25		73		76		76		79		81
125		98		125		103		101		125		84		83		101		99		82		85		119		81		80		77		80		72		72		76		78		80		82		62		72		75		74		75		73		71		69		72		72		73		71		69		75		70		70		71		69		67		68		69		67		65		66		76		70		65		53		64		89		94		63		61		59		62		61		59		57		60		59		57		55		84		89		58		56		48		54		52		50		48		46		63		65		67		69		61		63		65		67		50		55		59		61		63		65		27		68		57		59		61		63		45		50		43		27		68		39		36		55		59		6		3		13		52		54		56		3		0		33		17		22		70		73		73		76		78
94		107		158		96		98		158		113		116		94		96		113		118		152		110		113		108		113		105		105		109		111		113		115		95		105		108		107		66		68		70		102		105		105		64		66		68		60		65		103		62		64		66		101		60		62		64		99		49		55		60		72		97		122		127		58		60		62		95		56		58		60		93		54		56		58		117		122		91		89		55		87		85		83		81		79		96		98		100		102		94		96		98		100		83		88		92		94		96		98		60		101		90		92		94		96		78		83		12		60		101		8		5		88		92		33		36		46		85		87		89		30		33		0		48		53		101		104		104		107		109
142		115		130		120		118		130		101		98		118		116		99		94		124		98		95		94		89		81		77		81		83		85		87		71		77		80		79		92		90		88		74		77		77		90		88		86		92		87		75		88		86		84		73		86		84		82		71		93		87		82		70		69		94		99		80		78		76		67		78		76		74		65		76		74		72		89		94		63		61		65		59		57		55		53		51		68		70		72		74		66		68		70		72		55		60		64		66		68		70		32		73		62		64		66		68		50		55		60		32		73		56		53		60		64		23		20		18		57		59		61		20		17		48		0		5		53		56		56		59		61
147		120		125		125		123		125		106		103		123		121		104		99		119		103		100		99		94		86		76		76		78		80		82		76		72		75		74		97		95		93		69		72		72		95		93		91		97		92		70		93		91		89		68		91		89		87		66		98		92		87		75		64		89		94		85		83		81		62		83		81		79		60		81		79		77		84		89		58		56		70		54		52		50		48		46		63		65		67		69		61		63		65		67		50		55		59		61		63		65		27		68		57		59		61		63		45		50		65		27		68		61		58		55		59		28		25		13		52		54		56		25		22		53		5		0		48		51		51		54		56
195		168		117		173		171		111		154		151		171		169		152		147		111		151		148		147		142		134		124		118		116		114		112		124		112		109		106		145		143		141		109		106		104		143		141		139		145		140		102		141		139		137		100		139		137		135		98		146		140		135		123		96		71		66		133		131		129		94		131		129		127		92		129		127		125		66		61		90		88		118		86		84		82		80		78		47		45		43		41		45		43		41		39		54		49		43		41		39		37		73		32		41		39		37		35		49		44		113		59		30		109		106		23		21		76		73		59		20		18		18		73		70		101		53		48		0		3		3		6		8
198		171		120		176		174		114		157		154		174		172		155		150		114		154		151		150		145		137		127		121		119		117		115		127		115		112		109		148		146		144		112		109		107		146		144		142		148		143		105		144		142		140		103		142		140		138		101		149		143		138		126		99		74		69		136		134		132		97		134		132		130		95		132		130		128		69		64		93		91		121		89		87		85		83		81		50		48		46		44		48		46		44		42		57		52		46		44		42		40		76		35		44		42		40		38		52		47		116		62		27		112		109		26		22		79		76		62		23		21		19		76		73		104		56		51		3		0		6		3		7
198		171		120		176		174		114		157		154		174		172		155		150		114		154		151		150		145		137		127		121		119		117		115		127		115		112		109		148		146		144		112		109		107		146		144		142		148		143		105		144		142		140		103		142		140		138		101		149		143		138		126		99		74		69		136		134		132		97		134		132		130		95		132		130		128		69		64		93		91		121		89		87		85		83		81		50		48		46		44		48		46		44		42		57		52		46		44		42		40		76		35		44		42		40		38		52		47		116		62		33		112		109		26		24		79		76		62		23		21		21		76		73		104		56		51		3		6		0		3		5
201		174		123		179		177		117		160		157		177		175		158		153		117		157		154		153		148		140		130		124		122		120		118		130		118		115		112		151		149		147		115		112		110		149		147		145		151		146		108		147		145		143		106		145		143		141		104		152		146		141		129		102		77		72		139		137		135		100		137		135		133		98		135		133		131		72		67		96		94		124		92		90		88		86		84		53		51		49		47		51		49		47		45		60		55		49		47		45		43		79		38		47		45		43		41		55		50		119		65		30		115		112		29		25		82		79		65		26		24		22		79		76		107		59		54		6		3		3		0		4
203		176		125		181		179		119		162		159		179		177		160		155		119		159		156		155		150		142		132		126		124		122		120		132		120		117		114		153		151		149		117		114		112		151		149		147		153		148		110		149		147		145		108		147		145		143		106		154		148		143		131		104		79		74		141		139		137		102		139		137		135		100		137		135		133		74		69		98		96		126		94		92		90		88		86		55		53		51		49		53		51		49		47		62		57		51		49		47		45		81		40		49		47		45		43		57		52		121		67		34		117		114		31		27		84		81		67		28		26		24		81		78		109		61		56		8		7		5		4		0
