120
0		2		2		4		4		6		47		45		4		6		8		39		52		32		23		6		8		10		49		6		8		10		12		8		10		12		51		49		32		8		10		12		10		12		53		10		12		38		12		55		12		49		57		59		74		61		76		66		61		81		52		71		83		93		75		77		79		81		83		85		75		73		71		69		67		65		63		61		59		57		55		53		51		49		51		53		55		77		79		81		83		85		87		93		79		81		83		85		87		89		66		81		83		85		87		89		91		59		74		83		85		87		89		91		93		85		87		89		91		93		95		73		83		81		83		102		109		136		136		150
2		0		2		2		2		4		47		45		4		4		6		37		52		32		23		4		6		8		49		6		6		8		10		6		8		10		51		49		32		8		8		10		8		10		53		10		10		38		10		55		12		49		57		59		74		61		76		64		61		81		52		71		81		91		73		75		77		79		81		83		75		73		71		69		67		65		63		61		59		57		55		53		51		49		49		51		53		75		77		79		81		83		85		91		77		79		81		83		85		87		64		79		81		83		85		87		89		59		72		81		83		85		87		89		91		83		85		87		89		91		93		71		81		79		81		100		107		136		136		150
2		2		0		2		2		4		45		43		2		4		6		37		50		30		21		4		6		8		47		4		6		8		10		6		8		10		49		47		30		6		8		10		8		10		51		8		10		36		10		53		10		47		55		57		72		59		74		64		59		79		50		69		81		91		73		75		77		79		81		83		73		71		69		67		65		63		61		59		57		55		53		51		49		47		49		51		53		75		77		79		81		83		85		91		77		79		81		83		85		87		64		79		81		83		85		87		89		57		72		81		83		85		87		89		91		83		85		87		89		91		93		71		81		79		81		100		107		134		134		148
4		2		2		0		2		2		47		45		4		2		4		35		52		32		23		4		4		6		49		6		4		6		8		6		6		8		51		49		32		8		6		8		8		8		53		10		8		38		10		55		12		49		57		59		74		61		76		62		61		81		52		71		79		89		71		73		75		77		79		81		75		73		71		69		67		65		63		61		59		57		55		53		51		49		47		49		51		73		75		77		79		81		83		89		75		77		79		81		83		85		62		77		79		81		83		85		87		59		70		79		81		83		85		87		89		81		83		85		87		89		91		69		79		77		79		98		105		136		136		150
4		2		2		2		0		2		45		43		2		2		4		35		50		30		21		2		4		6		47		4		4		6		8		4		6		8		49		47		30		6		6		8		6		8		51		8		8		36		8		53		10		47		55		57		72		59		74		62		59		79		50		69		79		89		71		73		75		77		79		81		73		71		69		67		65		63		61		59		57		55		53		51		49		47		47		49		51		73		75		77		79		81		83		89		75		77		79		81		83		85		62		77		79		81		83		85		87		57		70		79		81		83		85		87		89		81		83		85		87		89		91		69		79		77		79		98		105		134		134		148
6		4		4		2		2		0		47		45		4		2		2		33		52		32		23		4		2		4		49		6		4		4		6		6		4		6		51		49		32		8		6		6		8		6		53		10		8		38		10		55		12		49		57		59		74		61		76		60		61		81		52		71		77		87		69		71		73		75		77		79		75		73		71		69		67		65		63		61		59		57		55		53		51		49		47		47		49		71		73		75		77		79		81		87		73		75		77		79		81		83		60		75		77		79		81		83		85		59		68		77		79		81		83		85		87		79		81		83		85		87		89		67		77		75		77		96		103		136		136		150
47		47		45		47		45		47		0		2		43		45		47		78		5		17		26		45		47		49		2		45		47		49		51		47		49		51		4		6		23		47		49		51		49		51		6		49		51		23		51		8		51		16		10		16		27		34		29		105		44		34		55		44		122		132		114		116		118		120		122		124		62		64		66		68		70		72		74		76		78		80		82		84		86		88		90		92		94		116		118		120		122		124		126		132		118		120		122		124		126		128		105		120		122		124		126		128		130		88		113		122		124		126		128		130		132		124		126		128		130		132		134		112		122		120		122		141		148		89		89		103
45		45		43		45		43		45		2		0		41		43		45		76		7		15		24		43		45		47		4		43		45		47		49		45		47		49		6		4		21		45		47		49		47		49		8		47		49		21		49		10		49		14		12		14		29		32		31		103		42		36		53		42		120		130		112		114		116		118		120		122		60		62		64		66		68		70		72		74		76		78		80		82		84		86		88		90		92		114		116		118		120		122		124		130		116		118		120		122		124		126		103		118		120		122		124		126		128		86		111		120		122		124		126		128		130		122		124		126		128		130		132		110		120		118		120		139		146		91		91		105
4		4		2		4		2		4		43		41		0		2		4		35		48		28		19		2		4		6		45		2		4		6		8		4		6		8		47		45		28		4		6		8		6		8		49		6		8		34		8		51		8		45		53		55		70		57		72		62		57		77		48		67		79		89		71		73		75		77		79		81		71		69		67		65		63		61		59		57		55		53		51		49		47		45		47		49		51		73		75		77		79		81		83		89		75		77		79		81		83		85		62		77		79		81		83		85		87		55		70		79		81		83		85		87		89		81		83		85		87		89		91		69		79		77		79		98		105		132		132		146
6		4		4		2		2		2		45		43		2		0		2		33		50		30		21		2		2		4		47		4		2		4		6		4		4		6		49		47		30		6		4		6		6		6		51		8		6		36		8		53		10		47		55		57		72		59		74		60		59		79		50		69		77		87		69		71		73		75		77		79		73		71		69		67		65		63		61		59		57		55		53		51		49		47		45		47		49		71		73		75		77		79		81		87		73		75		77		79		81		83		60		75		77		79		81		83		85		57		68		77		79		81		83		85		87		79		81		83		85		87		89		67		77		75		77		96		103		134		134		148
8		6		6		4		4		2		47		45		4		2		0		31		52		32		23		4		2		2		49		6		4		2		4		6		4		4		51		49		32		8		6		4		8		6		53		10		8		38		10		55		12		49		57		59		74		61		76		58		61		81		52		71		75		85		67		69		71		73		75		77		75		73		71		69		67		65		63		61		59		57		55		53		51		49		47		45		47		69		71		73		75		77		79		85		71		73		75		77		79		81		58		73		75		77		79		81		83		59		66		75		77		79		81		83		85		77		79		81		83		85		87		65		75		73		75		94		101		136		136		150
39		37		37		35		35		33		78		76		35		33		31		0		83		63		54		35		33		31		80		37		35		33		31		37		35		33		82		80		63		39		37		35		39		37		84		41		39		69		41		86		43		80		88		90		105		92		107		27		92		112		83		102		44		54		50		48		46		44		44		46		106		104		102		100		98		96		94		92		90		88		86		84		82		80		78		76		74		52		50		48		46		46		48		54		54		52		50		48		48		50		71		56		54		52		50		50		52		90		65		58		56		54		52		52		54		60		58		56		54		54		56		74		74		86		84		67		74		167		167		181
52		52		50		52		50		52		5		7		48		50		52		83		0		20		29		48		50		52		5		48		50		52		54		50		52		54		7		9		26		50		52		54		52		54		9		52		54		26		54		11		54		19		13		19		24		37		26		108		47		29		58		47		125		135		117		119		121		123		125		127		65		67		69		71		73		75		77		79		81		83		85		87		89		91		93		95		97		119		121		123		125		127		129		135		121		123		125		127		129		131		108		123		125		127		129		131		133		91		116		125		127		129		131		133		135		127		129		131		133		135		137		115		125		123		125		144		151		84		84		98
32		32		30		32		30		32		17		15		28		30		32		63		20		0		9		28		30		32		17		28		30		32		34		30		32		34		19		17		6		30		32		34		32		34		21		32		34		6		34		23		34		17		25		27		42		29		44		88		29		49		38		39		105		115		97		99		101		103		105		107		45		47		49		51		53		55		57		59		61		63		65		67		69		71		73		75		77		99		101		103		105		107		109		115		101		103		105		107		109		111		88		103		105		107		109		111		113		71		96		105		107		109		111		113		115		107		109		111		113		115		117		95		105		103		105		124		131		104		104		118
23		23		21		23		21		23		26		24		19		21		23		54		29		9		0		19		21		23		26		19		21		23		25		21		23		25		28		26		9		21		23		25		23		25		30		23		25		15		25		32		25		26		34		36		51		38		53		79		38		58		29		48		96		106		88		90		92		94		96		98		52		50		48		46		44		46		48		50		52		54		56		58		60		62		64		66		68		90		92		94		96		98		100		106		92		94		96		98		100		102		79		94		96		98		100		102		104		62		87		96		98		100		102		104		106		98		100		102		104		106		108		86		96		94		96		115		122		113		113		127
6		4		4		4		2		4		45		43		2		2		4		35		48		28		19		0		2		4		45		2		2		4		6		2		4		6		47		45		28		4		4		6		4		6		49		6		6		34		6		51		8		45		53		55		70		57		72		60		57		77		48		67		77		87		69		71		73		75		77		79		71		69		67		65		63		61		59		57		55		53		51		49		47		45		45		47		49		71		73		75		77		79		81		87		73		75		77		79		81		83		60		75		77		79		81		83		85		55		68		77		79		81		83		85		87		79		81		83		85		87		89		67		77		75		77		96		103		132		132		146
8		6		6		4		4		2		47		45		4		2		2		33		50		30		21		2		0		2		47		4		2		2		4		4		2		4		49		47		30		6		4		4		6		4		51		8		6		36		8		53		10		47		55		57		72		59		74		58		59		79		50		69		75		85		67		69		71		73		75		77		73		71		69		67		65		63		61		59		57		55		53		51		49		47		45		45		47		69		71		73		75		77		79		85		71		73		75		77		79		81		58		73		75		77		79		81		83		57		66		75		77		79		81		83		85		77		79		81		83		85		87		65		75		73		75		94		101		134		134		148
10		8		8		6		6		4		49		47		6		4		2		31		52		32		23		4		2		0		49		6		4		2		2		6		4		2		51		49		32		8		6		4		8		6		53		10		8		38		10		55		12		49		57		59		74		61		76		56		61		81		52		71		73		83		65		67		69		71		73		75		75		73		71		69		67		65		63		61		59		57		55		53		51		49		47		45		45		67		69		71		73		75		77		83		69		71		73		75		77		79		56		71		73		75		77		79		81		59		64		73		75		77		79		81		83		75		77		79		81		83		85		63		73		71		73		92		99		136		136		150
49		49		47		49		47		49		2		4		45		47		49		80		5		17		26		45		47		49		0		43		45		47		49		45		47		49		2		4		21		45		47		49		47		49		4		47		49		21		49		6		49		14		8		14		25		32		27		103		42		32		53		42		120		130		112		114		116		118		120		122		60		62		64		66		68		70		72		74		76		78		80		82		84		86		88		90		92		114		116		118		120		122		124		130		116		118		120		122		124		126		103		118		120		122		124		126		128		86		111		120		122		124		126		128		130		122		124		126		128		130		132		110		120		118		120		139		146		87		87		101
6		6		4		6		4		6		45		43		2		4		6		37		48		28		19		2		4		6		43		0		2		4		6		2		4		6		45		43		26		2		4		6		4		6		47		4		6		32		6		49		6		43		51		53		68		55		70		60		55		75		46		65		77		87		69		71		73		75		77		79		69		67		65		63		61		59		57		55		53		51		49		47		45		43		45		47		49		71		73		75		77		79		81		87		73		75		77		79		81		83		60		75		77		79		81		83		85		53		68		77		79		81		83		85		87		79		81		83		85		87		89		67		77		75		77		96		103		130		130		144
8		6		6		4		4		4		47		45		4		2		4		35		50		30		21		2		2		4		45		2		0		2		4		2		2		4		47		45		28		4		2		4		4		4		49		6		4		34		6		51		8		45		53		55		70		57		72		58		57		77		48		67		75		85		67		69		71		73		75		77		71		69		67		65		63		61		59		57		55		53		51		49		47		45		43		45		47		69		71		73		75		77		79		85		71		73		75		77		79		81		58		73		75		77		79		81		83		55		66		75		77		79		81		83		85		77		79		81		83		85		87		65		75		73		75		94		101		132		132		146
10		8		8		6		6		4		49		47		6		4		2		33		52		32		23		4		2		2		47		4		2		0		2		4		2		2		49		47		30		6		4		2		6		4		51		8		6		36		8		53		10		47		55		57		72		59		74		56		59		79		50		69		73		83		65		67		69		71		73		75		73		71		69		67		65		63		61		59		57		55		53		51		49		47		45		43		45		67		69		71		73		75		77		83		69		71		73		75		77		79		56		71		73		75		77		79		81		57		64		73		75		77		79		81		83		75		77		79		81		83		85		63		73		71		73		92		99		134		134		148
12		10		10		8		8		6		51		49		8		6		4		31		54		34		25		6		4		2		49		6		4		2		0		6		4		2		51		49		32		8		6		4		8		6		53		10		8		38		10		55		12		49		57		59		74		61		76		54		61		81		52		71		71		81		63		65		67		69		71		73		75		73		71		69		67		65		63		61		59		57		55		53		51		49		47		45		43		65		67		69		71		73		75		81		67		69		71		73		75		77		54		69		71		73		75		77		79		59		62		71		73		75		77		79		81		73		75		77		79		81		83		61		71		69		71		90		97		136		136		150
8		6		6		6		4		6		47		45		4		4		6		37		50		30		21		2		4		6		45		2		2		4		6		0		2		4		45		43		26		2		2		4		2		4		47		4		4		32		4		49		6		43		51		53		68		55		70		58		55		75		46		65		75		85		67		69		71		73		75		77		69		67		65		63		61		59		57		55		53		51		49		47		45		43		43		45		47		69		71		73		75		77		79		85		71		73		75		77		79		81		58		73		75		77		79		81		83		53		66		75		77		79		81		83		85		77		79		81		83		85		87		65		75		73		75		94		101		130		130		144
10		8		8		6		6		4		49		47		6		4		4		35		52		32		23		4		2		4		47		4		2		2		4		2		0		2		47		45		28		4		2		2		4		2		49		6		4		34		6		51		8		45		53		55		70		57		72		56		57		77		48		67		73		83		65		67		69		71		73		75		71		69		67		65		63		61		59		57		55		53		51		49		47		45		43		43		45		67		69		71		73		75		77		83		69		71		73		75		77		79		56		71		73		75		77		79		81		55		64		73		75		77		79		81		83		75		77		79		81		83		85		63		73		71		73		92		99		132		132		146
12		10		10		8		8		6		51		49		8		6		4		33		54		34		25		6		4		2		49		6		4		2		2		4		2		0		49		47		30		6		4		2		6		4		51		8		6		36		8		53		10		47		55		57		72		59		74		54		59		79		50		69		71		81		63		65		67		69		71		73		73		71		69		67		65		63		61		59		57		55		53		51		49		47		45		43		43		65		67		69		71		73		75		81		67		69		71		73		75		77		54		69		71		73		75		77		79		57		62		71		73		75		77		79		81		73		75		77		79		81		83		61		71		69		71		90		97		134		134		148
51		51		49		51		49		51		4		6		47		49		51		82		7		19		28		47		49		51		2		45		47		49		51		45		47		49		0		2		19		43		45		47		45		47		2		45		47		19		47		4		47		12		6		12		23		30		25		101		40		30		51		40		118		128		110		112		114		116		118		120		58		60		62		64		66		68		70		72		74		76		78		80		82		84		86		88		90		112		114		116		118		120		122		128		114		116		118		120		122		124		101		116		118		120		122		124		126		84		109		118		120		122		124		126		128		120		122		124		126		128		130		108		118		116		118		137		144		85		85		99
49		49		47		49		47		49		6		4		45		47		49		80		9		17		26		45		47		49		4		43		45		47		49		43		45		47		2		0		17		41		43		45		43		45		4		43		45		17		45		6		45		10		8		10		25		28		27		99		38		32		49		38		116		126		108		110		112		114		116		118		56		58		60		62		64		66		68		70		72		74		76		78		80		82		84		86		88		110		112		114		116		118		120		126		112		114		116		118		120		122		99		114		116		118		120		122		124		82		107		116		118		120		122		124		126		118		120		122		124		126		128		106		116		114		116		135		142		87		87		101
32		32		30		32		30		32		23		21		28		30		32		63		26		6		9		28		30		32		21		26		28		30		32		26		28		30		19		17		0		24		26		28		26		28		21		26		28		6		28		23		28		17		25		27		42		29		44		82		29		49		32		39		99		109		91		93		95		97		99		101		43		41		43		45		47		49		51		53		55		57		59		61		63		65		67		69		71		93		95		97		99		101		103		109		95		97		99		101		103		105		82		97		99		101		103		105		107		65		90		99		101		103		105		107		109		101		103		105		107		109		111		89		99		97		99		118		125		104		104		118
8		8		6		8		6		8		47		45		4		6		8		39		50		30		21		4		6		8		45		2		4		6		8		2		4		6		43		41		24		0		2		4		2		4		45		2		4		30		4		47		4		41		49		51		66		53		68		58		53		73		44		63		75		85		67		69		71		73		75		77		67		65		63		61		59		57		55		53		51		49		47		45		43		41		43		45		47		69		71		73		75		77		79		85		71		73		75		77		79		81		58		73		75		77		79		81		83		51		66		75		77		79		81		83		85		77		79		81		83		85		87		65		75		73		75		94		101		128		128		142
10		8		8		6		6		6		49		47		6		4		6		37		52		32		23		4		4		6		47		4		2		4		6		2		2		4		45		43		26		2		0		2		2		2		47		4		2		32		4		49		6		43		51		53		68		55		70		56		55		75		46		65		73		83		65		67		69		71		73		75		69		67		65		63		61		59		57		55		53		51		49		47		45		43		41		43		45		67		69		71		73		75		77		83		69		71		73		75		77		79		56		71		73		75		77		79		81		53		64		73		75		77		79		81		83		75		77		79		81		83		85		63		73		71		73		92		99		130		130		144
12		10		10		8		8		6		51		49		8		6		4		35		54		34		25		6		4		4		49		6		4		2		4		4		2		2		47		45		28		4		2		0		4		2		49		6		4		34		6		51		8		45		53		55		70		57		72		54		57		77		48		67		71		81		63		65		67		69		71		73		71		69		67		65		63		61		59		57		55		53		51		49		47		45		43		41		43		65		67		69		71		73		75		81		67		69		71		73		75		77		54		69		71		73		75		77		79		55		62		71		73		75		77		79		81		73		75		77		79		81		83		61		71		69		71		90		97		132		132		146
10		8		8		8		6		8		49		47		6		6		8		39		52		32		23		4		6		8		47		4		4		6		8		2		4		6		45		43		26		2		2		4		0		2		45		2		2		30		2		47		4		41		49		51		66		53		68		56		53		73		44		63		73		83		65		67		69		71		73		75		67		65		63		61		59		57		55		53		51		49		47		45		43		41		41		43		45		67		69		71		73		75		77		83		69		71		73		75		77		79		56		71		73		75		77		79		81		51		64		73		75		77		79		81		83		75		77		79		81		83		85		63		73		71		73		92		99		128		128		142
12		10		10		8		8		6		51		49		8		6		6		37		54		34		25		6		4		6		49		6		4		4		6		4		2		4		47		45		28		4		2		2		2		0		47		4		2		32		4		49		6		43		51		53		68		55		70		54		55		75		46		65		71		81		63		65		67		69		71		73		69		67		65		63		61		59		57		55		53		51		49		47		45		43		41		41		43		65		67		69		71		73		75		81		67		69		71		73		75		77		54		69		71		73		75		77		79		53		62		71		73		75		77		79		81		73		75		77		79		81		83		61		71		69		71		90		97		130		130		144
53		53		51		53		51		53		6		8		49		51		53		84		9		21		30		49		51		53		4		47		49		51		53		47		49		51		2		4		21		45		47		49		45		47		0		43		45		17		45		2		45		10		4		10		21		28		23		99		38		28		49		38		116		126		108		110		112		114		116		118		56		58		60		62		64		66		68		70		72		74		76		78		80		82		84		86		88		110		112		114		116		118		120		126		112		114		116		118		120		122		99		114		116		118		120		122		124		82		107		116		118		120		122		124		126		118		120		122		124		126		128		106		116		114		116		135		142		83		83		97
10		10		8		10		8		10		49		47		6		8		10		41		52		32		23		6		8		10		47		4		6		8		10		4		6		8		45		43		26		2		4		6		2		4		43		0		2		28		2		45		2		39		47		49		64		51		66		56		51		71		42		61		73		83		65		67		69		71		73		75		65		63		61		59		57		55		53		51		49		47		45		43		41		39		41		43		45		67		69		71		73		75		77		83		69		71		73		75		77		79		56		71		73		75		77		79		81		49		64		73		75		77		79		81		83		75		77		79		81		83		85		63		73		71		73		92		99		126		126		140
12		10		10		8		8		8		51		49		8		6		8		39		54		34		25		6		6		8		49		6		4		6		8		4		4		6		47		45		28		4		2		4		2		2		45		2		0		30		2		47		4		41		49		51		66		53		68		54		53		73		44		63		71		81		63		65		67		69		71		73		67		65		63		61		59		57		55		53		51		49		47		45		43		41		39		41		43		65		67		69		71		73		75		81		67		69		71		73		75		77		54		69		71		73		75		77		79		51		62		71		73		75		77		79		81		73		75		77		79		81		83		61		71		69		71		90		97		128		128		142
38		38		36		38		36		38		23		21		34		36		38		69		26		6		15		34		36		38		21		32		34		36		38		32		34		36		19		17		6		30		32		34		30		32		17		28		30		0		28		17		28		11		19		21		36		23		38		82		23		43		32		33		99		109		91		93		95		97		99		101		39		41		43		45		47		49		51		53		55		57		59		61		63		65		67		69		71		93		95		97		99		101		103		109		95		97		99		101		103		105		82		97		99		101		103		105		107		65		90		99		101		103		105		107		109		101		103		105		107		109		111		89		99		97		99		118		125		98		98		112
12		10		10		10		8		10		51		49		8		8		10		41		54		34		25		6		8		10		49		6		6		8		10		4		6		8		47		45		28		4		4		6		2		4		45		2		2		28		0		45		2		39		47		49		64		51		66		54		51		71		42		61		71		81		63		65		67		69		71		73		65		63		61		59		57		55		53		51		49		47		45		43		41		39		39		41		43		65		67		69		71		73		75		81		67		69		71		73		75		77		54		69		71		73		75		77		79		49		62		71		73		75		77		79		81		73		75		77		79		81		83		61		71		69		71		90		97		126		126		140
55		55		53		55		53		55		8		10		51		53		55		86		11		23		32		51		53		55		6		49		51		53		55		49		51		53		4		6		23		47		49		51		47		49		2		45		47		17		45		0		43		8		2		8		19		26		21		97		36		26		47		36		114		124		106		108		110		112		114		116		54		56		58		60		62		64		66		68		70		72		74		76		78		80		82		84		86		108		110		112		114		116		118		124		110		112		114		116		118		120		97		112		114		116		118		120		122		80		105		114		116		118		120		122		124		116		118		120		122		124		126		104		114		112		114		133		140		81		81		95
12		12		10		12		10		12		51		49		8		10		12		43		54		34		25		8		10		12		49		6		8		10		12		6		8		10		47		45		28		4		6		8		4		6		45		2		4		28		2		43		0		37		45		47		62		49		64		54		49		69		40		59		71		81		63		65		67		69		71		73		63		61		59		57		55		53		51		49		47		45		43		41		39		37		39		41		43		65		67		69		71		73		75		81		67		69		71		73		75		77		54		69		71		73		75		77		79		47		62		71		73		75		77		79		81		73		75		77		79		81		83		61		71		69		71		90		97		124		124		138
49		49		47		49		47		49		16		14		45		47		49		80		19		17		26		45		47		49		14		43		45		47		49		43		45		47		12		10		17		41		43		45		41		43		10		39		41		11		39		8		37		0		8		10		25		18		27		89		28		32		39		28		106		116		98		100		102		104		106		108		46		48		50		52		54		56		58		60		62		64		66		68		70		72		74		76		78		100		102		104		106		108		110		116		102		104		106		108		110		112		89		104		106		108		110		112		114		72		97		106		108		110		112		114		116		108		110		112		114		116		118		96		106		104		106		125		132		87		87		101
57		57		55		57		55		57		10		12		53		55		57		88		13		25		34		53		55		57		8		51		53		55		57		51		53		55		6		8		25		49		51		53		49		51		4		47		49		19		47		2		45		8		0		6		17		24		19		95		34		24		45		34		112		122		104		106		108		110		112		114		52		54		56		58		60		62		64		66		68		70		72		74		76		78		80		82		84		106		108		110		112		114		116		122		108		110		112		114		116		118		95		110		112		114		116		118		120		78		103		112		114		116		118		120		122		114		116		118		120		122		124		102		112		110		112		131		138		79		79		93
59		59		57		59		57		59		16		14		55		57		59		90		19		27		36		55		57		59		14		53		55		57		59		53		55		57		12		10		27		51		53		55		51		53		10		49		51		21		49		8		47		10		6		0		15		18		17		89		28		22		39		28		106		116		98		100		102		104		106		108		46		48		50		52		54		56		58		60		62		64		66		68		70		72		74		76		78		100		102		104		106		108		110		116		102		104		106		108		110		112		89		104		106		108		110		112		114		72		97		106		108		110		112		114		116		108		110		112		114		116		118		96		106		104		106		125		132		77		77		91
74		74		72		74		72		74		27		29		70		72		74		105		24		42		51		70		72		74		25		68		70		72		74		68		70		72		23		25		42		66		68		70		66		68		21		64		66		36		64		19		62		25		17		15		0		13		2		84		23		7		34		23		101		111		93		95		97		99		101		103		41		43		45		47		49		51		53		55		57		59		61		63		65		67		69		71		73		95		97		99		101		103		105		111		97		99		101		103		105		107		84		99		101		103		105		107		109		67		92		101		103		105		107		109		111		103		105		107		109		111		113		91		101		99		101		120		127		62		62		76
61		61		59		61		59		61		34		32		57		59		61		92		37		29		38		57		59		61		32		55		57		59		61		55		57		59		30		28		29		53		55		57		53		55		28		51		53		23		51		26		49		18		24		18		13		0		15		71		10		20		21		10		88		98		80		82		84		86		88		90		28		30		32		34		36		38		40		42		44		46		48		50		52		54		56		58		60		82		84		86		88		90		92		98		84		86		88		90		92		94		71		86		88		90		92		94		96		54		79		88		90		92		94		96		98		90		92		94		96		98		100		78		88		86		88		107		114		75		75		89
76		76		74		76		74		76		29		31		72		74		76		107		26		44		53		72		74		76		27		70		72		74		76		70		72		74		25		27		44		68		70		72		68		70		23		66		68		38		66		21		64		27		19		17		2		15		0		82		21		5		32		21		99		109		91		93		95		97		99		101		39		41		43		45		47		49		51		53		55		57		59		61		63		65		67		69		71		93		95		97		99		101		103		109		95		97		99		101		103		105		82		97		99		101		103		105		107		65		90		99		101		103		105		107		109		101		103		105		107		109		111		89		99		97		99		118		125		60		60		74
66		64		64		62		62		60		105		103		62		60		58		27		108		88		79		60		58		56		103		60		58		56		54		58		56		54		101		99		82		58		56		54		56		54		99		56		54		82		54		97		54		89		95		89		84		71		82		0		65		85		56		75		17		27		23		21		19		17		17		19		79		77		75		73		71		69		67		65		63		61		59		57		55		53		51		49		47		25		23		21		19		19		21		27		27		25		23		21		21		23		44		29		27		25		23		23		25		63		38		31		29		27		25		25		27		33		31		29		27		27		29		47		47		59		57		40		47		140		140		154
61		61		59		61		59		61		44		42		57		59		61		92		47		29		38		57		59		61		42		55		57		59		61		55		57		59		40		38		29		53		55		57		53		55		38		51		53		23		51		36		49		28		34		28		23		10		21		65		0		20		11		10		78		88		70		72		74		76		78		80		18		20		22		24		26		28		30		32		34		36		38		40		42		44		46		48		50		72		74		76		78		80		82		88		74		76		78		80		82		84		61		76		78		80		82		84		86		44		69		78		80		82		84		86		88		80		82		84		86		88		90		68		78		76		78		97		104		75		75		89
81		81		79		81		79		81		34		36		77		79		81		112		29		49		58		77		79		81		32		75		77		79		81		75		77		79		30		32		49		73		75		77		73		75		28		71		73		43		71		26		69		32		24		22		7		20		5		85		20		0		29		18		96		106		88		90		92		94		96		98		36		38		40		42		44		46		48		50		52		54		56		58		60		62		64		66		68		90		92		94		96		98		100		106		92		94		96		98		100		102		79		94		96		98		100		102		104		62		87		96		98		100		102		104		106		98		100		102		104		106		108		86		96		94		96		115		122		55		55		69
52		52		50		52		50		52		55		53		48		50		52		83		58		38		29		48		50		52		53		46		48		50		52		46		48		50		51		49		32		44		46		48		44		46		49		42		44		32		42		47		40		39		45		39		34		21		32		56		11		29		0		19		67		77		59		61		63		65		67		69		23		21		19		17		15		17		19		21		23		25		27		29		31		33		35		37		39		61		63		65		67		69		71		77		63		65		67		69		71		73		50		65		67		69		71		73		75		33		58		67		69		71		73		75		77		69		71		73		75		77		79		57		67		65		67		86		93		84		84		98
71		71		69		71		69		71		44		42		67		69		71		102		47		39		48		67		69		71		42		65		67		69		71		65		67		69		40		38		39		63		65		67		63		65		38		61		63		33		61		36		59		28		34		28		23		10		21		75		10		18		19		0		78		88		70		72		74		76		78		80		18		20		22		24		26		28		30		32		34		36		38		40		42		44		46		48		50		72		74		76		78		80		82		88		74		76		78		80		82		84		61		76		78		80		82		84		86		44		69		78		80		82		84		86		88		80		82		84		86		88		90		68		78		76		78		97		104		65		65		79
83		81		81		79		79		77		122		120		79		77		75		44		125		105		96		77		75		73		120		77		75		73		71		75		73		71		118		116		99		75		73		71		73		71		116		73		71		99		71		114		71		106		112		106		101		88		99		17		78		96		67		78		0		10		24		22		20		18		16		14		80		78		76		74		72		70		68		66		64		62		60		58		56		54		52		50		48		26		24		22		20		18		16		10		28		26		24		22		20		18		45		30		28		26		24		22		20		64		39		32		30		28		26		24		22		34		32		30		28		26		24		48		48		60		58		41		48		141		141		155
93		91		91		89		89		87		132		130		89		87		85		54		135		115		106		87		85		83		130		87		85		83		81		85		83		81		128		126		109		85		83		81		83		81		126		83		81		109		81		124		81		116		122		116		111		98		109		27		88		106		77		88		10		0		24		22		20		18		16		14		80		78		76		74		72		70		68		66		64		62		60		58		56		54		52		50		48		26		24		22		20		18		16		10		28		26		24		22		20		18		45		30		28		26		24		22		20		64		39		32		30		28		26		24		22		34		32		30		28		26		24		48		48		60		58		41		48		141		141		155
75		73		73		71		71		69		114		112		71		69		67		50		117		97		88		69		67		65		112		69		67		65		63		67		65		63		110		108		91		67		65		63		65		63		108		65		63		91		63		106		63		98		104		98		93		80		91		23		70		88		59		70		24		24		0		2		4		6		8		10		56		54		52		50		48		46		44		42		40		38		36		34		32		30		28		26		24		2		4		6		8		10		12		18		4		6		8		10		12		14		21		6		8		10		12		14		16		40		15		8		10		12		14		16		18		10		12		14		16		18		20		24		24		36		34		27		34		117		117		131
77		75		75		73		73		71		116		114		73		71		69		48		119		99		90		71		69		67		114		71		69		67		65		69		67		65		112		110		93		69		67		65		67		65		110		67		65		93		65		108		65		100		106		100		95		82		93		21		72		90		61		72		22		22		2		0		2		4		6		8		58		56		54		52		50		48		46		44		42		40		38		36		34		32		30		28		26		4		2		4		6		8		10		16		6		4		6		8		10		12		23		8		6		8		10		12		14		42		17		10		8		10		12		14		16		12		10		12		14		16		18		26		26		38		36		25		32		119		119		133
79		77		77		75		75		73		118		116		75		73		71		46		121		101		92		73		71		69		116		73		71		69		67		71		69		67		114		112		95		71		69		67		69		67		112		69		67		95		67		110		67		102		108		102		97		84		95		19		74		92		63		74		20		20		4		2		0		2		4		6		60		58		56		54		52		50		48		46		44		42		40		38		36		34		32		30		28		6		4		2		4		6		8		14		8		6		4		6		8		10		25		10		8		6		8		10		12		44		19		12		10		8		10		12		14		14		12		10		12		14		16		28		28		40		38		23		30		121		121		135
81		79		79		77		77		75		120		118		77		75		73		44		123		103		94		75		73		71		118		75		73		71		69		73		71		69		116		114		97		73		71		69		71		69		114		71		69		97		69		112		69		104		110		104		99		86		97		17		76		94		65		76		18		18		6		4		2		0		2		4		62		60		58		56		54		52		50		48		46		44		42		40		38		36		34		32		30		8		6		4		2		4		6		12		10		8		6		4		6		8		27		12		10		8		6		8		10		46		21		14		12		10		8		10		12		16		14		12		10		12		14		30		30		42		40		23		30		123		123		137
83		81		81		79		79		77		122		120		79		77		75		44		125		105		96		77		75		73		120		77		75		73		71		75		73		71		118		116		99		75		73		71		73		71		116		73		71		99		71		114		71		106		112		106		101		88		99		17		78		96		67		78		16		16		8		6		4		2		0		2		64		62		60		58		56		54		52		50		48		46		44		42		40		38		36		34		32		10		8		6		4		2		4		10		12		10		8		6		4		6		29		14		12		10		8		6		8		48		23		16		14		12		10		8		10		18		16		14		12		10		12		32		32		44		42		25		32		125		125		139
85		83		83		81		81		79		124		122		81		79		77		46		127		107		98		79		77		75		122		79		77		75		73		77		75		73		120		118		101		77		75		73		75		73		118		75		73		101		73		116		73		108		114		108		103		90		101		19		80		98		69		80		14		14		10		8		6		4		2		0		66		64		62		60		58		56		54		52		50		48		46		44		42		40		38		36		34		12		10		8		6		4		2		8		14		12		10		8		6		4		31		16		14		12		10		8		6		50		25		18		16		14		12		10		8		20		18		16		14		12		10		34		34		46		44		27		34		127		127		141
75		75		73		75		73		75		62		60		71		73		75		106		65		45		52		71		73		75		60		69		71		73		75		69		71		73		58		56		43		67		69		71		67		69		56		65		67		39		65		54		63		46		52		46		41		28		39		79		18		36		23		18		80		80		56		58		60		62		64		66		0		2		4		6		8		10		12		14		16		18		20		22		24		26		28		30		32		54		56		58		60		62		64		70		56		58		60		62		64		66		43		58		60		62		64		66		68		26		51		60		62		64		66		68		70		62		64		66		68		70		72		50		60		58		60		79		86		61		61		75
73		73		71		73		71		73		64		62		69		71		73		104		67		47		50		69		71		73		62		67		69		71		73		67		69		71		60		58		41		65		67		69		65		67		58		63		65		41		63		56		61		48		54		48		43		30		41		77		20		38		21		20		78		78		54		56		58		60		62		64		2		0		2		4		6		8		10		12		14		16		18		20		22		24		26		28		30		52		54		56		58		60		62		68		54		56		58		60		62		64		41		56		58		60		62		64		66		24		49		58		60		62		64		66		68		60		62		64		66		68		70		48		58		56		58		77		84		63		63		77
71		71		69		71		69		71		66		64		67		69		71		102		69		49		48		67		69		71		64		65		67		69		71		65		67		69		62		60		43		63		65		67		63		65		60		61		63		43		61		58		59		50		56		50		45		32		43		75		22		40		19		22		76		76		52		54		56		58		60		62		4		2		0		2		4		6		8		10		12		14		16		18		20		22		24		26		28		50		52		54		56		58		60		66		52		54		56		58		60		62		39		54		56		58		60		62		64		22		47		56		58		60		62		64		66		58		60		62		64		66		68		46		56		54		56		75		82		65		65		79
69		69		67		69		67		69		68		66		65		67		69		100		71		51		46		65		67		69		66		63		65		67		69		63		65		67		64		62		45		61		63		65		61		63		62		59		61		45		59		60		57		52		58		52		47		34		45		73		24		42		17		24		74		74		50		52		54		56		58		60		6		4		2		0		2		4		6		8		10		12		14		16		18		20		22		24		26		48		50		52		54		56		58		64		50		52		54		56		58		60		37		52		54		56		58		60		62		20		45		54		56		58		60		62		64		56		58		60		62		64		66		44		54		52		54		73		80		67		67		81
67		67		65		67		65		67		70		68		63		65		67		98		73		53		44		63		65		67		68		61		63		65		67		61		63		65		66		64		47		59		61		63		59		61		64		57		59		47		57		62		55		54		60		54		49		36		47		71		26		44		15		26		72		72		48		50		52		54		56		58		8		6		4		2		0		2		4		6		8		10		12		14		16		18		20		22		24		46		48		50		52		54		56		62		48		50		52		54		56		58		35		50		52		54		56		58		60		18		43		52		54		56		58		60		62		54		56		58		60		62		64		42		52		50		52		71		78		69		69		83
65		65		63		65		63		65		72		70		61		63		65		96		75		55		46		61		63		65		70		59		61		63		65		59		61		63		68		66		49		57		59		61		57		59		66		55		57		49		55		64		53		56		62		56		51		38		49		69		28		46		17		28		70		70		46		48		50		52		54		56		10		8		6		4		2		0		2		4		6		8		10		12		14		16		18		20		22		44		46		48		50		52		54		60		46		48		50		52		54		56		33		48		50		52		54		56		58		16		41		50		52		54		56		58		60		52		54		56		58		60		62		40		50		48		50		69		76		71		71		85
63		63		61		63		61		63		74		72		59		61		63		94		77		57		48		59		61		63		72		57		59		61		63		57		59		61		70		68		51		55		57		59		55		57		68		53		55		51		53		66		51		58		64		58		53		40		51		67		30		48		19		30		68		68		44		46		48		50		52		54		12		10		8		6		4		2		0		2		4		6		8		10		12		14		16		18		20		42		44		46		48		50		52		58		44		46		48		50		52		54		31		46		48		50		52		54		56		14		39		48		50		52		54		56		58		50		52		54		56		58		60		38		48		46		48		67		74		73		73		87
61		61		59		61		59		61		76		74		57		59		61		92		79		59		50		57		59		61		74		55		57		59		61		55		57		59		72		70		53		53		55		57		53		55		70		51		53		53		51		68		49		60		66		60		55		42		53		65		32		50		21		32		66		66		42		44		46		48		50		52		14		12		10		8		6		4		2		0		2		4		6		8		10		12		14		16		18		40		42		44		46		48		50		56		42		44		46		48		50		52		29		44		46		48		50		52		54		12		37		46		48		50		52		54		56		48		50		52		54		56		58		36		46		44		46		65		72		75		75		89
59		59		57		59		57		59		78		76		55		57		59		90		81		61		52		55		57		59		76		53		55		57		59		53		55		57		74		72		55		51		53		55		51		53		72		49		51		55		49		70		47		62		68		62		57		44		55		63		34		52		23		34		64		64		40		42		44		46		48		50		16		14		12		10		8		6		4		2		0		2		4		6		8		10		12		14		16		38		40		42		44		46		48		54		40		42		44		46		48		50		27		42		44		46		48		50		52		10		35		44		46		48		50		52		54		46		48		50		52		54		56		34		44		42		44		63		70		77		77		91
57		57		55		57		55		57		80		78		53		55		57		88		83		63		54		53		55		57		78		51		53		55		57		51		53		55		76		74		57		49		51		53		49		51		74		47		49		57		47		72		45		64		70		64		59		46		57		61		36		54		25		36		62		62		38		40		42		44		46		48		18		16		14		12		10		8		6		4		2		0		2		4		6		8		10		12		14		36		38		40		42		44		46		52		38		40		42		44		46		48		25		40		42		44		46		48		50		8		33		42		44		46		48		50		52		44		46		48		50		52		54		32		42		40		42		61		68		79		79		93
55		55		53		55		53		55		82		80		51		53		55		86		85		65		56		51		53		55		80		49		51		53		55		49		51		53		78		76		59		47		49		51		47		49		76		45		47		59		45		74		43		66		72		66		61		48		59		59		38		56		27		38		60		60		36		38		40		42		44		46		20		18		16		14		12		10		8		6		4		2		0		2		4		6		8		10		12		34		36		38		40		42		44		50		36		38		40		42		44		46		23		38		40		42		44		46		48		6		31		40		42		44		46		48		50		42		44		46		48		50		52		30		40		38		40		59		66		81		81		95
53		53		51		53		51		53		84		82		49		51		53		84		87		67		58		49		51		53		82		47		49		51		53		47		49		51		80		78		61		45		47		49		45		47		78		43		45		61		43		76		41		68		74		68		63		50		61		57		40		58		29		40		58		58		34		36		38		40		42		44		22		20		18		16		14		12		10		8		6		4		2		0		2		4		6		8		10		32		34		36		38		40		42		48		34		36		38		40		42		44		21		36		38		40		42		44		46		6		29		38		40		42		44		46		48		40		42		44		46		48		50		28		38		36		38		57		64		83		83		97
51		51		49		51		49		51		86		84		47		49		51		82		89		69		60		47		49		51		84		45		47		49		51		45		47		49		82		80		63		43		45		47		43		45		80		41		43		63		41		78		39		70		76		70		65		52		63		55		42		60		31		42		56		56		32		34		36		38		40		42		24		22		20		18		16		14		12		10		8		6		4		2		0		2		4		6		8		30		32		34		36		38		40		46		32		34		36		38		40		42		19		34		36		38		40		42		44		8		27		36		38		40		42		44		46		38		40		42		44		46		48		26		36		34		36		55		62		85		85		99
49		49		47		49		47		49		88		86		45		47		49		80		91		71		62		45		47		49		86		43		45		47		49		43		45		47		84		82		65		41		43		45		41		43		82		39		41		65		39		80		37		72		78		72		67		54		65		53		44		62		33		44		54		54		30		32		34		36		38		40		26		24		22		20		18		16		14		12		10		8		6		4		2		0		2		4		6		28		30		32		34		36		38		44		30		32		34		36		38		40		17		32		34		36		38		40		42		10		25		34		36		38		40		42		44		36		38		40		42		44		46		24		34		32		34		53		60		87		87		101
51		49		49		47		47		47		90		88		47		45		47		78		93		73		64		45		45		47		88		45		43		45		47		43		43		45		86		84		67		43		41		43		41		41		84		41		39		67		39		82		39		74		80		74		69		56		67		51		46		64		35		46		52		52		28		30		32		34		36		38		28		26		24		22		20		18		16		14		12		10		8		6		4		2		0		2		4		26		28		30		32		34		36		42		28		30		32		34		36		38		15		30		32		34		36		38		40		12		23		32		34		36		38		40		42		34		36		38		40		42		44		22		32		30		32		51		58		89		89		103
53		51		51		49		49		47		92		90		49		47		45		76		95		75		66		47		45		45		90		47		45		43		45		45		43		43		88		86		69		45		43		41		43		41		86		43		41		69		41		84		41		76		82		76		71		58		69		49		48		66		37		48		50		50		26		28		30		32		34		36		30		28		26		24		22		20		18		16		14		12		10		8		6		4		2		0		2		24		26		28		30		32		34		40		26		28		30		32		34		36		13		28		30		32		34		36		38		14		21		30		32		34		36		38		40		32		34		36		38		40		42		20		30		28		30		49		56		91		91		105
55		53		53		51		51		49		94		92		51		49		47		74		97		77		68		49		47		45		92		49		47		45		43		47		45		43		90		88		71		47		45		43		45		43		88		45		43		71		43		86		43		78		84		78		73		60		71		47		50		68		39		50		48		48		24		26		28		30		32		34		32		30		28		26		24		22		20		18		16		14		12		10		8		6		4		2		0		22		24		26		28		30		32		38		24		26		28		30		32		34		11		26		28		30		32		34		36		16		19		28		30		32		34		36		38		30		32		34		36		38		40		18		28		26		28		47		54		93		93		107
77		75		75		73		73		71		116		114		73		71		69		52		119		99		90		71		69		67		114		71		69		67		65		69		67		65		112		110		93		69		67		65		67		65		110		67		65		93		65		108		65		100		106		100		95		82		93		25		72		90		61		72		26		26		2		4		6		8		10		12		54		52		50		48		46		44		42		40		38		36		34		32		30		28		26		24		22		0		2		4		6		8		10		16		2		4		6		8		10		12		19		4		6		8		10		12		14		38		13		6		8		10		12		14		16		8		10		12		14		16		18		22		22		34		32		25		32		115		115		129
79		77		77		75		75		73		118		116		75		73		71		50		121		101		92		73		71		69		116		73		71		69		67		71		69		67		114		112		95		71		69		67		69		67		112		69		67		95		67		110		67		102		108		102		97		84		95		23		74		92		63		74		24		24		4		2		4		6		8		10		56		54		52		50		48		46		44		42		40		38		36		34		32		30		28		26		24		2		0		2		4		6		8		14		4		2		4		6		8		10		21		6		4		6		8		10		12		40		15		8		6		8		10		12		14		10		8		10		12		14		16		24		24		36		34		23		30		117		117		131
81		79		79		77		77		75		120		118		77		75		73		48		123		103		94		75		73		71		118		75		73		71		69		73		71		69		116		114		97		73		71		69		71		69		114		71		69		97		69		112		69		104		110		104		99		86		97		21		76		94		65		76		22		22		6		4		2		4		6		8		58		56		54		52		50		48		46		44		42		40		38		36		34		32		30		28		26		4		2		0		2		4		6		12		6		4		2		4		6		8		23		8		6		4		6		8		10		42		17		10		8		6		8		10		12		12		10		8		10		12		14		26		26		38		36		21		28		119		119		133
83		81		81		79		79		77		122		120		79		77		75		46		125		105		96		77		75		73		120		77		75		73		71		75		73		71		118		116		99		75		73		71		73		71		116		73		71		99		71		114		71		106		112		106		101		88		99		19		78		96		67		78		20		20		8		6		4		2		4		6		60		58		56		54		52		50		48		46		44		42		40		38		36		34		32		30		28		6		4		2		0		2		4		10		8		6		4		2		4		6		25		10		8		6		4		6		8		44		19		12		10		8		6		8		10		14		12		10		8		10		12		28		28		40		38		21		28		121		121		135
85		83		83		81		81		79		124		122		81		79		77		46		127		107		98		79		77		75		122		79		77		75		73		77		75		73		120		118		101		77		75		73		75		73		118		75		73		101		73		116		73		108		114		108		103		90		101		19		80		98		69		80		18		18		10		8		6		4		2		4		62		60		58		56		54		52		50		48		46		44		42		40		38		36		34		32		30		8		6		4		2		0		2		8		10		8		6		4		2		4		27		12		10		8		6		4		6		46		21		14		12		10		8		6		8		16		14		12		10		8		10		30		30		42		40		23		30		123		123		137
87		85		85		83		83		81		126		124		83		81		79		48		129		109		100		81		79		77		124		81		79		77		75		79		77		75		122		120		103		79		77		75		77		75		120		77		75		103		75		118		75		110		116		110		105		92		103		21		82		100		71		82		16		16		12		10		8		6		4		2		64		62		60		58		56		54		52		50		48		46		44		42		40		38		36		34		32		10		8		6		4		2		0		6		12		10		8		6		4		2		29		14		12		10		8		6		4		48		23		16		14		12		10		8		6		18		16		14		12		10		8		32		32		44		42		25		32		125		125		139
93		91		91		89		89		87		132		130		89		87		85		54		135		115		106		87		85		83		130		87		85		83		81		85		83		81		128		126		109		85		83		81		83		81		126		83		81		109		81		124		81		116		122		116		111		98		109		27		88		106		77		88		10		10		18		16		14		12		10		8		70		68		66		64		62		60		58		56		54		52		50		48		46		44		42		40		38		16		14		12		10		8		6		0		18		16		14		12		10		8		35		20		18		16		14		12		10		54		29		22		20		18		16		14		12		24		22		20		18		16		14		38		38		50		48		31		38		131		131		145
79		77		77		75		75		73		118		116		75		73		71		54		121		101		92		73		71		69		116		73		71		69		67		71		69		67		114		112		95		71		69		67		69		67		112		69		67		95		67		110		67		102		108		102		97		84		95		27		74		92		63		74		28		28		4		6		8		10		12		14		56		54		52		50		48		46		44		42		40		38		36		34		32		30		28		26		24		2		4		6		8		10		12		18		0		2		4		6		8		10		17		2		4		6		8		10		12		36		11		4		6		8		10		12		14		6		8		10		12		14		16		20		20		32		30		23		30		113		113		127
81		79		79		77		77		75		120		118		77		75		73		52		123		103		94		75		73		71		118		75		73		71		69		73		71		69		116		114		97		73		71		69		71		69		114		71		69		97		69		112		69		104		110		104		99		86		97		25		76		94		65		76		26		26		6		4		6		8		10		12		58		56		54		52		50		48		46		44		42		40		38		36		34		32		30		28		26		4		2		4		6		8		10		16		2		0		2		4		6		8		19		4		2		4		6		8		10		38		13		6		4		6		8		10		12		8		6		8		10		12		14		22		22		34		32		21		28		115		115		129
83		81		81		79		79		77		122		120		79		77		75		50		125		105		96		77		75		73		120		77		75		73		71		75		73		71		118		116		99		75		73		71		73		71		116		73		71		99		71		114		71		106		112		106		101		88		99		23		78		96		67		78		24		24		8		6		4		6		8		10		60		58		56		54		52		50		48		46		44		42		40		38		36		34		32		30		28		6		4		2		4		6		8		14		4		2		0		2		4		6		21		6		4		2		4		6		8		40		15		8		6		4		6		8		10		10		8		6		8		10		12		24		24		36		34		19		26		117		117		131
85		83		83		81		81		79		124		122		81		79		77		48		127		107		98		79		77		75		122		79		77		75		73		77		75		73		120		118		101		77		75		73		75		73		118		75		73		101		73		116		73		108		114		108		103		90		101		21		80		98		69		80		22		22		10		8		6		4		6		8		62		60		58		56		54		52		50		48		46		44		42		40		38		36		34		32		30		8		6		4		2		4		6		12		6		4		2		0		2		4		23		8		6		4		2		4		6		42		17		10		8		6		4		6		8		12		10		8		6		8		10		26		26		38		36		19		26		119		119		133
87		85		85		83		83		81		126		124		83		81		79		48		129		109		100		81		79		77		124		81		79		77		75		79		77		75		122		120		103		79		77		75		77		75		120		77		75		103		75		118		75		110		116		110		105		92		103		21		82		100		71		82		20		20		12		10		8		6		4		6		64		62		60		58		56		54		52		50		48		46		44		42		40		38		36		34		32		10		8		6		4		2		4		10		8		6		4		2		0		2		25		10		8		6		4		2		4		44		19		12		10		8		6		4		6		14		12		10		8		6		8		28		28		40		38		21		28		121		121		135
89		87		87		85		85		83		128		126		85		83		81		50		131		111		102		83		81		79		126		83		81		79		77		81		79		77		124		122		105		81		79		77		79		77		122		79		77		105		77		120		77		112		118		112		107		94		105		23		84		102		73		84		18		18		14		12		10		8		6		4		66		64		62		60		58		56		54		52		50		48		46		44		42		40		38		36		34		12		10		8		6		4		2		8		10		8		6		4		2		0		27		12		10		8		6		4		2		46		21		14		12		10		8		6		4		16		14		12		10		8		6		30		30		42		40		23		30		123		123		137
66		64		64		62		62		60		105		103		62		60		58		71		108		88		79		60		58		56		103		60		58		56		54		58		56		54		101		99		82		58		56		54		56		54		99		56		54		82		54		97		54		89		95		89		84		71		82		44		61		79		50		61		45		45		21		23		25		27		29		31		43		41		39		37		35		33		31		29		27		25		23		21		19		17		15		13		11		19		21		23		25		27		29		35		17		19		21		23		25		27		0		15		17		19		21		23		25		19		8		17		19		21		23		25		27		19		21		23		25		27		29		7		17		15		17		36		43		96		96		110
81		79		79		77		77		75		120		118		77		75		73		56		123		103		94		75		73		71		118		75		73		71		69		73		71		69		116		114		97		73		71		69		71		69		114		71		69		97		69		112		69		104		110		104		99		86		97		29		76		94		65		76		30		30		6		8		10		12		14		16		58		56		54		52		50		48		46		44		42		40		38		36		34		32		30		28		26		4		6		8		10		12		14		20		2		4		6		8		10		12		15		0		2		4		6		8		10		34		9		2		4		6		8		10		12		4		6		8		10		12		14		18		18		30		28		21		28		111		111		125
83		81		81		79		79		77		122		120		79		77		75		54		125		105		96		77		75		73		120		77		75		73		71		75		73		71		118		116		99		75		73		71		73		71		116		73		71		99		71		114		71		106		112		106		101		88		99		27		78		96		67		78		28		28		8		6		8		10		12		14		60		58		56		54		52		50		48		46		44		42		40		38		36		34		32		30		28		6		4		6		8		10		12		18		4		2		4		6		8		10		17		2		0		2		4		6		8		36		11		4		2		4		6		8		10		6		4		6		8		10		12		20		20		32		30		19		26		113		113		127
85		83		83		81		81		79		124		122		81		79		77		52		127		107		98		79		77		75		122		79		77		75		73		77		75		73		120		118		101		77		75		73		75		73		118		75		73		101		73		116		73		108		114		108		103		90		101		25		80		98		69		80		26		26		10		8		6		8		10		12		62		60		58		56		54		52		50		48		46		44		42		40		38		36		34		32		30		8		6		4		6		8		10		16		6		4		2		4		6		8		19		4		2		0		2		4		6		38		13		6		4		2		4		6		8		8		6		4		6		8		10		22		22		34		32		17		24		115		115		129
87		85		85		83		83		81		126		124		83		81		79		50		129		109		100		81		79		77		124		81		79		77		75		79		77		75		122		120		103		79		77		75		77		75		120		77		75		103		75		118		75		110		116		110		105		92		103		23		82		100		71		82		24		24		12		10		8		6		8		10		64		62		60		58		56		54		52		50		48		46		44		42		40		38		36		34		32		10		8		6		4		6		8		14		8		6		4		2		4		6		21		6		4		2		0		2		4		40		15		8		6		4		2		4		6		10		8		6		4		6		8		24		24		36		34		17		24		117		117		131
89		87		87		85		85		83		128		126		85		83		81		50		131		111		102		83		81		79		126		83		81		79		77		81		79		77		124		122		105		81		79		77		79		77		122		79		77		105		77		120		77		112		118		112		107		94		105		23		84		102		73		84		22		22		14		12		10		8		6		8		66		64		62		60		58		56		54		52		50		48		46		44		42		40		38		36		34		12		10		8		6		4		6		12		10		8		6		4		2		4		23		8		6		4		2		0		2		42		17		10		8		6		4		2		4		12		10		8		6		4		6		26		26		38		36		19		26		119		119		133
91		89		89		87		87		85		130		128		87		85		83		52		133		113		104		85		83		81		128		85		83		81		79		83		81		79		126		124		107		83		81		79		81		79		124		81		79		107		79		122		79		114		120		114		109		96		107		25		86		104		75		86		20		20		16		14		12		10		8		6		68		66		64		62		60		58		56		54		52		50		48		46		44		42		40		38		36		14		12		10		8		6		4		10		12		10		8		6		4		2		25		10		8		6		4		2		0		44		19		12		10		8		6		4		2		14		12		10		8		6		4		28		28		40		38		21		28		121		121		135
59		59		57		59		57		59		88		86		55		57		59		90		91		71		62		55		57		59		86		53		55		57		59		53		55		57		84		82		65		51		53		55		51		53		82		49		51		65		49		80		47		72		78		72		67		54		65		63		44		62		33		44		64		64		40		42		44		46		48		50		26		24		22		20		18		16		14		12		10		8		6		6		8		10		12		14		16		38		40		42		44		46		48		54		36		38		40		42		44		46		19		34		36		38		40		42		44		0		25		34		36		38		40		42		44		36		38		40		42		44		46		24		34		32		34		53		60		77		77		91
74		72		72		70		70		68		113		111		70		68		66		65		116		96		87		68		66		64		111		68		66		64		62		66		64		62		109		107		90		66		64		62		64		62		107		64		62		90		62		105		62		97		103		97		92		79		90		38		69		87		58		69		39		39		15		17		19		21		23		25		51		49		47		45		43		41		39		37		35		33		31		29		27		25		23		21		19		13		15		17		19		21		23		29		11		13		15		17		19		21		8		9		11		13		15		17		19		25		0		9		11		13		15		17		19		11		13		15		17		19		21		9		9		21		19		28		35		102		102		116
83		81		81		79		79		77		122		120		79		77		75		58		125		105		96		77		75		73		120		77		75		73		71		75		73		71		118		116		99		75		73		71		73		71		116		73		71		99		71		114		71		106		112		106		101		88		99		31		78		96		67		78		32		32		8		10		12		14		16		18		60		58		56		54		52		50		48		46		44		42		40		38		36		34		32		30		28		6		8		10		12		14		16		22		4		6		8		10		12		14		17		2		4		6		8		10		12		34		9		0		2		4		6		8		10		2		4		6		8		10		12		16		16		28		26		19		26		109		109		123
85		83		83		81		81		79		124		122		81		79		77		56		127		107		98		79		77		75		122		79		77		75		73		77		75		73		120		118		101		77		75		73		75		73		118		75		73		101		73		116		73		108		114		108		103		90		101		29		80		98		69		80		30		30		10		8		10		12		14		16		62		60		58		56		54		52		50		48		46		44		42		40		38		36		34		32		30		8		6		8		10		12		14		20		6		4		6		8		10		12		19		4		2		4		6		8		10		36		11		2		0		2		4		6		8		4		2		4		6		8		10		18		18		30		28		17		24		111		111		125
87		85		85		83		83		81		126		124		83		81		79		54		129		109		100		81		79		77		124		81		79		77		75		79		77		75		122		120		103		79		77		75		77		75		120		77		75		103		75		118		75		110		116		110		105		92		103		27		82		100		71		82		28		28		12		10		8		10		12		14		64		62		60		58		56		54		52		50		48		46		44		42		40		38		36		34		32		10		8		6		8		10		12		18		8		6		4		6		8		10		21		6		4		2		4		6		8		38		13		4		2		0		2		4		6		6		4		2		4		6		8		20		20		32		30		15		22		113		113		127
89		87		87		85		85		83		128		126		85		83		81		52		131		111		102		83		81		79		126		83		81		79		77		81		79		77		124		122		105		81		79		77		79		77		122		79		77		105		77		120		77		112		118		112		107		94		105		25		84		102		73		84		26		26		14		12		10		8		10		12		66		64		62		60		58		56		54		52		50		48		46		44		42		40		38		36		34		12		10		8		6		8		10		16		10		8		6		4		6		8		23		8		6		4		2		4		6		40		15		6		4		2		0		2		4		8		6		4		2		4		6		22		22		34		32		15		22		115		115		129
91		89		89		87		87		85		130		128		87		85		83		52		133		113		104		85		83		81		128		85		83		81		79		83		81		79		126		124		107		83		81		79		81		79		124		81		79		107		79		122		79		114		120		114		109		96		107		25		86		104		75		86		24		24		16		14		12		10		8		10		68		66		64		62		60		58		56		54		52		50		48		46		44		42		40		38		36		14		12		10		8		6		8		14		12		10		8		6		4		6		25		10		8		6		4		2		4		42		17		8		6		4		2		0		2		10		8		6		4		2		4		24		24		36		34		17		24		117		117		131
93		91		91		89		89		87		132		130		89		87		85		54		135		115		106		87		85		83		130		87		85		83		81		85		83		81		128		126		109		85		83		81		83		81		126		83		81		109		81		124		81		116		122		116		111		98		109		27		88		106		77		88		22		22		18		16		14		12		10		8		70		68		66		64		62		60		58		56		54		52		50		48		46		44		42		40		38		16		14		12		10		8		6		12		14		12		10		8		6		4		27		12		10		8		6		4		2		44		19		10		8		6		4		2		0		12		10		8		6		4		2		26		26		38		36		19		26		119		119		133
85		83		83		81		81		79		124		122		81		79		77		60		127		107		98		79		77		75		122		79		77		75		73		77		75		73		120		118		101		77		75		73		75		73		118		75		73		101		73		116		73		108		114		108		103		90		101		33		80		98		69		80		34		34		10		12		14		16		18		20		62		60		58		56		54		52		50		48		46		44		42		40		38		36		34		32		30		8		10		12		14		16		18		24		6		8		10		12		14		16		19		4		6		8		10		12		14		36		11		2		4		6		8		10		12		0		2		4		6		8		10		14		14		26		24		17		24		107		107		121
87		85		85		83		83		81		126		124		83		81		79		58		129		109		100		81		79		77		124		81		79		77		75		79		77		75		122		120		103		79		77		75		77		75		120		77		75		103		75		118		75		110		116		110		105		92		103		31		82		100		71		82		32		32		12		10		12		14		16		18		64		62		60		58		56		54		52		50		48		46		44		42		40		38		36		34		32		10		8		10		12		14		16		22		8		6		8		10		12		14		21		6		4		6		8		10		12		38		13		4		2		4		6		8		10		2		0		2		4		6		8		16		16		28		26		15		22		109		109		123
89		87		87		85		85		83		128		126		85		83		81		56		131		111		102		83		81		79		126		83		81		79		77		81		79		77		124		122		105		81		79		77		79		77		122		79		77		105		77		120		77		112		118		112		107		94		105		29		84		102		73		84		30		30		14		12		10		12		14		16		66		64		62		60		58		56		54		52		50		48		46		44		42		40		38		36		34		12		10		8		10		12		14		20		10		8		6		8		10		12		23		8		6		4		6		8		10		40		15		6		4		2		4		6		8		4		2		0		2		4		6		18		18		30		28		13		20		111		111		125
91		89		89		87		87		85		130		128		87		85		83		54		133		113		104		85		83		81		128		85		83		81		79		83		81		79		126		124		107		83		81		79		81		79		124		81		79		107		79		122		79		114		120		114		109		96		107		27		86		104		75		86		28		28		16		14		12		10		12		14		68		66		64		62		60		58		56		54		52		50		48		46		44		42		40		38		36		14		12		10		8		10		12		18		12		10		8		6		8		10		25		10		8		6		4		6		8		42		17		8		6		4		2		4		6		6		4		2		0		2		4		20		20		32		30		13		20		113		113		127
93		91		91		89		89		87		132		130		89		87		85		54		135		115		106		87		85		83		130		87		85		83		81		85		83		81		128		126		109		85		83		81		83		81		126		83		81		109		81		124		81		116		122		116		111		98		109		27		88		106		77		88		26		26		18		16		14		12		10		12		70		68		66		64		62		60		58		56		54		52		50		48		46		44		42		40		38		16		14		12		10		8		10		16		14		12		10		8		6		8		27		12		10		8		6		4		6		44		19		10		8		6		4		2		4		8		6		4		2		0		2		22		22		34		32		15		22		115		115		129
95		93		93		91		91		89		134		132		91		89		87		56		137		117		108		89		87		85		132		89		87		85		83		87		85		83		130		128		111		87		85		83		85		83		128		85		83		111		83		126		83		118		124		118		113		100		111		29		90		108		79		90		24		24		20		18		16		14		12		10		72		70		68		66		64		62		60		58		56		54		52		50		48		46		44		42		40		18		16		14		12		10		8		14		16		14		12		10		8		6		29		14		12		10		8		6		4		46		21		12		10		8		6		4		2		10		8		6		4		2		0		24		24		36		34		17		24		117		117		131
73		71		71		69		69		67		112		110		69		67		65		74		115		95		86		67		65		63		110		67		65		63		61		65		63		61		108		106		89		65		63		61		63		61		106		63		61		89		61		104		61		96		102		96		91		78		89		47		68		86		57		68		48		48		24		26		28		30		32		34		50		48		46		44		42		40		38		36		34		32		30		28		26		24		22		20		18		22		24		26		28		30		32		38		20		22		24		26		28		30		7		18		20		22		24		26		28		24		9		16		18		20		22		24		26		14		16		18		20		22		24		0		10		12		10		29		36		93		93		107
83		81		81		79		79		77		122		120		79		77		75		74		125		105		96		77		75		73		120		77		75		73		71		75		73		71		118		116		99		75		73		71		73		71		116		73		71		99		71		114		71		106		112		106		101		88		99		47		78		96		67		78		48		48		24		26		28		30		32		34		60		58		56		54		52		50		48		46		44		42		40		38		36		34		32		30		28		22		24		26		28		30		32		38		20		22		24		26		28		30		17		18		20		22		24		26		28		34		9		16		18		20		22		24		26		14		16		18		20		22		24		10		0		12		10		19		26		93		93		107
81		79		79		77		77		75		120		118		77		75		73		86		123		103		94		75		73		71		118		75		73		71		69		73		71		69		116		114		97		73		71		69		71		69		114		71		69		97		69		112		69		104		110		104		99		86		97		59		76		94		65		76		60		60		36		38		40		42		44		46		58		56		54		52		50		48		46		44		42		40		38		36		34		32		30		28		26		34		36		38		40		42		44		50		32		34		36		38		40		42		15		30		32		34		36		38		40		32		21		28		30		32		34		36		38		26		28		30		32		34		36		12		12		0		2		21		28		81		81		95
83		81		81		79		79		77		122		120		79		77		75		84		125		105		96		77		75		73		120		77		75		73		71		75		73		71		118		116		99		75		73		71		73		71		116		73		71		99		71		114		71		106		112		106		101		88		99		57		78		96		67		78		58		58		34		36		38		40		42		44		60		58		56		54		52		50		48		46		44		42		40		38		36		34		32		30		28		32		34		36		38		40		42		48		30		32		34		36		38		40		17		28		30		32		34		36		38		34		19		26		28		30		32		34		36		24		26		28		30		32		34		10		10		2		0		19		26		83		83		97
102		100		100		98		98		96		141		139		98		96		94		67		144		124		115		96		94		92		139		96		94		92		90		94		92		90		137		135		118		94		92		90		92		90		135		92		90		118		90		133		90		125		131		125		120		107		118		40		97		115		86		97		41		41		27		25		23		23		25		27		79		77		75		73		71		69		67		65		63		61		59		57		55		53		51		49		47		25		23		21		21		23		25		31		23		21		19		19		21		23		36		21		19		17		17		19		21		53		28		19		17		15		15		17		19		17		15		13		13		15		17		29		19		21		19		0		7		100		100		114
109		107		107		105		105		103		148		146		105		103		101		74		151		131		122		103		101		99		146		103		101		99		97		101		99		97		144		142		125		101		99		97		99		97		142		99		97		125		97		140		97		132		138		132		127		114		125		47		104		122		93		104		48		48		34		32		30		30		32		34		86		84		82		80		78		76		74		72		70		68		66		64		62		60		58		56		54		32		30		28		28		30		32		38		30		28		26		26		28		30		43		28		26		24		24		26		28		60		35		26		24		22		22		24		26		24		22		20		20		22		24		36		26		28		26		7		0		93		93		107
136		136		134		136		134		136		89		91		132		134		136		167		84		104		113		132		134		136		87		130		132		134		136		130		132		134		85		87		104		128		130		132		128		130		83		126		128		98		126		81		124		87		79		77		62		75		60		140		75		55		84		65		141		141		117		119		121		123		125		127		61		63		65		67		69		71		73		75		77		79		81		83		85		87		89		91		93		115		117		119		121		123		125		131		113		115		117		119		121		123		96		111		113		115		117		119		121		77		102		109		111		113		115		117		119		107		109		111		113		115		117		93		93		81		83		100		93		0		14		14
136		136		134		136		134		136		89		91		132		134		136		167		84		104		113		132		134		136		87		130		132		134		136		130		132		134		85		87		104		128		130		132		128		130		83		126		128		98		126		81		124		87		79		77		62		75		60		140		75		55		84		65		141		141		117		119		121		123		125		127		61		63		65		67		69		71		73		75		77		79		81		83		85		87		89		91		93		115		117		119		121		123		125		131		113		115		117		119		121		123		96		111		113		115		117		119		121		77		102		109		111		113		115		117		119		107		109		111		113		115		117		93		93		81		83		100		93		14		0		14
150		150		148		150		148		150		103		105		146		148		150		181		98		118		127		146		148		150		101		144		146		148		150		144		146		148		99		101		118		142		144		146		142		144		97		140		142		112		140		95		138		101		93		91		76		89		74		154		89		69		98		79		155		155		131		133		135		137		139		141		75		77		79		81		83		85		87		89		91		93		95		97		99		101		103		105		107		129		131		133		135		137		139		145		127		129		131		133		135		137		110		125		127		129		131		133		135		91		116		123		125		127		129		131		133		121		123		125		127		129		131		107		107		95		97		114		107		14		14		0
