120
0		23		32		73		29		29		32		53		27		15		82		46		35		26		43		40		53		42		43		44		62		67		46		70		58		44		53		48		63		61		42		64		59		44		73		68		89		54		42		45		61		73		107		56		59		68		75		117		56		117		87		72		71		93		83		85		87		89		91		93		95		97		99		101		103		105		107		95		104		101		106		106		101		108		114		113		114		152		128		158		158		128		116		131		138		116		131		122		120		118		116		114		112		110		108		106		104		102		104		106		108		110		112		114		116		118		120		122		124		126		122		137		130		107		133		110		156		145		151		151
23		0		43		50		6		6		43		64		38		26		59		57		46		27		54		21		64		23		54		25		39		44		27		81		69		55		64		29		40		72		41		41		70		55		50		45		66		65		49		46		72		50		84		49		46		45		86		94		63		94		98		83		70		70		62		62		64		66		68		70		72		74		76		78		80		82		84		72		115		78		117		117		78		85		91		124		91		129		139		135		135		139		127		142		149		127		142		133		131		129		127		125		123		121		119		117		115		113		111		109		107		105		103		101		99		97		97		99		101		103		133		148		141		112		144		115		133		122		128		128
32		43		0		91		47		47		14		21		21		33		100		14		25		44		21		58		21		60		31		62		80		85		64		38		26		38		31		66		81		29		60		82		33		48		91		86		107		44		60		63		41		91		125		74		77		86		43		135		74		135		61		76		89		111		101		103		105		107		109		111		113		115		117		119		121		123		125		113		72		119		74		74		119		126		132		81		132		170		96		176		176		96		96		99		106		102		99		100		102		104		106		108		110		112		114		116		118		120		122		124		126		128		130		132		134		136		138		140		142		144		102		105		98		125		101		128		174		163		169		169
73		50		91		0		48		54		91		112		86		74		9		105		94		75		102		69		112		71		102		73		55		50		75		129		117		103		112		77		62		120		89		67		118		103		62		69		48		113		97		94		120		72		40		97		94		85		134		44		111		50		146		131		118		96		110		108		106		104		102		100		98		96		94		92		90		88		86		100		163		100		165		165		106		105		105		172		111		83		187		85		89		187		175		190		197		175		190		181		179		177		175		173		171		169		167		165		163		161		159		157		155		153		151		149		147		145		143		141		139		137		181		196		189		160		192		163		119		134		134		140
29		6		47		48		0		6		43		64		38		26		53		57		46		27		54		21		64		23		54		25		33		38		27		81		69		55		64		29		34		72		41		35		70		55		44		39		60		65		49		46		72		44		78		49		46		39		86		88		63		88		98		83		70		64		62		60		58		60		62		64		66		68		70		72		74		76		78		66		115		72		117		117		72		79		85		124		85		123		139		129		129		139		127		142		149		127		142		133		131		129		127		125		123		121		119		117		115		113		111		109		107		105		103		101		99		97		95		93		95		97		133		148		141		112		144		115		127		116		122		122
29		6		47		54		6		0		37		58		32		20		53		51		40		21		48		15		58		17		48		19		33		38		21		75		63		49		58		23		34		66		35		35		64		49		44		39		60		59		43		40		66		44		78		43		40		39		80		88		57		88		92		77		64		64		56		56		58		60		62		64		66		68		70		72		74		76		78		66		109		72		111		111		72		79		85		118		85		123		133		129		129		133		121		136		143		121		136		127		125		123		121		119		117		115		113		111		109		107		105		103		101		99		97		95		93		91		91		93		95		97		127		142		135		106		138		109		127		116		122		122
32		43		14		91		43		37		0		21		7		19		86		14		11		30		11		44		21		46		17		48		66		71		50		38		26		24		21		52		67		29		46		68		27		34		77		72		93		30		46		49		29		77		111		60		63		72		43		121		60		121		55		62		75		97		87		89		91		93		95		97		99		101		103		105		107		109		111		99		72		105		74		74		105		112		118		81		118		156		96		162		162		96		84		99		106		88		99		90		88		90		92		94		96		98		100		102		104		106		108		110		112		114		116		118		120		122		124		126		128		130		90		105		98		111		101		114		160		149		155		155
53		64		21		112		64		58		21		0		26		38		105		19		30		49		26		63		24		65		36		67		85		90		69		17		29		43		36		71		86		32		65		87		38		53		96		91		112		49		65		68		46		96		130		79		82		91		46		140		79		140		66		81		94		116		106		108		110		112		114		116		118		120		122		124		126		128		130		118		61		124		63		65		124		131		137		72		137		175		75		181		181		85		101		88		85		107		94		105		107		109		111		113		115		117		119		121		123		125		127		129		131		133		135		137		139		141		143		145		147		149		107		94		101		130		104		133		179		168		174		174
27		38		21		86		38		32		7		26		0		12		79		19		8		23		16		37		26		39		16		41		59		64		43		43		31		17		26		45		60		34		39		61		32		27		70		65		86		27		39		42		34		70		104		53		56		65		48		114		53		114		60		55		68		90		80		82		84		86		88		90		92		94		96		98		100		102		104		92		77		98		79		79		98		105		111		86		111		149		101		155		155		101		89		104		111		89		104		95		93		91		89		87		89		91		93		95		97		99		101		103		105		107		109		111		113		115		117		119		121		123		95		110		103		104		106		107		153		142		148		148
15		26		33		74		26		20		19		38		12		0		67		31		20		11		28		25		38		27		28		29		47		52		31		55		43		29		38		33		48		46		27		49		44		29		58		53		74		39		27		30		46		58		92		41		44		53		60		102		41		102		72		57		56		78		68		70		72		74		76		78		80		82		84		86		88		90		92		80		89		86		91		91		86		93		99		98		99		137		113		143		143		113		101		116		123		101		116		107		105		103		101		99		97		95		93		91		89		87		89		91		93		95		97		99		101		103		105		107		109		111		107		122		115		92		118		95		141		130		136		136
82		59		100		9		53		53		86		105		79		67		0		96		85		66		93		60		103		62		93		64		46		41		66		120		108		94		103		68		53		111		80		58		109		94		53		60		39		104		88		85		111		63		31		88		85		76		125		35		102		41		137		122		109		87		101		99		97		95		93		91		89		87		85		83		81		79		77		91		154		91		156		156		97		96		96		163		102		74		178		76		80		178		166		181		188		166		181		172		170		168		166		164		162		160		158		156		154		152		150		148		146		144		142		140		138		136		134		132		130		128		172		187		180		151		183		154		110		125		125		131
46		57		14		105		57		51		14		19		19		31		96		0		11		30		7		44		7		46		17		48		66		71		50		24		12		24		17		52		67		15		46		68		19		34		77		72		93		30		46		49		27		77		111		60		63		72		29		121		60		121		47		62		75		97		87		89		91		93		95		97		99		101		103		105		107		109		111		99		58		105		60		60		105		112		118		67		118		156		82		162		162		82		82		85		92		88		85		86		88		90		92		94		96		98		100		102		104		106		108		110		112		114		116		118		120		122		124		126		128		130		88		91		84		111		87		114		160		149		155		155
35		46		25		94		46		40		11		30		8		20		85		11		0		19		8		33		18		35		8		37		55		60		39		35		23		13		18		41		56		26		35		57		24		23		66		61		82		19		35		38		26		66		100		49		52		61		40		110		49		110		52		51		64		86		76		78		80		82		84		86		88		90		92		94		96		98		100		88		69		94		71		71		94		101		107		78		107		145		93		151		151		93		81		96		103		81		96		87		85		83		81		83		85		87		89		91		93		95		97		99		101		103		105		107		109		111		113		115		117		119		87		102		95		100		98		103		149		138		144		144
26		27		44		75		27		21		30		49		23		11		66		30		19		0		27		14		37		16		27		18		36		41		20		54		42		28		37		22		37		45		16		38		43		28		47		42		63		38		22		19		45		47		81		30		33		42		59		91		36		91		71		56		45		67		57		59		61		63		65		67		69		71		73		75		77		79		81		69		88		75		90		90		75		82		88		97		88		126		112		132		132		112		100		115		122		100		115		106		104		102		100		98		96		94		92		90		88		86		84		82		82		84		86		88		90		92		94		96		98		100		106		121		114		85		117		88		130		119		125		125
43		54		21		102		54		48		11		26		16		28		93		7		8		27		0		37		10		39		10		41		59		64		43		27		15		17		10		45		60		18		39		61		16		27		70		65		86		23		39		42		20		70		104		53		56		65		32		114		53		114		44		55		68		90		80		82		84		86		88		90		92		94		96		98		100		102		104		92		61		98		63		63		98		105		111		70		111		149		85		155		155		85		75		88		95		81		88		79		81		83		85		87		89		91		93		95		97		99		101		103		105		107		109		111		113		115		117		119		121		123		81		94		87		104		90		107		153		142		148		148
40		21		58		69		21		15		44		63		37		25		60		44		33		14		37		0		43		2		33		4		22		27		6		60		48		34		43		8		23		51		20		24		49		34		33		28		49		44		28		25		51		33		67		28		25		28		65		77		42		77		77		62		49		53		43		45		47		49		51		53		55		57		59		61		63		65		67		55		94		61		96		96		61		68		74		103		74		112		118		118		118		118		106		121		128		106		121		112		110		108		106		104		102		100		98		96		94		92		90		88		86		84		82		80		78		78		80		82		84		86		112		127		120		91		123		94		116		105		111		111
53		64		21		112		64		58		21		24		26		38		103		7		18		37		10		43		0		41		12		43		61		66		45		17		5		19		12		47		62		8		41		63		14		29		72		67		88		25		41		44		22		72		106		55		58		67		22		116		55		116		42		57		70		92		82		84		86		88		90		92		94		96		98		100		102		104		106		94		51		100		53		53		100		107		113		60		113		151		75		157		157		75		77		78		85		83		78		81		83		85		87		89		91		93		95		97		99		101		103		105		107		109		111		113		115		117		119		121		123		125		83		84		77		106		80		109		155		144		150		150
42		23		60		71		23		17		46		65		39		27		62		46		35		16		39		2		41		0		31		2		20		25		4		58		46		32		41		6		21		49		18		22		47		32		31		26		47		42		26		23		49		31		65		26		23		26		63		75		40		75		75		60		47		51		41		43		45		47		49		51		53		55		57		59		61		63		65		53		92		59		94		94		59		66		72		101		72		110		116		116		116		116		104		119		126		104		119		110		108		106		104		102		100		98		96		94		92		90		88		86		84		82		80		78		76		76		78		80		82		84		110		125		118		89		121		92		114		103		109		109
43		54		31		102		54		48		17		36		16		28		93		17		8		27		10		33		12		31		0		31		49		54		33		27		15		7		10		35		50		18		29		51		16		17		60		55		76		13		29		32		18		60		94		43		46		55		32		104		43		104		44		45		58		80		70		72		74		76		78		80		82		84		86		88		90		92		94		82		61		88		63		63		88		95		101		70		101		139		85		145		145		85		73		88		95		73		88		79		77		75		75		77		79		81		83		85		87		89		91		93		95		97		99		101		103		105		107		109		111		113		79		94		87		94		90		97		143		132		138		138
44		25		62		73		25		19		48		67		41		29		64		48		37		18		41		4		43		2		31		0		18		23		2		56		44		30		39		4		19		47		16		20		45		30		29		24		45		40		24		21		47		29		63		24		21		24		61		73		38		73		73		58		45		49		39		41		43		45		47		49		51		53		55		57		59		61		63		51		90		57		92		92		57		64		70		99		70		108		114		114		114		114		102		117		124		102		117		108		106		104		102		100		98		96		94		92		90		88		86		84		82		80		78		76		74		74		76		78		80		82		108		123		116		87		119		90		112		101		107		107
62		39		80		55		33		33		66		85		59		47		46		66		55		36		59		22		61		20		49		18		0		5		20		74		62		48		57		22		7		65		34		12		63		48		11		14		27		58		42		39		65		17		45		42		39		30		79		55		56		55		91		76		63		41		55		53		51		49		47		45		43		41		39		39		41		43		45		45		108		45		110		110		51		50		52		117		56		90		132		96		96		132		120		135		142		120		135		126		124		122		120		118		116		114		112		110		108		106		104		102		100		98		96		94		92		90		88		86		84		82		126		141		134		105		137		108		94		83		89		89
67		44		85		50		38		38		71		90		64		52		41		71		60		41		64		27		66		25		54		23		5		0		25		79		67		53		62		27		12		70		39		17		68		53		12		19		22		63		47		44		70		22		40		47		44		35		84		50		61		50		96		81		68		46		60		58		56		54		52		50		48		46		44		42		40		38		40		50		113		50		115		115		56		55		55		122		61		85		137		91		91		137		125		140		147		125		140		131		129		127		125		123		121		119		117		115		113		111		109		107		105		103		101		99		97		95		93		91		89		87		131		146		139		110		142		113		89		84		84		90
46		27		64		75		27		21		50		69		43		31		66		50		39		20		43		6		45		4		33		2		20		25		0		54		42		28		37		2		17		45		14		18		43		28		27		22		43		38		22		19		45		27		61		22		19		22		59		71		36		71		71		56		43		47		37		39		41		43		45		47		49		51		53		55		57		59		61		49		88		55		90		90		55		62		68		97		68		106		112		112		112		112		100		115		122		100		115		106		104		102		100		98		96		94		92		90		88		86		84		82		80		78		76		74		72		72		74		76		78		80		106		121		114		85		117		88		110		99		105		105
70		81		38		129		81		75		38		17		43		55		120		24		35		54		27		60		17		58		27		56		74		79		54		0		12		26		19		54		69		15		48		70		21		36		79		74		95		32		48		51		29		79		113		62		65		74		29		123		62		123		49		64		77		99		89		91		93		95		97		99		101		103		105		107		109		111		113		101		44		107		46		48		107		114		120		55		120		158		58		164		164		68		84		71		68		90		77		88		90		92		94		96		98		100		102		104		106		108		110		112		114		116		118		120		122		124		126		128		130		132		90		77		84		113		87		116		162		151		157		157
58		69		26		117		69		63		26		29		31		43		108		12		23		42		15		48		5		46		15		44		62		67		42		12		0		14		7		42		57		3		36		58		9		24		67		62		83		20		36		39		17		67		101		50		53		62		17		111		50		111		37		52		65		87		77		79		81		83		85		87		89		91		93		95		97		99		101		89		46		95		48		48		95		102		108		55		108		146		70		152		152		70		72		73		80		78		73		76		78		80		82		84		86		88		90		92		94		96		98		100		102		104		106		108		110		112		114		116		118		120		78		79		72		101		75		104		150		139		145		145
44		55		38		103		55		49		24		43		17		29		94		24		13		28		17		34		19		32		7		30		48		53		28		26		14		0		9		28		43		17		22		44		15		10		53		48		69		10		22		25		17		53		87		36		39		48		31		97		36		97		43		38		51		73		63		65		67		69		71		73		75		77		79		81		83		85		87		75		60		81		62		62		81		88		94		69		94		132		84		138		138		84		72		87		94		72		87		78		76		74		72		70		72		74		76		78		80		82		84		86		88		90		92		94		96		98		100		102		104		106		78		93		86		87		89		90		136		125		131		131
53		64		31		112		64		58		21		36		26		38		103		17		18		37		10		43		12		41		10		39		57		62		37		19		7		9		0		35		50		8		29		51		6		17		60		55		76		13		29		32		10		60		94		43		46		55		22		104		43		104		34		45		58		80		70		72		74		76		78		80		82		84		86		88		90		92		94		82		51		88		53		53		88		95		101		60		101		139		75		145		145		75		65		78		85		71		78		69		71		73		75		77		79		81		83		85		87		89		91		93		95		97		99		101		103		105		107		109		111		113		71		84		77		94		80		97		143		132		138		138
48		29		66		77		29		23		52		71		45		33		68		52		41		22		45		8		47		6		35		4		22		27		2		54		42		28		35		0		15		43		12		16		41		26		25		20		41		36		20		17		43		25		59		20		17		20		57		69		34		69		69		54		41		45		35		37		39		41		43		45		47		49		51		53		55		57		59		47		86		53		88		88		53		60		66		95		66		104		110		110		110		110		98		113		120		98		113		104		102		100		98		96		94		92		90		88		86		84		82		80		78		76		74		72		70		70		72		74		76		78		104		119		112		83		115		86		108		97		103		103
63		40		81		62		34		34		67		86		60		48		53		67		56		37		60		23		62		21		50		19		7		12		17		69		57		43		50		15		0		58		27		5		56		41		10		7		26		51		35		32		58		10		44		35		32		23		72		54		49		54		84		69		56		34		48		46		44		42		40		38		36		34		36		38		40		42		44		38		101		38		103		103		44		45		51		110		51		89		125		95		95		125		113		128		135		113		128		119		117		115		113		111		109		107		105		103		101		99		97		95		93		91		89		87		85		83		81		79		77		75		119		134		127		98		130		101		93		82		88		88
61		72		29		120		72		66		29		32		34		46		111		15		26		45		18		51		8		49		18		47		65		70		45		15		3		17		8		43		58		0		33		55		6		21		64		59		80		17		33		36		14		64		98		47		50		59		14		108		47		108		34		49		62		84		74		76		78		80		82		84		86		88		90		92		94		96		98		86		43		92		45		45		92		99		105		52		105		143		67		149		149		67		69		70		77		75		70		73		75		77		79		81		83		85		87		89		91		93		95		97		99		101		103		105		107		109		111		113		115		117		75		76		69		98		72		101		147		136		142		142
42		41		60		89		41		35		46		65		39		27		80		46		35		16		39		20		41		18		29		16		34		39		14		48		36		22		29		12		27		33		0		22		29		14		31		26		47		24		8		5		31		31		65		14		17		26		45		75		22		75		57		42		29		51		41		43		45		47		49		51		53		55		57		59		61		63		65		53		74		59		76		76		59		66		72		83		72		110		98		116		116		98		86		101		108		86		101		92		90		88		86		84		82		80		78		76		74		72		70		68		66		68		70		72		74		76		78		80		82		84		92		107		100		71		103		74		114		103		109		109
64		41		82		67		35		35		68		87		61		49		58		68		57		38		61		24		63		22		51		20		12		17		18		70		58		44		51		16		5		55		22		0		51		36		9		4		25		46		30		27		53		9		43		30		27		18		67		53		44		53		79		64		51		29		43		41		39		37		35		33		31		33		35		37		39		41		43		33		96		37		98		98		39		44		50		105		50		88		120		94		94		120		108		123		130		108		123		114		112		110		108		106		104		102		100		98		96		94		92		90		88		86		84		82		80		78		76		74		72		70		114		129		122		93		125		96		92		81		87		87
59		70		33		118		70		64		27		38		32		44		109		19		24		43		16		49		14		47		16		45		63		68		43		21		9		15		6		41		56		6		29		51		0		15		58		53		74		11		27		30		8		58		92		41		44		53		16		102		41		102		28		43		56		78		68		70		72		74		76		78		80		82		84		86		88		90		92		80		45		86		47		47		86		93		99		54		99		137		69		143		143		69		63		72		79		69		72		67		69		71		73		75		77		79		81		83		85		87		89		91		93		95		97		99		101		103		105		107		109		111		69		78		71		92		74		95		141		130		136		136
44		55		48		103		55		49		34		53		27		29		94		34		23		28		27		34		29		32		17		30		48		53		28		36		24		10		17		26		41		21		14		36		15		0		43		38		59		10		12		15		17		43		77		26		29		38		31		87		26		87		43		28		41		63		53		55		57		59		61		63		65		67		69		71		73		75		77		65		60		71		62		62		71		78		84		69		84		122		84		128		128		84		72		87		94		72		87		78		76		74		72		70		68		66		66		68		70		72		74		76		78		80		82		84		86		88		90		92		94		96		78		93		86		77		89		80		126		115		121		121
73		50		91		62		44		44		77		96		70		58		53		77		66		47		70		33		72		31		60		29		11		12		27		79		67		53		60		25		10		64		31		9		58		43		0		7		16		51		35		32		58		10		34		35		32		23		72		44		49		44		84		69		56		34		48		46		44		42		40		38		36		34		32		30		30		32		34		38		101		38		103		103		44		43		43		110		49		79		125		85		85		125		113		128		135		113		128		119		117		115		113		111		109		107		105		103		101		99		97		95		93		91		89		87		85		83		81		79		77		75		119		134		127		98		130		101		83		72		78		78
68		45		86		69		39		39		72		91		65		53		60		72		61		42		65		28		67		26		55		24		14		19		22		74		62		48		55		20		7		59		26		4		53		38		7		0		21		44		28		25		51		5		39		28		25		16		65		49		42		49		77		62		49		27		41		39		37		35		33		31		29		29		31		33		35		37		39		31		94		33		96		96		37		40		46		103		46		84		118		90		90		118		106		121		128		106		121		112		110		108		106		104		102		100		98		96		94		92		90		88		86		84		82		80		78		76		74		72		70		68		112		127		120		91		123		94		88		77		83		83
89		66		107		48		60		60		93		112		86		74		39		93		82		63		86		49		88		47		76		45		27		22		43		95		83		69		76		41		26		80		47		25		74		59		16		21		0		65		49		46		72		24		18		49		46		37		86		28		63		28		98		83		70		48		62		60		58		56		54		52		50		48		46		44		42		40		38		52		115		52		117		117		58		57		57		124		63		63		139		69		69		139		127		142		149		127		142		133		131		129		127		125		123		121		119		117		115		113		111		109		107		105		103		101		99		97		95		93		91		89		133		148		141		112		144		115		71		86		86		92
54		65		44		113		65		59		30		49		27		39		104		30		19		38		23		44		25		42		13		40		58		63		38		32		20		10		13		36		51		17		24		46		11		10		51		44		65		0		16		19		7		47		81		30		33		42		21		91		30		91		33		32		45		67		57		59		61		63		65		67		69		71		73		75		77		79		81		69		50		75		52		52		75		82		88		59		88		126		74		132		132		74		62		77		84		62		77		68		66		64		62		64		66		68		70		72		74		76		78		80		82		84		86		88		90		92		94		96		98		100		68		83		76		81		79		84		130		119		125		125
42		49		60		97		49		43		46		65		39		27		88		46		35		22		39		28		41		26		29		24		42		47		22		48		36		22		29		20		35		33		8		30		27		12		35		28		49		16		0		3		23		31		65		14		17		26		37		75		14		75		49		34		29		51		41		43		45		47		49		51		53		55		57		59		61		63		65		53		66		59		68		68		59		66		72		75		72		110		90		116		116		90		78		93		100		78		93		84		82		80		78		76		74		72		70		68		66		64		62		64		66		68		70		72		74		76		78		80		82		84		84		99		92		65		95		68		114		103		109		109
45		46		63		94		46		40		49		68		42		30		85		49		38		19		42		25		44		23		32		21		39		44		19		51		39		25		32		17		32		36		5		27		30		15		32		25		46		19		3		0		26		28		62		11		14		23		40		72		17		72		52		37		26		48		38		40		42		44		46		48		50		52		54		56		58		60		62		50		69		56		71		71		56		63		69		78		69		107		93		113		113		93		81		96		103		81		96		87		85		83		81		79		77		75		73		71		69		67		65		63		63		65		67		69		71		73		75		77		79		81		87		102		95		66		98		69		111		100		106		106
61		72		41		120		72		66		29		46		34		46		111		27		26		45		20		51		22		49		18		47		65		70		45		29		17		17		10		43		58		14		31		53		8		17		58		51		72		7		23		26		0		50		84		33		36		45		14		94		33		94		26		35		48		70		60		62		64		66		68		70		72		74		76		78		80		82		84		72		43		78		45		45		78		85		91		52		91		129		67		135		135		67		55		70		77		61		70		61		61		63		65		67		69		71		73		75		77		79		81		83		85		87		89		91		93		95		97		99		101		103		61		76		69		84		72		87		133		122		128		128
73		50		91		72		44		44		77		96		70		58		63		77		66		47		70		33		72		31		60		29		17		22		27		79		67		53		60		25		10		64		31		9		58		43		10		5		24		47		31		28		50		0		34		25		22		13		62		44		39		44		74		59		46		24		38		36		34		32		30		28		26		24		26		28		30		32		34		28		91		28		93		93		34		35		41		100		41		79		115		85		85		115		103		118		125		103		118		109		107		105		103		101		99		97		95		93		91		89		87		85		83		81		79		77		75		73		71		69		67		65		109		124		117		88		120		91		83		72		78		78
107		84		125		40		78		78		111		130		104		92		31		111		100		81		104		67		106		65		94		63		45		40		61		113		101		87		94		59		44		98		65		43		92		77		34		39		18		81		65		62		84		34		0		57		54		45		94		10		71		10		106		91		78		56		70		68		66		64		62		60		58		56		54		52		50		48		46		60		123		60		125		125		66		65		65		132		71		45		147		51		51		147		135		150		157		135		150		141		139		137		135		133		131		129		127		125		123		121		119		117		115		113		111		109		107		105		103		101		99		97		141		156		149		120		152		123		79		94		94		100
56		49		74		97		49		43		60		79		53		41		88		60		49		30		53		28		55		26		43		24		42		47		22		62		50		36		43		20		35		47		14		30		41		26		35		28		49		30		14		11		33		25		57		0		3		12		37		61		14		61		49		34		21		37		27		29		31		33		35		37		39		41		43		45		47		49		51		39		66		45		68		68		45		52		58		75		58		96		90		102		102		90		78		93		100		78		93		84		82		80		78		76		74		72		70		68		66		64		62		60		58		56		56		58		60		62		64		66		68		70		84		99		92		63		95		66		100		89		95		95
59		46		77		94		46		40		63		82		56		44		85		63		52		33		56		25		58		23		46		21		39		44		19		65		53		39		46		17		32		50		17		27		44		29		32		25		46		33		17		14		36		22		54		3		0		9		40		58		17		58		52		37		24		34		24		26		28		30		32		34		36		38		40		42		44		46		48		36		69		42		71		71		42		49		55		78		55		93		93		99		99		93		81		96		103		81		96		87		85		83		81		79		77		75		73		71		69		67		65		63		61		59		57		55		57		59		61		63		65		67		87		102		95		66		98		69		97		86		92		92
68		45		86		85		39		39		72		91		65		53		76		72		61		42		65		28		67		26		55		24		30		35		22		74		62		48		55		20		23		59		26		18		53		38		23		16		37		42		26		23		45		13		45		12		9		0		49		49		26		49		61		46		33		25		25		23		21		21		23		25		27		29		31		33		35		37		39		27		78		33		80		80		33		40		46		87		46		84		102		90		90		102		90		105		112		90		105		96		94		92		90		88		86		84		82		80		78		76		74		72		70		68		66		64		62		60		58		56		56		58		96		111		104		75		107		78		88		77		83		83
75		86		43		134		86		80		43		46		48		60		125		29		40		59		32		65		22		63		32		61		79		84		59		29		17		31		22		57		72		14		45		67		16		31		72		65		86		21		37		40		14		62		94		37		40		49		0		94		33		94		20		35		48		70		60		62		64		66		68		70		72		74		76		78		80		82		84		72		29		78		31		31		78		85		91		38		91		129		53		135		135		53		55		56		63		61		56		59		61		63		65		67		69		71		73		75		77		79		81		83		85		87		89		91		93		95		97		99		101		103		61		62		55		84		58		87		133		122		128		128
117		94		135		44		88		88		121		140		114		102		35		121		110		91		114		77		116		75		104		73		55		50		71		123		111		97		104		69		54		108		75		53		102		87		44		49		28		91		75		72		94		44		10		61		58		49		94		0		71		10		106		91		78		56		70		68		66		64		62		60		58		56		54		52		50		48		46		60		123		60		125		125		66		65		65		132		71		43		147		43		49		147		135		150		157		135		150		141		139		137		135		133		131		129		127		125		123		121		119		117		115		113		111		109		107		105		103		101		99		97		141		156		149		120		152		123		79		94		94		100
56		63		74		111		63		57		60		79		53		41		102		60		49		36		53		42		55		40		43		38		56		61		36		62		50		36		43		34		49		47		22		44		41		26		49		42		63		30		14		17		33		39		71		14		17		26		33		71		0		61		35		20		15		37		27		29		31		33		35		37		39		41		43		45		47		49		51		39		52		45		54		54		45		52		58		61		58		96		76		102		102		76		64		79		86		64		79		70		68		66		64		62		60		58		56		54		52		50		48		50		52		54		56		58		60		62		64		66		68		70		70		85		78		51		81		54		100		89		95		95
117		94		135		50		88		88		121		140		114		102		41		121		110		91		114		77		116		75		104		73		55		50		71		123		111		97		104		69		54		108		75		53		102		87		44		49		28		91		75		72		94		44		10		61		58		49		94		10		61		0		96		81		68		46		60		58		56		54		52		50		48		46		44		42		40		38		36		50		113		50		115		115		56		55		55		122		61		35		137		41		41		137		125		140		147		125		140		131		129		127		125		123		121		119		117		115		113		111		109		107		105		103		101		99		97		95		93		91		89		87		131		146		139		110		142		113		69		84		84		90
87		98		61		146		98		92		55		66		60		72		137		47		52		71		44		77		42		75		44		73		91		96		71		49		37		43		34		69		84		34		57		79		28		43		84		77		98		33		49		52		26		74		106		49		52		61		20		106		35		96		0		15		28		50		40		42		44		46		48		50		52		54		56		58		60		62		64		52		17		58		19		19		58		65		71		26		71		109		41		115		115		41		35		44		51		41		44		39		41		43		45		47		49		51		53		55		57		59		61		63		65		67		69		71		73		75		77		79		81		83		41		50		43		64		46		67		113		102		108		108
72		83		76		131		83		77		62		81		55		57		122		62		51		56		55		62		57		60		45		58		76		81		56		64		52		38		45		54		69		49		42		64		43		28		69		62		83		32		34		37		35		59		91		34		37		46		35		91		20		81		15		0		13		35		25		27		29		31		33		35		37		39		41		43		45		47		49		37		32		43		34		34		43		50		56		41		56		94		56		100		100		56		44		59		66		44		59		50		48		46		44		42		40		38		38		40		42		44		46		48		50		52		54		56		58		60		62		64		66		68		50		65		58		49		61		52		98		87		93		93
71		70		89		118		70		64		75		94		68		56		109		75		64		45		68		49		70		47		58		45		63		68		43		77		65		51		58		41		56		62		29		51		56		41		56		49		70		45		29		26		48		46		78		21		24		33		48		78		15		68		28		13		0		22		12		14		16		18		20		22		24		26		28		30		32		34		36		24		45		30		47		47		30		37		43		54		43		81		69		87		87		69		57		72		79		57		72		63		61		59		57		55		53		51		49		47		45		43		41		39		37		39		41		43		45		47		49		51		53		55		63		78		71		42		74		45		85		74		80		80
93		70		111		96		64		64		97		116		90		78		87		97		86		67		90		53		92		51		80		49		41		46		47		99		87		73		80		45		34		84		51		29		78		63		34		27		48		67		51		48		70		24		56		37		34		25		70		56		37		46		50		35		22		0		14		12		10		8		6		4		2		4		6		8		10		12		14		4		67		8		69		69		10		15		21		76		21		59		91		65		65		91		79		94		101		79		94		85		83		81		79		77		75		73		71		69		67		65		63		61		59		57		55		53		51		49		47		45		43		41		85		100		93		64		96		67		63		52		58		58
83		62		101		110		62		56		87		106		80		68		101		87		76		57		80		43		82		41		70		39		55		60		37		89		77		63		70		35		48		74		41		43		68		53		48		41		62		57		41		38		60		38		70		27		24		25		60		70		27		60		40		25		12		14		0		2		4		6		8		10		12		14		16		18		20		22		24		12		53		18		55		55		18		25		31		62		31		69		77		75		75		77		65		80		87		65		80		71		69		67		65		63		61		59		57		55		53		51		49		47		45		43		41		39		37		35		37		39		41		43		71		86		79		50		82		53		73		62		68		68
85		62		103		108		60		56		89		108		82		70		99		89		78		59		82		45		84		43		72		41		53		58		39		91		79		65		72		37		46		76		43		41		70		55		46		39		60		59		43		40		62		36		68		29		26		23		62		68		29		58		42		27		14		12		2		0		2		4		6		8		10		12		14		16		18		20		22		10		55		16		57		57		16		23		29		64		29		67		79		73		73		79		67		82		89		67		82		73		71		69		67		65		63		61		59		57		55		53		51		49		47		45		43		41		39		37		35		37		39		41		73		88		81		52		84		55		71		60		66		66
87		64		105		106		58		58		91		110		84		72		97		91		80		61		84		47		86		45		74		43		51		56		41		93		81		67		74		39		44		78		45		39		72		57		44		37		58		61		45		42		64		34		66		31		28		21		64		66		31		56		44		29		16		10		4		2		0		2		4		6		8		10		12		14		16		18		20		8		57		14		59		59		14		21		27		66		27		65		81		71		71		81		69		84		91		69		84		75		73		71		69		67		65		63		61		59		57		55		53		51		49		47		45		43		41		39		37		35		37		39		75		90		83		54		86		57		69		58		64		64
89		66		107		104		60		60		93		112		86		74		95		93		82		63		86		49		88		47		76		45		49		54		43		95		83		69		76		41		42		80		47		37		74		59		42		35		56		63		47		44		66		32		64		33		30		21		66		64		33		54		46		31		18		8		6		4		2		0		2		4		6		8		10		12		14		16		18		6		59		12		61		61		12		19		25		68		25		63		83		69		69		83		71		86		93		71		86		77		75		73		71		69		67		65		63		61		59		57		55		53		51		49		47		45		43		41		39		37		35		37		77		92		85		56		88		59		67		56		62		62
91		68		109		102		62		62		95		114		88		76		93		95		84		65		88		51		90		49		78		47		47		52		45		97		85		71		78		43		40		82		49		35		76		61		40		33		54		65		49		46		68		30		62		35		32		23		68		62		35		52		48		33		20		6		8		6		4		2		0		2		4		6		8		10		12		14		16		4		61		10		63		63		10		17		23		70		23		61		85		67		67		85		73		88		95		73		88		79		77		75		73		71		69		67		65		63		61		59		57		55		53		51		49		47		45		43		41		39		37		35		79		94		87		58		90		61		65		54		60		60
93		70		111		100		64		64		97		116		90		78		91		97		86		67		90		53		92		51		80		49		45		50		47		99		87		73		80		45		38		84		51		33		78		63		38		31		52		67		51		48		70		28		60		37		34		25		70		60		37		50		50		35		22		4		10		8		6		4		2		0		2		4		6		8		10		12		14		2		63		8		65		65		8		15		21		72		21		59		87		65		65		87		75		90		97		75		90		81		79		77		75		73		71		69		67		65		63		61		59		57		55		53		51		49		47		45		43		41		39		37		81		96		89		60		92		63		63		52		58		58
95		72		113		98		66		66		99		118		92		80		89		99		88		69		92		55		94		53		82		51		43		48		49		101		89		75		82		47		36		86		53		31		80		65		36		29		50		69		53		50		72		26		58		39		36		27		72		58		39		48		52		37		24		2		12		10		8		6		4		2		0		2		4		6		8		10		12		2		65		6		67		67		8		13		19		74		19		57		89		63		63		89		77		92		99		77		92		83		81		79		77		75		73		71		69		67		65		63		61		59		57		55		53		51		49		47		45		43		41		39		83		98		91		62		94		65		61		50		56		56
97		74		115		96		68		68		101		120		94		82		87		101		90		71		94		57		96		55		84		53		41		46		51		103		91		77		84		49		34		88		55		33		82		67		34		29		48		71		55		52		74		24		56		41		38		29		74		56		41		46		54		39		26		4		14		12		10		8		6		4		2		0		2		4		6		8		10		4		67		4		69		69		10		11		17		76		17		55		91		61		61		91		79		94		101		79		94		85		83		81		79		77		75		73		71		69		67		65		63		61		59		57		55		53		51		49		47		45		43		41		85		100		93		64		96		67		59		48		54		54
99		76		117		94		70		70		103		122		96		84		85		103		92		73		96		59		98		57		86		55		39		44		53		105		93		79		86		51		36		90		57		35		84		69		32		31		46		73		57		54		76		26		54		43		40		31		76		54		43		44		56		41		28		6		16		14		12		10		8		6		4		2		0		2		4		6		8		6		69		6		71		71		12		11		15		78		17		53		93		59		59		93		81		96		103		81		96		87		85		83		81		79		77		75		73		71		69		67		65		63		61		59		57		55		53		51		49		47		45		43		87		102		95		66		98		69		57		46		52		52
101		78		119		92		72		72		105		124		98		86		83		105		94		75		98		61		100		59		88		57		39		42		55		107		95		81		88		53		38		92		59		37		86		71		30		33		44		75		59		56		78		28		52		45		42		33		78		52		45		42		58		43		30		8		18		16		14		12		10		8		6		4		2		0		2		4		6		8		71		8		73		73		14		13		13		80		19		51		95		57		57		95		83		98		105		83		98		89		87		85		83		81		79		77		75		73		71		69		67		65		63		61		59		57		55		53		51		49		47		45		89		104		97		68		100		71		55		44		50		50
103		80		121		90		74		74		107		126		100		88		81		107		96		77		100		63		102		61		90		59		41		40		57		109		97		83		90		55		40		94		61		39		88		73		30		35		42		77		61		58		80		30		50		47		44		35		80		50		47		40		60		45		32		10		20		18		16		14		12		10		8		6		4		2		0		2		4		10		73		10		75		75		16		15		15		82		21		49		97		55		55		97		85		100		107		85		100		91		89		87		85		83		81		79		77		75		73		71		69		67		65		63		61		59		57		55		53		51		49		47		91		106		99		70		102		73		53		44		48		50
105		82		123		88		76		76		109		128		102		90		79		109		98		79		102		65		104		63		92		61		43		38		59		111		99		85		92		57		42		96		63		41		90		75		32		37		40		79		63		60		82		32		48		49		46		37		82		48		49		38		62		47		34		12		22		20		18		16		14		12		10		8		6		4		2		0		2		12		75		12		77		77		18		17		17		84		23		47		99		53		53		99		87		102		109		87		102		93		91		89		87		85		83		81		79		77		75		73		71		69		67		65		63		61		59		57		55		53		51		49		93		108		101		72		104		75		51		46		46		52
107		84		125		86		78		78		111		130		104		92		77		111		100		81		104		67		106		65		94		63		45		40		61		113		101		87		94		59		44		98		65		43		92		77		34		39		38		81		65		62		84		34		46		51		48		39		84		46		51		36		64		49		36		14		24		22		20		18		16		14		12		10		8		6		4		2		0		14		77		14		79		79		20		19		19		86		25		45		101		51		51		101		89		104		111		89		104		95		93		91		89		87		85		83		81		79		77		75		73		71		69		67		65		63		61		59		57		55		53		51		95		110		103		74		106		77		49		48		48		54
95		72		113		100		66		66		99		118		92		80		91		99		88		69		92		55		94		53		82		51		45		50		49		101		89		75		82		47		38		86		53		33		80		65		38		31		52		69		53		50		72		28		60		39		36		27		72		60		39		50		52		37		24		4		12		10		8		6		4		2		2		4		6		8		10		12		14		0		63		6		65		65		6		13		19		72		19		57		87		63		63		87		75		90		97		75		90		81		79		77		75		73		71		69		67		65		63		61		59		57		55		53		51		49		47		45		43		41		39		37		81		96		89		60		92		63		61		50		56		56
104		115		72		163		115		109		72		61		77		89		154		58		69		88		61		94		51		92		61		90		108		113		88		44		46		60		51		86		101		43		74		96		45		60		101		94		115		50		66		69		43		91		123		66		69		78		29		123		52		113		17		32		45		67		53		55		57		59		61		63		65		67		69		71		73		75		77		63		0		63		2		4		63		70		76		11		76		114		24		120		120		24		40		27		34		46		33		44		46		48		50		52		54		56		58		60		62		64		66		68		70		72		74		76		78		80		82		84		86		88		46		33		40		69		43		72		118		107		113		113
101		78		119		100		72		72		105		124		98		86		91		105		94		75		98		61		100		59		88		57		45		50		55		107		95		81		88		53		38		92		59		37		86		71		38		33		52		75		59		56		78		28		60		45		42		33		78		60		45		50		58		43		30		8		18		16		14		12		10		8		6		4		6		8		10		12		14		6		63		0		65		65		6		7		13		72		13		51		87		57		57		87		75		90		97		75		90		81		79		77		75		73		71		69		67		65		63		61		59		57		55		53		51		49		47		45		43		41		39		37		81		96		89		60		92		63		55		44		50		50
106		117		74		165		117		111		74		63		79		91		156		60		71		90		63		96		53		94		63		92		110		115		90		46		48		62		53		88		103		45		76		98		47		62		103		96		117		52		68		71		45		93		125		68		71		80		31		125		54		115		19		34		47		69		55		57		59		61		63		65		67		69		71		73		75		77		79		65		2		65		0		2		61		68		74		9		74		112		22		118		118		22		38		25		32		44		31		42		44		46		48		50		52		54		56		58		60		62		64		66		68		70		72		74		76		78		80		82		84		86		44		31		38		67		41		70		116		105		111		111
106		117		74		165		117		111		74		65		79		91		156		60		71		90		63		96		53		94		63		92		110		115		90		48		48		62		53		88		103		45		76		98		47		62		103		96		117		52		68		71		45		93		125		68		71		80		31		125		54		115		19		34		47		69		55		57		59		61		63		65		67		69		71		73		75		77		79		65		4		65		2		0		59		66		72		7		72		110		22		116		116		22		36		25		32		42		29		40		42		44		46		48		50		52		54		56		58		60		62		64		66		68		70		72		74		76		78		80		82		84		42		31		36		65		39		68		114		103		109		109
101		78		119		106		72		72		105		124		98		86		97		105		94		75		98		61		100		59		88		57		51		56		55		107		95		81		88		53		44		92		59		39		86		71		44		37		58		75		59		56		78		34		66		45		42		33		78		66		45		56		58		43		30		10		18		16		14		12		10		8		8		10		12		14		16		18		20		6		63		6		61		59		0		7		13		66		13		51		81		57		57		81		69		84		91		69		84		75		73		71		69		67		65		63		61		59		57		55		53		51		49		47		45		43		41		39		37		35		33		31		75		90		83		54		86		57		55		44		50		50
108		85		126		105		79		79		112		131		105		93		96		112		101		82		105		68		107		66		95		64		50		55		62		114		102		88		95		60		45		99		66		44		93		78		43		40		57		82		66		63		85		35		65		52		49		40		85		65		52		55		65		50		37		15		25		23		21		19		17		15		13		11		11		13		15		17		19		13		70		7		68		66		7		0		6		67		6		44		82		50		50		82		70		85		92		70		85		76		74		72		70		68		66		64		62		60		58		56		54		52		50		48		46		44		42		40		38		36		34		32		76		91		84		55		87		58		48		37		43		43
114		91		132		105		85		85		118		137		111		99		96		118		107		88		111		74		113		72		101		70		52		55		68		120		108		94		101		66		51		105		72		50		99		84		43		46		57		88		72		69		91		41		65		58		55		46		91		65		58		55		71		56		43		21		31		29		27		25		23		21		19		17		15		13		15		17		19		19		76		13		74		72		13		6		0		67		6		38		82		44		44		82		70		85		92		70		85		76		74		72		70		68		66		64		62		60		58		56		54		52		50		48		46		44		42		40		38		36		34		32		76		91		84		55		87		58		42		31		37		37
113		124		81		172		124		118		81		72		86		98		163		67		78		97		70		103		60		101		70		99		117		122		97		55		55		69		60		95		110		52		83		105		54		69		110		103		124		59		75		78		52		100		132		75		78		87		38		132		61		122		26		41		54		76		62		64		66		68		70		72		74		76		78		80		82		84		86		72		11		72		9		7		66		67		67		0		65		103		15		109		109		15		29		18		25		35		22		33		35		37		39		41		43		45		47		49		51		53		55		57		59		61		63		65		67		69		71		73		75		77		35		24		29		58		32		61		107		96		102		102
114		91		132		111		85		85		118		137		111		99		102		118		107		88		111		74		113		72		101		70		56		61		68		120		108		94		101		66		51		105		72		50		99		84		49		46		63		88		72		69		91		41		71		58		55		46		91		71		58		61		71		56		43		21		31		29		27		25		23		21		19		17		17		19		21		23		25		19		76		13		74		72		13		6		6		65		0		38		76		44		44		76		64		79		86		64		79		70		68		66		64		62		60		58		56		54		52		50		48		46		44		42		40		38		36		34		32		30		28		26		70		85		78		49		81		52		42		31		37		37
152		129		170		83		123		123		156		175		149		137		74		156		145		126		149		112		151		110		139		108		90		85		106		158		146		132		139		104		89		143		110		88		137		122		79		84		63		126		110		107		129		79		45		96		93		84		129		43		96		35		109		94		81		59		69		67		65		63		61		59		57		55		53		51		49		47		45		57		114		51		112		110		51		44		38		103		38		0		104		6		6		104		92		107		114		92		107		98		96		94		92		90		88		86		84		82		80		78		76		74		72		70		68		66		64		62		60		58		56		54		98		113		106		77		109		80		36		51		51		57
128		139		96		187		139		133		96		75		101		113		178		82		93		112		85		118		75		116		85		114		132		137		112		58		70		84		75		110		125		67		98		120		69		84		125		118		139		74		90		93		67		115		147		90		93		102		53		147		76		137		41		56		69		91		77		79		81		83		85		87		89		91		93		95		97		99		101		87		24		87		22		22		81		82		82		15		76		104		0		106		106		10		26		13		10		32		19		30		32		34		36		38		40		42		44		46		48		50		52		54		56		58		60		62		64		66		68		70		72		74		32		19		26		55		29		58		104		93		99		99
158		135		176		85		129		129		162		181		155		143		76		162		151		132		155		118		157		116		145		114		96		91		112		164		152		138		145		110		95		149		116		94		143		128		85		90		69		132		116		113		135		85		51		102		99		90		135		43		102		41		115		100		87		65		75		73		71		69		67		65		63		61		59		57		55		53		51		63		120		57		118		116		57		50		44		109		44		6		106		0		6		104		92		107		114		92		107		98		96		94		92		90		88		86		84		82		80		78		76		74		72		70		68		66		64		62		60		58		56		54		98		113		106		77		109		80		36		51		51		57
158		135		176		89		129		129		162		181		155		143		80		162		151		132		155		118		157		116		145		114		96		91		112		164		152		138		145		110		95		149		116		94		143		128		85		90		69		132		116		113		135		85		51		102		99		90		135		49		102		41		115		100		87		65		75		73		71		69		67		65		63		61		59		57		55		53		51		63		120		57		118		116		57		50		44		109		44		6		106		6		0		98		86		101		108		86		101		92		90		88		86		84		82		80		78		76		74		72		70		68		66		64		62		60		58		56		54		52		50		48		92		107		100		71		103		74		30		45		45		51
128		139		96		187		139		133		96		85		101		113		178		82		93		112		85		118		75		116		85		114		132		137		112		68		70		84		75		110		125		67		98		120		69		84		125		118		139		74		90		93		67		115		147		90		93		102		53		147		76		137		41		56		69		91		77		79		81		83		85		87		89		91		93		95		97		99		101		87		24		87		22		22		81		82		82		15		76		104		10		104		98		0		16		3		10		22		9		20		22		24		26		28		30		32		34		36		38		40		42		44		46		48		50		52		54		56		58		60		62		64		22		9		16		45		19		48		94		83		89		89
116		127		96		175		127		121		84		101		89		101		166		82		81		100		75		106		77		104		73		102		120		125		100		84		72		72		65		98		113		69		86		108		63		72		113		106		127		62		78		81		55		103		135		78		81		90		55		135		64		125		35		44		57		79		65		67		69		71		73		75		77		79		81		83		85		87		89		75		40		75		38		36		69		70		70		29		64		92		26		92		86		16		0		15		22		6		15		6		6		8		10		12		14		16		18		20		22		24		26		28		30		32		34		36		38		40		42		44		46		48		6		21		14		29		17		32		78		67		73		73
131		142		99		190		142		136		99		88		104		116		181		85		96		115		88		121		78		119		88		117		135		140		115		71		73		87		78		113		128		70		101		123		72		87		128		121		142		77		93		96		70		118		150		93		96		105		56		150		79		140		44		59		72		94		80		82		84		86		88		90		92		94		96		98		100		102		104		90		27		90		25		25		84		85		85		18		79		107		13		107		101		3		15		0		7		19		6		17		19		21		23		25		27		29		31		33		35		37		39		41		43		45		47		49		51		53		55		57		59		61		19		6		13		42		16		45		91		80		86		86
138		149		106		197		149		143		106		85		111		123		188		92		103		122		95		128		85		126		95		124		142		147		122		68		80		94		85		120		135		77		108		130		79		94		135		128		149		84		100		103		77		125		157		100		103		112		63		157		86		147		51		66		79		101		87		89		91		93		95		97		99		101		103		105		107		109		111		97		34		97		32		32		91		92		92		25		86		114		10		114		108		10		22		7		0		22		9		20		22		24		26		28		30		32		34		36		38		40		42		44		46		48		50		52		54		56		58		60		62		64		22		9		16		45		19		48		94		83		89		89
116		127		102		175		127		121		88		107		89		101		166		88		81		100		81		106		83		104		73		102		120		125		100		90		78		72		71		98		113		75		86		108		69		72		113		106		127		62		78		81		61		103		135		78		81		90		61		135		64		125		41		44		57		79		65		67		69		71		73		75		77		79		81		83		85		87		89		75		46		75		44		42		69		70		70		35		64		92		32		92		86		22		6		19		22		0		15		6		4		2		4		6		8		10		12		14		16		18		20		22		24		26		28		30		32		34		36		38		40		42		6		21		14		23		17		26		72		61		67		67
131		142		99		190		142		136		99		94		104		116		181		85		96		115		88		121		78		119		88		117		135		140		115		77		73		87		78		113		128		70		101		123		72		87		128		121		142		77		93		96		70		118		150		93		96		105		56		150		79		140		44		59		72		94		80		82		84		86		88		90		92		94		96		98		100		102		104		90		33		90		31		29		84		85		85		22		79		107		19		107		101		9		15		6		9		15		0		11		13		15		17		19		21		23		25		27		29		31		33		35		37		39		41		43		45		47		49		51		53		55		13		6		7		36		10		39		85		74		80		80
122		133		100		181		133		127		90		105		95		107		172		86		87		106		79		112		81		110		79		108		126		131		106		88		76		78		69		104		119		73		92		114		67		78		119		112		133		68		84		87		61		109		141		84		87		96		59		141		70		131		39		50		63		85		71		73		75		77		79		81		83		85		87		89		91		93		95		81		44		81		42		40		75		76		76		33		70		98		30		98		92		20		6		17		20		6		11		0		2		4		6		8		10		12		14		16		18		20		22		24		26		28		30		32		34		36		38		40		42		44		2		15		8		25		11		28		74		63		69		69
120		131		102		179		131		125		88		107		93		105		170		88		85		104		81		110		83		108		77		106		124		129		104		90		78		76		71		102		117		75		90		112		69		76		117		110		131		66		82		85		61		107		139		82		85		94		61		139		68		129		41		48		61		83		69		71		73		75		77		79		81		83		85		87		89		91		93		79		46		79		44		42		73		74		74		35		68		96		32		96		90		22		6		19		22		4		13		2		0		2		4		6		8		10		12		14		16		18		20		22		24		26		28		30		32		34		36		38		40		42		2		17		10		23		13		26		72		61		67		67
118		129		104		177		129		123		90		109		91		103		168		90		83		102		83		108		85		106		75		104		122		127		102		92		80		74		73		100		115		77		88		110		71		74		115		108		129		64		80		83		63		105		137		80		83		92		63		137		66		127		43		46		59		81		67		69		71		73		75		77		79		81		83		85		87		89		91		77		48		77		46		44		71		72		72		37		66		94		34		94		88		24		8		21		24		2		15		4		2		0		2		4		6		8		10		12		14		16		18		20		22		24		26		28		30		32		34		36		38		40		4		19		12		21		15		24		70		59		65		65
116		127		106		175		127		121		92		111		89		101		166		92		81		100		85		106		87		104		75		102		120		125		100		94		82		72		75		98		113		79		86		108		73		72		113		106		127		62		78		81		65		103		135		78		81		90		65		135		64		125		45		44		57		79		65		67		69		71		73		75		77		79		81		83		85		87		89		75		50		75		48		46		69		70		70		39		64		92		36		92		86		26		10		23		26		4		17		6		4		2		0		2		4		6		8		10		12		14		16		18		20		22		24		26		28		30		32		34		36		38		6		21		14		19		17		22		68		57		63		63
114		125		108		173		125		119		94		113		87		99		164		94		83		98		87		104		89		102		77		100		118		123		98		96		84		70		77		96		111		81		84		106		75		70		111		104		125		64		76		79		67		101		133		76		79		88		67		133		62		123		47		42		55		77		63		65		67		69		71		73		75		77		79		81		83		85		87		73		52		73		50		48		67		68		68		41		62		90		38		90		84		28		12		25		28		6		19		8		6		4		2		0		2		4		6		8		10		12		14		16		18		20		22		24		26		28		30		32		34		36		8		23		16		17		19		20		66		55		61		61
112		123		110		171		123		117		96		115		89		97		162		96		85		96		89		102		91		100		79		98		116		121		96		98		86		72		79		94		109		83		82		104		77		68		109		102		123		66		74		77		69		99		131		74		77		86		69		131		60		121		49		40		53		75		61		63		65		67		69		71		73		75		77		79		81		83		85		71		54		71		52		50		65		66		66		43		60		88		40		88		82		30		14		27		30		8		21		10		8		6		4		2		0		2		4		6		8		10		12		14		16		18		20		22		24		26		28		30		32		34		10		25		18		15		21		18		64		53		59		59
110		121		112		169		121		115		98		117		91		95		160		98		87		94		91		100		93		98		81		96		114		119		94		100		88		74		81		92		107		85		80		102		79		66		107		100		121		68		72		75		71		97		129		72		75		84		71		129		58		119		51		38		51		73		59		61		63		65		67		69		71		73		75		77		79		81		83		69		56		69		54		52		63		64		64		45		58		86		42		86		80		32		16		29		32		10		23		12		10		8		6		4		2		0		2		4		6		8		10		12		14		16		18		20		22		24		26		28		30		32		12		27		20		13		23		16		62		51		57		57
108		119		114		167		119		113		100		119		93		93		158		100		89		92		93		98		95		96		83		94		112		117		92		102		90		76		83		90		105		87		78		100		81		66		105		98		119		70		70		73		73		95		127		70		73		82		73		127		56		117		53		38		49		71		57		59		61		63		65		67		69		71		73		75		77		79		81		67		58		67		56		54		61		62		62		47		56		84		44		84		78		34		18		31		34		12		25		14		12		10		8		6		4		2		0		2		4		6		8		10		12		14		16		18		20		22		24		26		28		30		14		29		22		11		25		14		60		49		55		55
106		117		116		165		117		111		102		121		95		91		156		102		91		90		95		96		97		94		85		92		110		115		90		104		92		78		85		88		103		89		76		98		83		68		103		96		117		72		68		71		75		93		125		68		71		80		75		125		54		115		55		40		47		69		55		57		59		61		63		65		67		69		71		73		75		77		79		65		60		65		58		56		59		60		60		49		54		82		46		82		76		36		20		33		36		14		27		16		14		12		10		8		6		4		2		0		2		4		6		8		10		12		14		16		18		20		22		24		26		28		16		31		24		9		27		12		58		47		53		53
104		115		118		163		115		109		104		123		97		89		154		104		93		88		97		94		99		92		87		90		108		113		88		106		94		80		87		86		101		91		74		96		85		70		101		94		115		74		66		69		77		91		123		66		69		78		77		123		52		113		57		42		45		67		53		55		57		59		61		63		65		67		69		71		73		75		77		63		62		63		60		58		57		58		58		51		52		80		48		80		74		38		22		35		38		16		29		18		16		14		12		10		8		6		4		2		0		2		4		6		8		10		12		14		16		18		20		22		24		26		18		33		26		7		29		10		56		45		51		51
102		113		120		161		113		107		106		125		99		87		152		106		95		86		99		92		101		90		89		88		106		111		86		108		96		82		89		84		99		93		72		94		87		72		99		92		113		76		64		67		79		89		121		64		67		76		79		121		50		111		59		44		43		65		51		53		55		57		59		61		63		65		67		69		71		73		75		61		64		61		62		60		55		56		56		53		50		78		50		78		72		40		24		37		40		18		31		20		18		16		14		12		10		8		6		4		2		0		2		4		6		8		10		12		14		16		18		20		22		24		20		35		28		5		31		8		54		43		49		49
104		111		122		159		111		105		108		127		101		89		150		108		97		84		101		90		103		88		91		86		104		109		84		110		98		84		91		82		97		95		70		92		89		74		97		90		111		78		62		65		81		87		119		62		65		74		81		119		48		109		61		46		41		63		49		51		53		55		57		59		61		63		65		67		69		71		73		59		66		59		64		62		53		54		54		55		48		76		52		76		70		42		26		39		42		20		33		22		20		18		16		14		12		10		8		6		4		2		0		2		4		6		8		10		12		14		16		18		20		22		22		37		30		3		33		6		52		41		47		47
106		109		124		157		109		103		110		129		103		91		148		110		99		82		103		88		105		86		93		84		102		107		82		112		100		86		93		80		95		97		68		90		91		76		95		88		109		80		64		63		83		85		117		60		63		72		83		117		50		107		63		48		39		61		47		49		51		53		55		57		59		61		63		65		67		69		71		57		68		57		66		64		51		52		52		57		46		74		54		74		68		44		28		41		44		22		35		24		22		20		18		16		14		12		10		8		6		4		2		0		2		4		6		8		10		12		14		16		18		20		24		39		32		3		35		6		50		39		45		45
108		107		126		155		107		101		112		131		105		93		146		112		101		82		105		86		107		84		95		82		100		105		80		114		102		88		95		78		93		99		66		88		93		78		93		86		107		82		66		63		85		83		115		58		61		70		85		115		52		105		65		50		37		59		45		47		49		51		53		55		57		59		61		63		65		67		69		55		70		55		68		66		49		50		50		59		44		72		56		72		66		46		30		43		46		24		37		26		24		22		20		18		16		14		12		10		8		6		4		2		0		2		4		6		8		10		12		14		16		18		26		41		34		5		37		8		48		37		43		43
110		105		128		153		105		99		114		133		107		95		144		114		103		84		107		84		109		82		97		80		98		103		78		116		104		90		97		76		91		101		68		86		95		80		91		84		105		84		68		65		87		81		113		56		59		68		87		113		54		103		67		52		39		57		43		45		47		49		51		53		55		57		59		61		63		65		67		53		72		53		70		68		47		48		48		61		42		70		58		70		64		48		32		45		48		26		39		28		26		24		22		20		18		16		14		12		10		8		6		4		2		0		2		4		6		8		10		12		14		16		28		43		36		7		39		10		46		35		41		41
112		103		130		151		103		97		116		135		109		97		142		116		105		86		109		82		111		80		99		78		96		101		76		118		106		92		99		74		89		103		70		84		97		82		89		82		103		86		70		67		89		79		111		56		57		66		89		111		56		101		69		54		41		55		41		43		45		47		49		51		53		55		57		59		61		63		65		51		74		51		72		70		45		46		46		63		40		68		60		68		62		50		34		47		50		28		41		30		28		26		24		22		20		18		16		14		12		10		8		6		4		2		0		2		4		6		8		10		12		14		30		45		38		9		41		12		44		33		39		39
114		101		132		149		101		95		118		137		111		99		140		118		107		88		111		80		113		78		101		76		94		99		74		120		108		94		101		72		87		105		72		82		99		84		87		80		101		88		72		69		91		77		109		58		55		64		91		109		58		99		71		56		43		53		39		41		43		45		47		49		51		53		55		57		59		61		63		49		76		49		74		72		43		44		44		65		38		66		62		66		60		52		36		49		52		30		43		32		30		28		26		24		22		20		18		16		14		12		10		8		6		4		2		0		2		4		6		8		10		12		32		47		40		11		43		14		42		31		37		37
116		99		134		147		99		93		120		139		113		101		138		120		109		90		113		78		115		76		103		74		92		97		72		122		110		96		103		70		85		107		74		80		101		86		85		78		99		90		74		71		93		75		107		60		57		62		93		107		60		97		73		58		45		51		37		39		41		43		45		47		49		51		53		55		57		59		61		47		78		47		76		74		41		42		42		67		36		64		64		64		58		54		38		51		54		32		45		34		32		30		28		26		24		22		20		18		16		14		12		10		8		6		4		2		0		2		4		6		8		10		34		49		42		13		45		16		40		29		35		35
118		97		136		145		97		91		122		141		115		103		136		122		111		92		115		78		117		76		105		74		90		95		72		124		112		98		105		70		83		109		76		78		103		88		83		76		97		92		76		73		95		73		105		62		59		60		95		105		62		95		75		60		47		49		35		37		39		41		43		45		47		49		51		53		55		57		59		45		80		45		78		76		39		40		40		69		34		62		66		62		56		56		40		53		56		34		47		36		34		32		30		28		26		24		22		20		18		16		14		12		10		8		6		4		2		0		2		4		6		8		36		51		44		15		47		18		38		27		33		33
120		97		138		143		95		91		124		143		117		105		134		124		113		94		117		80		119		78		107		76		88		93		74		126		114		100		107		72		81		111		78		76		105		90		81		74		95		94		78		75		97		71		103		64		61		58		97		103		64		93		77		62		49		47		37		35		37		39		41		43		45		47		49		51		53		55		57		43		82		43		80		78		37		38		38		71		32		60		68		60		54		58		42		55		58		36		49		38		36		34		32		30		28		26		24		22		20		18		16		14		12		10		8		6		4		2		0		2		4		6		38		53		46		17		49		20		36		25		31		31
122		99		140		141		93		93		126		145		119		107		132		126		115		96		119		82		121		80		109		78		86		91		76		128		116		102		109		74		79		113		80		74		107		92		79		72		93		96		80		77		99		69		101		66		63		56		99		101		66		91		79		64		51		45		39		37		35		37		39		41		43		45		47		49		51		53		55		41		84		41		82		80		35		36		36		73		30		58		70		58		52		60		44		57		60		38		51		40		38		36		34		32		30		28		26		24		22		20		18		16		14		12		10		8		6		4		2		0		2		4		40		55		48		19		51		22		34		23		29		29
124		101		142		139		95		95		128		147		121		109		130		128		117		98		121		84		123		82		111		80		84		89		78		130		118		104		111		76		77		115		82		72		109		94		77		70		91		98		82		79		101		67		99		68		65		56		101		99		68		89		81		66		53		43		41		39		37		35		37		39		41		43		45		47		49		51		53		39		86		39		84		82		33		34		34		75		28		56		72		56		50		62		46		59		62		40		53		42		40		38		36		34		32		30		28		26		24		22		20		18		16		14		12		10		8		6		4		2		0		2		42		57		50		21		53		24		32		21		27		27
126		103		144		137		97		97		130		149		123		111		128		130		119		100		123		86		125		84		113		82		82		87		80		132		120		106		113		78		75		117		84		70		111		96		75		68		89		100		84		81		103		65		97		70		67		58		103		97		70		87		83		68		55		41		43		41		39		37		35		37		39		41		43		45		47		49		51		37		88		37		86		84		31		32		32		77		26		54		74		54		48		64		48		61		64		42		55		44		42		40		38		36		34		32		30		28		26		24		22		20		18		16		14		12		10		8		6		4		2		0		44		59		52		23		55		26		30		19		25		25
122		133		102		181		133		127		90		107		95		107		172		88		87		106		81		112		83		110		79		108		126		131		106		90		78		78		71		104		119		75		92		114		69		78		119		112		133		68		84		87		61		109		141		84		87		96		61		141		70		131		41		50		63		85		71		73		75		77		79		81		83		85		87		89		91		93		95		81		46		81		44		42		75		76		76		35		70		98		32		98		92		22		6		19		22		6		13		2		2		4		6		8		10		12		14		16		18		20		22		24		26		28		30		32		34		36		38		40		42		44		0		15		8		23		11		26		72		61		67		67
137		148		105		196		148		142		105		94		110		122		187		91		102		121		94		127		84		125		94		123		141		146		121		77		79		93		84		119		134		76		107		129		78		93		134		127		148		83		99		102		76		124		156		99		102		111		62		156		85		146		50		65		78		100		86		88		90		92		94		96		98		100		102		104		106		108		110		96		33		96		31		31		90		91		91		24		85		113		19		113		107		9		21		6		9		21		6		15		17		19		21		23		25		27		29		31		33		35		37		39		41		43		45		47		49		51		53		55		57		59		15		0		7		36		10		39		85		74		80		80
130		141		98		189		141		135		98		101		103		115		180		84		95		114		87		120		77		118		87		116		134		139		114		84		72		86		77		112		127		69		100		122		71		86		127		120		141		76		92		95		69		117		149		92		95		104		55		149		78		139		43		58		71		93		79		81		83		85		87		89		91		93		95		97		99		101		103		89		40		89		38		36		83		84		84		29		78		106		26		106		100		16		14		13		16		14		7		8		10		12		14		16		18		20		22		24		26		28		30		32		34		36		38		40		42		44		46		48		50		52		8		7		0		29		3		32		78		67		73		73
107		112		125		160		112		106		111		130		104		92		151		111		100		85		104		91		106		89		94		87		105		110		85		113		101		87		94		83		98		98		71		93		92		77		98		91		112		81		65		66		84		88		120		63		66		75		84		120		51		110		64		49		42		64		50		52		54		56		58		60		62		64		66		68		70		72		74		60		69		60		67		65		54		55		55		58		49		77		55		77		71		45		29		42		45		23		36		25		23		21		19		17		15		13		11		9		7		5		3		3		5		7		9		11		13		15		17		19		21		23		23		36		29		0		32		3		49		38		44		44
133		144		101		192		144		138		101		104		106		118		183		87		98		117		90		123		80		121		90		119		137		142		117		87		75		89		80		115		130		72		103		125		74		89		130		123		144		79		95		98		72		120		152		95		98		107		58		152		81		142		46		61		74		96		82		84		86		88		90		92		94		96		98		100		102		104		106		92		43		92		41		39		86		87		87		32		81		109		29		109		103		19		17		16		19		17		10		11		13		15		17		19		21		23		25		27		29		31		33		35		37		39		41		43		45		47		49		51		53		55		11		10		3		32		0		29		75		64		70		70
110		115		128		163		115		109		114		133		107		95		154		114		103		88		107		94		109		92		97		90		108		113		88		116		104		90		97		86		101		101		74		96		95		80		101		94		115		84		68		69		87		91		123		66		69		78		87		123		54		113		67		52		45		67		53		55		57		59		61		63		65		67		69		71		73		75		77		63		72		63		70		68		57		58		58		61		52		80		58		80		74		48		32		45		48		26		39		28		26		24		22		20		18		16		14		12		10		8		6		6		8		10		12		14		16		18		20		22		24		26		26		39		32		3		29		0		46		35		41		41
156		133		174		119		127		127		160		179		153		141		110		160		149		130		153		116		155		114		143		112		94		89		110		162		150		136		143		108		93		147		114		92		141		126		83		88		71		130		114		111		133		83		79		100		97		88		133		79		100		69		113		98		85		63		73		71		69		67		65		63		61		59		57		55		53		51		49		61		118		55		116		114		55		48		42		107		42		36		104		36		30		94		78		91		94		72		85		74		72		70		68		66		64		62		60		58		56		54		52		50		48		46		44		42		40		38		36		34		32		30		72		85		78		49		75		46		0		15		15		21
145		122		163		134		116		116		149		168		142		130		125		149		138		119		142		105		144		103		132		101		83		84		99		151		139		125		132		97		82		136		103		81		130		115		72		77		86		119		103		100		122		72		94		89		86		77		122		94		89		84		102		87		74		52		62		60		58		56		54		52		50		48		46		44		44		46		48		50		107		44		105		103		44		37		31		96		31		51		93		51		45		83		67		80		83		61		74		63		61		59		57		55		53		51		49		47		45		43		41		39		37		35		33		31		29		27		25		23		21		19		61		74		67		38		64		35		15		0		6		6
151		128		169		134		122		122		155		174		148		136		125		155		144		125		148		111		150		109		138		107		89		84		105		157		145		131		138		103		88		142		109		87		136		121		78		83		86		125		109		106		128		78		94		95		92		83		128		94		95		84		108		93		80		58		68		66		64		62		60		58		56		54		52		50		48		46		48		56		113		50		111		109		50		43		37		102		37		51		99		51		45		89		73		86		89		67		80		69		67		65		63		61		59		57		55		53		51		49		47		45		43		41		39		37		35		33		31		29		27		25		67		80		73		44		70		41		15		6		0		6
151		128		169		140		122		122		155		174		148		136		131		155		144		125		148		111		150		109		138		107		89		90		105		157		145		131		138		103		88		142		109		87		136		121		78		83		92		125		109		106		128		78		100		95		92		83		128		100		95		90		108		93		80		58		68		66		64		62		60		58		56		54		52		50		50		52		54		56		113		50		111		109		50		43		37		102		37		57		99		57		51		89		73		86		89		67		80		69		67		65		63		61		59		57		55		53		51		49		47		45		43		41		39		37		35		33		31		29		27		25		67		80		73		44		70		41		21		6		6		0
