60
0		11		44		48		25		20		81		26		40		59		63		68		25		53		52		23		26		27		47		41		44		37		53		24		21		66		24		58		25		37		44		30		41		34		61		19		32		40		37		35		24		32		29		38		69		44		70		39		43		49		68		47		28		44		71		12		54		15		59		65
11		0		51		37		36		13		88		27		47		48		52		75		32		60		59		30		33		16		54		48		51		44		60		13		14		73		17		65		32		44		33		19		30		45		68		12		39		47		44		42		31		39		18		45		58		43		77		46		34		56		75		54		35		47		78		11		43		14		48		72
44		51		0		40		49		64		37		24		50		35		39		24		33		27		32		33		18		45		23		9		32		15		9		62		37		22		68		20		19		13		32		50		49		58		29		63		24		12		31		53		20		44		61		48		45		20		26		43		19		43		24		13		24		20		27		40		30		59		35		21
48		37		40		0		73		38		77		22		74		13		21		64		57		51		56		57		38		21		43		37		56		39		49		24		27		62		32		54		27		37		8		18		9		82		57		43		48		36		55		77		44		68		21		72		21		32		66		67		23		67		64		43		48		36		67		36		24		51		11		61
25		36		49		73		0		35		76		51		35		84		88		63		20		48		47		18		35		52		72		58		39		34		56		49		46		61		41		53		46		36		69		55		66		25		56		30		27		61		32		30		29		27		54		33		94		69		65		34		68		44		63		62		25		69		66		37		79		22		84		60
20		13		64		38		35		0		101		40		60		49		53		88		45		73		72		43		46		19		67		61		64		57		73		14		27		86		6		78		45		57		34		20		31		50		81		5		52		60		57		55		44		52		19		58		59		56		90		59		47		69		88		67		48		60		91		24		48		13		49		85
81		88		37		77		76		101		0		61		41		64		56		13		56		28		29		58		55		82		34		40		37		44		28		99		74		15		105		23		56		44		69		87		86		51		20		100		49		41		44		46		57		49		98		43		58		45		11		42		54		34		13		34		53		41		10		77		53		96		68		16
26		27		24		22		51		40		61		0		52		33		37		48		35		33		34		35		16		21		27		21		34		17		33		38		13		46		44		38		5		17		18		26		25		60		41		39		26		20		33		55		22		46		37		50		43		18		50		45		17		45		48		27		26		20		51		16		28		35		33		45
40		47		50		74		35		60		41		52		0		85		89		40		17		23		18		17		36		53		73		59		18		35		57		58		47		28		64		30		47		37		70		56		67		10		21		59		26		62		19		5		30		8		57		2		95		70		40		7		69		9		32		63		26		70		37		38		80		55		85		31
59		48		35		13		84		49		64		33		85		0		8		51		68		62		67		68		49		32		30		26		67		50		36		35		38		57		43		55		38		48		15		29		22		93		64		54		59		23		66		88		55		79		34		83		10		19		53		78		16		78		53		30		59		23		54		47		11		62		4		54
63		52		39		21		88		53		56		37		89		8		0		49		72		66		71		72		53		36		22		30		71		54		32		43		42		61		49		59		42		52		19		33		30		97		68		58		63		27		70		92		59		83		42		87		6		19		49		82		20		82		57		26		63		19		52		51		9		66		12		58
68		75		24		64		63		88		13		48		40		51		49		0		43		17		22		45		42		69		33		27		24		31		17		86		61		12		92		10		43		31		56		74		73		48		19		87		36		28		31		43		44		36		85		38		55		32		2		33		41		33		8		23		40		30		3		64		40		83		55		9
25		32		33		57		20		45		56		35		17		68		72		43		0		28		27		2		19		36		56		42		19		18		40		43		30		41		49		33		30		20		53		39		50		25		36		44		9		45		12		20		13		11		42		15		78		53		45		14		52		24		43		46		9		53		46		21		63		40		68		40
53		60		27		51		48		73		28		33		23		62		66		17		28		0		5		30		27		54		50		36		9		16		34		71		46		13		77		7		28		16		47		59		58		31		8		72		21		39		16		26		29		21		70		21		72		47		17		16		46		16		15		40		25		47		18		49		57		68		62		12
52		59		32		56		47		72		29		34		18		67		71		22		27		5		0		29		26		53		55		41		8		17		39		70		45		14		76		12		29		19		52		58		57		26		9		71		20		44		15		21		28		20		69		16		77		52		22		13		51		11		16		45		24		52		19		48		62		67		67		13
23		30		33		57		18		43		58		35		17		68		72		45		2		30		29		0		19		36		56		42		21		18		40		41		30		43		47		35		30		20		53		39		50		25		38		42		9		45		14		20		13		11		40		15		78		53		47		16		52		26		45		46		9		53		48		21		63		38		68		42
26		33		18		38		35		46		55		16		36		49		53		42		19		27		26		19		0		27		37		23		18		11		27		44		19		40		50		32		11		11		34		32		31		44		35		45		10		26		17		39		6		30		43		34		59		34		44		29		33		29		42		27		10		34		45		22		44		41		49		39
27		16		45		21		52		19		82		21		53		32		36		69		36		54		53		36		27		0		48		42		45		38		54		17		8		67		23		59		26		38		17		5		14		61		62		22		33		41		38		56		25		47		16		51		42		37		71		46		28		50		69		48		29		41		72		15		29		30		32		66
47		54		23		43		72		67		34		27		73		30		22		33		56		50		55		56		37		48		0		14		55		38		16		65		40		45		71		43		26		36		35		53		52		81		52		66		47		11		54		76		43		67		64		71		24		11		33		66		20		66		41		10		47		7		36		43		19		62		34		42
41		48		9		37		58		61		40		21		59		26		30		27		42		36		41		42		23		42		14		0		41		24		12		59		34		31		65		29		16		22		29		47		46		67		38		60		33		3		40		62		29		53		58		57		36		11		29		52		14		52		27		6		33		11		30		37		21		56		28		28
44		51		32		56		39		64		37		34		18		67		71		24		19		9		8		21		18		45		55		41		0		17		39		62		37		22		68		14		29		19		52		50		49		26		17		63		12		44		7		21		20		12		61		16		77		52		26		11		51		11		24		45		16		52		27		40		62		59		67		21
37		44		15		39		34		57		44		17		35		50		54		31		18		16		17		18		11		38		38		24		17		0		22		55		30		29		61		21		12		2		35		43		42		43		24		56		9		27		16		38		13		29		54		33		60		35		33		28		34		28		31		28		9		35		34		33		45		52		50		28
53		60		9		49		56		73		28		33		57		36		32		17		40		34		39		40		27		54		16		12		39		22		0		71		46		29		77		27		28		20		41		59		58		65		36		72		31		13		38		60		29		51		70		55		38		17		17		50		26		50		25		6		31		13		20		49		25		68		40		26
24		13		62		24		49		14		99		38		58		35		43		86		43		71		70		41		44		17		65		59		62		55		71		0		25		84		8		76		43		55		30		12		17		58		79		19		50		58		55		53		42		50		5		56		45		54		88		57		45		67		86		65		46		58		89		22		46		27		35		83
21		14		37		27		46		27		74		13		47		38		42		61		30		46		45		30		19		8		40		34		37		30		46		25		0		59		31		51		18		30		23		13		20		55		54		26		25		33		30		50		17		41		24		45		48		29		63		40		22		42		61		40		21		33		64		9		33		24		38		58
66		73		22		62		61		86		15		46		28		57		61		12		41		13		14		43		40		67		45		31		22		29		29		84		59		0		90		8		41		29		54		72		71		36		7		85		34		34		29		31		42		34		83		28		67		42		12		27		41		21		4		35		38		42		9		62		52		81		57		3
24		17		68		32		41		6		105		44		64		43		49		92		49		77		76		47		50		23		71		65		68		61		77		8		31		90		0		82		49		61		36		18		25		54		85		11		56		64		61		59		48		56		13		62		53		60		94		63		51		73		92		71		52		64		95		28		52		19		43		89
58		65		20		54		53		78		23		38		30		55		59		10		33		7		12		35		32		59		43		29		14		21		27		76		51		8		82		0		33		21		46		64		63		38		9		77		26		32		21		33		34		26		75		28		65		40		12		23		39		23		10		33		30		40		13		54		50		73		55		7
25		32		19		27		46		45		56		5		47		38		42		43		30		28		29		30		11		26		26		16		29		12		28		43		18		41		49		33		0		12		23		31		30		55		36		44		21		15		28		50		17		41		42		45		48		23		45		40		22		40		43		22		21		23		46		21		33		40		38		40
37		44		13		37		36		57		44		17		37		48		52		31		20		16		19		20		11		38		36		22		19		2		20		55		30		29		61		21		12		0		33		43		42		45		24		56		11		25		18		40		13		31		54		35		58		33		33		30		32		30		31		26		11		33		34		33		43		52		48		28
44		33		32		8		69		34		69		18		70		15		19		56		53		47		52		53		34		17		35		29		52		35		41		30		23		54		36		46		23		33		0		18		17		78		49		39		44		28		51		73		40		64		29		68		25		24		58		63		15		63		56		35		44		28		59		32		16		47		15		53
30		19		50		18		55		20		87		26		56		29		33		74		39		59		58		39		32		5		53		47		50		43		59		12		13		72		18		64		31		43		18		0		11		64		67		25		38		46		43		59		30		50		11		54		39		42		76		49		33		55		74		53		34		46		77		18		34		33		29		71
41		30		49		9		66		31		86		25		67		22		30		73		50		58		57		50		31		14		52		46		49		42		58		17		20		71		25		63		30		42		17		11		0		75		66		36		41		45		48		70		37		61		12		65		28		41		75		60		32		60		73		52		41		45		76		29		33		44		18		70
34		45		58		82		25		50		51		60		10		93		97		48		25		31		26		25		44		61		81		67		26		43		65		58		55		36		54		38		55		45		78		64		75		0		31		49		34		70		27		5		38		14		63		10		103		78		48		15		77		19		40		71		34		78		45		46		88		45		93		39
61		68		29		57		56		81		20		41		21		64		68		19		36		8		9		38		35		62		52		38		17		24		36		79		54		7		85		9		36		24		49		67		66		31		0		80		29		41		24		26		37		29		78		23		74		49		19		22		48		14		11		42		33		49		16		57		59		76		64		10
19		12		63		43		30		5		100		39		59		54		58		87		44		72		71		42		45		22		66		60		63		56		72		19		26		85		11		77		44		56		39		25		36		49		80		0		51		59		56		54		43		51		24		57		64		55		89		58		46		68		87		66		47		59		90		23		49		8		54		84
32		39		24		48		27		52		49		26		26		59		63		36		9		21		20		9		10		33		47		33		12		9		31		50		25		34		56		26		21		11		44		38		41		34		29		51		0		36		7		29		8		20		49		24		69		44		38		19		43		19		36		37		4		44		39		28		54		47		59		33
40		47		12		36		61		60		41		20		62		23		27		28		45		39		44		45		26		41		11		3		44		27		13		58		33		34		64		32		15		25		28		46		45		70		41		59		36		0		43		65		32		56		57		60		33		8		30		55		13		55		30		7		36		8		31		36		18		55		27		31
37		44		31		55		32		57		44		33		19		66		70		31		12		16		15		14		17		38		54		40		7		16		38		55		30		29		61		21		28		18		51		43		48		27		24		56		7		43		0		22		13		13		54		17		76		51		33		12		50		12		31		44		9		51		34		33		61		52		66		28
35		42		53		77		30		55		46		55		5		88		92		43		20		26		21		20		39		56		76		62		21		38		60		53		50		31		59		33		50		40		73		59		70		5		26		54		29		65		22		0		33		9		58		5		98		73		43		10		72		14		35		66		29		73		40		41		83		50		88		34
24		31		20		44		29		44		57		22		30		55		59		44		13		29		28		13		6		25		43		29		20		13		29		42		17		42		48		34		17		13		40		30		37		38		37		43		8		32		13		33		0		24		41		28		65		40		46		23		39		25		44		33		4		40		47		20		50		39		55		41
32		39		44		68		27		52		49		46		8		79		83		36		11		21		20		11		30		47		67		53		12		29		51		50		41		34		56		26		41		31		64		50		61		14		29		51		20		56		13		9		24		0		49		6		89		64		38		7		63		17		36		57		20		64		39		32		74		47		79		33
29		18		61		21		54		19		98		37		57		34		42		85		42		70		69		40		43		16		64		58		61		54		70		5		24		83		13		75		42		54		29		11		12		63		78		24		49		57		54		58		41		49		0		55		40		53		87		56		44		66		85		64		45		57		88		21		45		32		30		82
38		45		48		72		33		58		43		50		2		83		87		38		15		21		16		15		34		51		71		57		16		33		55		56		45		28		62		28		45		35		68		54		65		10		23		57		24		60		17		5		28		6		55		0		93		68		38		5		67		11		30		61		24		68		35		36		78		53		83		29
69		58		45		21		94		59		58		43		95		10		6		55		78		72		77		78		59		42		24		36		77		60		38		45		48		67		53		65		48		58		25		39		28		103		74		64		69		33		76		98		65		89		40		93		0		25		55		88		26		88		63		32		69		25		58		57		15		72		10		64
44		43		20		32		69		56		45		18		70		19		19		32		53		47		52		53		34		37		11		11		52		35		17		54		29		42		60		40		23		33		24		42		41		78		49		55		44		8		51		73		40		64		53		68		25		0		34		63		9		63		38		11		44		4		35		32		10		51		23		39
70		77		26		66		65		90		11		50		40		53		49		2		45		17		22		47		44		71		33		29		26		33		17		88		63		12		94		12		45		33		58		76		75		48		19		89		38		30		33		43		46		38		87		38		55		34		0		33		43		33		8		23		42		30		3		66		42		85		57		9
39		46		43		67		34		59		42		45		7		78		82		33		14		16		13		16		29		46		66		52		11		28		50		57		40		27		63		23		40		30		63		49		60		15		22		58		19		55		12		10		23		7		56		5		88		63		33		0		62		10		29		56		19		63		32		35		73		54		78		26
43		34		19		23		68		47		54		17		69		16		20		41		52		46		51		52		33		28		20		14		51		34		26		45		22		41		51		39		22		32		15		33		32		77		48		46		43		13		50		72		39		63		44		67		26		9		43		62		0		62		41		20		43		13		44		31		11		46		16		38
49		56		43		67		44		69		34		45		9		78		82		33		24		16		11		26		29		50		66		52		11		28		50		67		42		21		73		23		40		30		63		55		60		19		14		68		19		55		12		14		25		17		66		11		88		63		33		10		62		0		25		56		21		63		30		45		73		64		78		24
68		75		24		64		63		88		13		48		32		53		57		8		43		15		16		45		42		69		41		27		24		31		25		86		61		4		92		10		43		31		56		74		73		40		11		87		36		30		31		35		44		36		85		30		63		38		8		29		41		25		0		31		40		38		5		64		48		83		55		3
47		54		13		43		62		67		34		27		63		30		26		23		46		40		45		46		27		48		10		6		45		28		6		65		40		35		71		33		22		26		35		53		52		71		42		66		37		7		44		66		33		57		64		61		32		11		23		56		20		56		31		0		37		7		26		43		19		62		34		32
28		35		24		48		25		48		53		26		26		59		63		40		9		25		24		9		10		29		47		33		16		9		31		46		21		38		52		30		21		11		44		34		41		34		33		47		4		36		9		29		4		20		45		24		69		44		42		19		43		21		40		37		0		44		43		24		54		43		59		37
44		47		20		36		69		60		41		20		70		23		19		30		53		47		52		53		34		41		7		11		52		35		13		58		33		42		64		40		23		33		28		46		45		78		49		59		44		8		51		73		40		64		57		68		25		4		30		63		13		63		38		7		44		0		33		36		12		55		27		39
71		78		27		67		66		91		10		51		37		54		52		3		46		18		19		48		45		72		36		30		27		34		20		89		64		9		95		13		46		34		59		77		76		45		16		90		39		31		34		40		47		39		88		35		58		35		3		32		44		30		5		26		43		33		0		67		43		86		58		6
12		11		40		36		37		24		77		16		38		47		51		64		21		49		48		21		22		15		43		37		40		33		49		22		9		62		28		54		21		33		32		18		29		46		57		23		28		36		33		41		20		32		21		36		57		32		66		35		31		45		64		43		24		36		67		0		42		19		47		61
54		43		30		24		79		48		53		28		80		11		9		40		63		57		62		63		44		29		19		21		62		45		25		46		33		52		52		50		33		43		16		34		33		88		59		49		54		18		61		83		50		74		45		78		15		10		42		73		11		73		48		19		54		12		43		42		0		57		15		49
15		14		59		51		22		13		96		35		55		62		66		83		40		68		67		38		41		30		62		56		59		52		68		27		24		81		19		73		40		52		47		33		44		45		76		8		47		55		52		50		39		47		32		53		72		51		85		54		46		64		83		62		43		55		86		19		57		0		62		80
59		48		35		11		84		49		68		33		85		4		12		55		68		62		67		68		49		32		34		28		67		50		40		35		38		57		43		55		38		48		15		29		18		93		64		54		59		27		66		88		55		79		30		83		10		23		57		78		16		78		55		34		59		27		58		47		15		62		0		54
65		72		21		61		60		85		16		45		31		54		58		9		40		12		13		42		39		66		42		28		21		28		26		83		58		3		89		7		40		28		53		71		70		39		10		84		33		31		28		34		41		33		82		29		64		39		9		26		38		24		3		32		37		39		6		61		49		80		54		0
