60
0		14		33		31		38		19		43		1		19		30		15		8		23		52		38		25		32		4		36		15		28		40		24		43		25		31		24		17		39		21		11		6		33		10		30		39		44		1		43		30		36		31		33		26		33		22		46		31		29		36		27		27		24		43		14		47		10		45		30		23
14		0		19		17		24		9		29		13		29		22		21		10		17		38		52		39		26		16		22		23		42		54		14		57		39		27		10		31		53		35		25		14		47		8		44		25		30		15		57		16		50		45		47		40		19		10		60		43		29		22		13		39		38		29		28		33		20		59		44		37
33		19		0		4		17		28		10		32		48		5		40		25		10		19		37		48		45		35		39		18		25		41		33		42		50		46		27		50		40		18		44		27		46		27		27		16		13		32		44		33		33		64		66		59		28		29		43		26		48		13		30		22		49		20		35		16		39		78		27		20
31		17		4		0		13		26		12		30		46		9		38		23		8		21		39		46		43		33		35		16		29		41		31		44		48		44		23		48		40		22		42		25		44		25		31		12		13		30		44		29		37		62		64		57		24		27		47		30		46		9		26		26		47		16		33		16		37		76		31		24
38		24		17		13		0		33		11		37		53		22		45		30		17		30		52		53		50		40		32		23		42		54		38		57		55		51		22		55		53		35		49		32		51		32		44		1		6		37		57		26		50		69		71		64		11		34		60		43		53		4		21		39		54		5		40		9		44		83		44		37
19		9		28		26		33		0		38		18		20		27		12		15		22		47		57		44		17		15		17		28		47		59		5		62		44		18		11		30		58		40		16		19		52		9		49		34		39		20		62		11		55		36		38		41		28		3		65		48		20		31		12		44		43		38		33		42		11		50		49		42
43		29		10		12		11		38		0		42		58		13		50		35		20		19		47		58		55		45		37		28		31		51		43		52		60		56		27		60		50		28		54		37		56		37		33		10		7		42		54		31		39		74		76		69		22		39		49		32		58		7		26		28		59		14		45		10		49		88		33		26
1		13		32		30		37		18		42		0		18		29		14		7		22		51		39		26		31		3		35		14		29		41		23		44		26		30		23		18		40		22		12		5		34		9		31		38		43		2		44		29		37		32		34		27		32		21		47		30		28		35		26		26		25		42		15		46		9		46		31		24
19		29		48		46		53		20		58		18		0		45		8		23		38		67		57		44		13		15		21		30		47		59		15		62		44		12		31		30		58		40		12		21		52		21		49		54		59		20		62		27		55		24		36		41		48		19		65		48		10		51		32		44		43		58		33		62		9		30		49		42
30		22		5		9		22		27		13		29		45		0		37		22		7		22		34		45		42		32		44		15		20		38		32		39		47		43		32		47		37		15		41		24		43		24		22		21		18		29		41		38		28		61		63		56		33		30		38		21		45		18		35		17		46		25		32		21		36		75		22		15
15		21		40		38		45		12		50		14		8		37		0		15		30		59		53		40		17		11		21		24		43		55		9		58		40		16		23		26		54		36		8		15		48		13		45		46		51		16		58		19		51		24		32		37		40		11		61		44		14		43		24		40		39		50		29		54		5		38		45		38
8		10		25		23		30		15		35		7		23		22		15		0		15		44		42		29		28		10		32		13		32		44		20		47		29		27		20		25		43		25		19		4		37		6		34		31		36		7		47		26		40		39		41		34		25		18		50		33		25		28		23		29		28		35		18		39		14		53		34		27
23		17		10		8		17		22		20		22		38		7		30		15		0		29		35		38		35		25		39		8		25		37		27		40		40		36		27		40		36		18		34		17		36		17		27		16		21		22		40		33		33		54		56		49		28		25		43		26		38		13		30		22		39		20		25		24		29		68		27		20
52		38		19		21		30		47		19		51		67		22		59		44		29		0		56		67		64		54		52		37		38		60		52		61		69		65		40		69		59		37		63		46		65		46		24		29		26		51		63		46		36		83		85		78		41		48		44		21		67		26		43		25		68		33		54		29		58		97		34		31
38		52		37		39		52		57		47		39		57		34		53		42		35		56		0		13		70		42		74		29		18		4		62		5		13		69		62		27		3		19		45		38		9		48		32		51		48		37		7		68		20		33		29		22		63		60		12		35		67		48		65		31		14		55		24		51		48		41		22		25
25		39		48		46		53		44		58		26		44		45		40		29		38		67		13		0		57		29		61		30		29		15		49		18		2		56		49		14		14		30		32		25		8		35		43		54		59		24		18		55		31		20		18		11		50		47		23		46		54		51		52		42		1		58		13		62		35		30		33		36
32		26		45		43		50		17		55		31		13		42		17		28		35		64		70		57		0		28		18		41		60		72		12		75		57		1		28		43		71		53		25		32		65		22		62		51		56		33		75		24		68		37		49		54		45		16		78		61		3		48		29		57		56		55		46		59		22		33		62		55
4		16		35		33		40		15		45		3		15		32		11		10		25		54		42		29		28		0		32		17		32		44		20		47		29		27		20		15		43		25		9		8		37		8		34		41		46		5		47		26		40		29		31		26		35		18		50		33		25		38		23		29		28		45		18		49		6		43		34		27
36		22		39		35		32		17		37		35		21		44		21		32		39		52		74		61		18		32		0		45		64		76		12		79		61		19		12		47		75		57		29		36		69		26		66		33		38		37		79		6		72		41		53		58		27		14		82		65		21		30		11		61		60		37		50		41		26		51		66		59
15		23		18		16		23		28		28		14		30		15		24		13		8		37		29		30		41		17		45		0		19		31		33		34		32		40		33		32		30		12		26		9		28		19		21		24		29		14		34		39		27		46		48		41		34		31		37		20		38		21		36		16		31		28		17		32		21		60		21		14
28		42		25		29		42		47		31		29		47		20		43		32		25		38		18		29		60		32		64		19		0		22		52		23		31		59		52		31		21		7		35		28		27		38		14		41		38		27		25		58		8		45		47		40		53		50		18		17		57		38		55		13		30		45		16		41		38		59		4		7
40		54		41		41		54		59		51		41		59		38		55		44		37		60		4		15		72		44		76		31		22		0		64		3		15		71		64		29		1		23		47		40		7		50		36		53		52		39		3		70		24		35		25		18		65		62		16		39		69		50		67		35		16		57		26		55		50		41		26		29
24		14		33		31		38		5		43		23		15		32		9		20		27		52		62		49		12		20		12		33		52		64		0		67		49		13		16		35		63		45		17		24		57		14		54		39		44		25		67		12		60		31		41		46		33		4		70		53		15		36		17		49		48		43		38		47		14		45		54		47
43		57		42		44		57		62		52		44		62		39		58		47		40		61		5		18		75		47		79		34		23		3		67		0		18		74		67		32		4		24		50		43		10		53		37		56		53		42		2		73		25		38		26		21		68		65		17		40		72		53		70		36		19		60		29		56		53		44		27		30
25		39		50		48		55		44		60		26		44		47		40		29		40		69		13		2		57		29		61		32		31		15		49		18		0		56		49		14		14		32		32		25		8		35		45		56		61		24		18		55		33		20		16		9		50		47		25		48		54		53		52		44		1		60		15		64		35		28		35		38
31		27		46		44		51		18		56		30		12		43		16		27		36		65		69		56		1		27		19		40		59		71		13		74		56		0		29		42		70		52		24		31		64		21		61		52		57		32		74		25		67		36		48		53		46		17		77		60		2		49		30		56		55		56		45		60		21		32		61		54
24		10		27		23		22		11		27		23		31		32		23		20		27		40		62		49		28		20		12		33		52		64		16		67		49		29		0		35		63		45		27		24		57		14		54		23		28		25		67		6		60		47		49		46		17		12		70		53		31		20		3		49		48		27		38		31		22		61		54		47
17		31		50		48		55		30		60		18		30		47		26		25		40		69		27		14		43		15		47		32		31		29		35		32		14		42		35		0		28		32		18		23		22		23		45		56		61		18		32		41		33		14		16		11		50		33		35		48		40		53		38		44		13		60		15		64		21		28		35		38
39		53		40		40		53		58		50		40		58		37		54		43		36		59		3		14		71		43		75		30		21		1		63		4		14		70		63		28		0		22		46		39		6		49		35		52		51		38		4		69		23		34		26		19		64		61		15		38		68		49		66		34		15		56		25		54		49		40		25		28
21		35		18		22		35		40		28		22		40		15		36		25		18		37		19		30		53		25		57		12		7		23		45		24		32		52		45		32		22		0		28		21		28		31		13		34		31		20		26		51		15		46		48		41		46		43		25		16		50		31		48		12		31		38		17		34		31		60		9		6
11		25		44		42		49		16		54		12		12		41		8		19		34		63		45		32		25		9		29		26		35		47		17		50		32		24		27		18		46		28		0		17		40		17		39		50		55		12		50		23		43		20		24		29		44		15		53		42		22		47		28		38		31		54		21		58		5		34		37		32
6		14		27		25		32		19		37		5		21		24		15		4		17		46		38		25		32		8		36		9		28		40		24		43		25		31		24		23		39		21		17		0		33		10		30		33		38		5		43		30		36		37		39		32		27		22		46		29		29		30		27		25		24		37		14		41		12		51		30		23
33		47		46		44		51		52		56		34		52		43		48		37		36		65		9		8		65		37		69		28		27		7		57		10		8		64		57		22		6		28		40		33		0		43		41		52		57		32		10		63		29		28		20		13		58		55		21		44		62		49		60		40		9		56		19		60		43		34		31		34
10		8		27		25		32		9		37		9		21		24		13		6		17		46		48		35		22		8		26		19		38		50		14		53		35		21		14		23		49		31		17		10		43		0		40		33		38		11		53		20		46		37		39		32		27		12		56		39		21		30		17		35		34		37		24		41		12		51		40		33
30		44		27		31		44		49		33		31		49		22		45		34		27		24		32		43		62		34		66		21		14		36		54		37		45		61		54		45		35		13		39		30		41		40		0		43		40		29		39		60		12		59		61		54		55		52		20		3		59		40		57		5		44		47		30		43		40		73		10		7
39		25		16		12		1		34		10		38		54		21		46		31		16		29		51		54		51		41		33		24		41		53		39		56		56		52		23		56		52		34		50		33		52		33		43		0		5		38		56		27		49		70		72		65		12		35		59		42		54		3		22		38		55		4		41		8		45		84		43		36
44		30		13		13		6		39		7		43		59		18		51		36		21		26		48		59		56		46		38		29		38		52		44		53		61		57		28		61		51		31		55		38		57		38		40		5		0		43		55		32		46		75		77		70		15		40		56		39		59		8		27		35		60		7		46		3		50		89		40		33
1		15		32		30		37		20		42		2		20		29		16		7		22		51		37		24		33		5		37		14		27		39		25		42		24		32		25		18		38		20		12		5		32		11		29		38		43		0		42		31		35		32		34		27		32		23		45		30		30		35		28		26		23		42		13		46		11		46		29		22
43		57		44		44		57		62		54		44		62		41		58		47		40		63		7		18		75		47		79		34		25		3		67		2		18		74		67		32		4		26		50		43		10		53		39		56		55		42		0		73		27		38		26		21		68		65		19		42		72		53		70		38		19		60		29		58		53		44		29		32
30		16		33		29		26		11		31		29		27		38		19		26		33		46		68		55		24		26		6		39		58		70		12		73		55		25		6		41		69		51		23		30		63		20		60		27		32		31		73		0		66		43		47		52		21		8		76		59		27		24		5		55		54		31		44		35		20		57		60		53
36		50		33		37		50		55		39		37		55		28		51		40		33		36		20		31		68		40		72		27		8		24		60		25		33		67		60		33		23		15		43		36		29		46		12		49		46		35		27		66		0		47		49		42		61		58		10		15		65		46		63		11		32		53		22		49		46		61		6		13
31		45		64		62		69		36		74		32		24		61		24		39		54		83		33		20		37		29		41		46		45		35		31		38		20		36		47		14		34		46		20		37		28		37		59		70		75		32		38		43		47		0		12		17		64		35		41		62		34		67		48		58		19		74		29		78		25		14		49		52
33		47		66		64		71		38		76		34		36		63		32		41		56		85		29		18		49		31		53		48		47		25		41		26		16		48		49		16		26		48		24		39		20		39		61		72		77		34		26		47		49		12		0		7		66		39		41		64		46		69		50		60		17		76		31		80		27		18		51		54
26		40		59		57		64		41		69		27		41		56		37		34		49		78		22		11		54		26		58		41		40		18		46		21		9		53		46		11		19		41		29		32		13		32		54		65		70		27		21		52		42		17		7		0		59		44		34		57		51		62		49		53		10		69		24		73		32		23		44		47
33		19		28		24		11		28		22		32		48		33		40		25		28		41		63		50		45		35		27		34		53		65		33		68		50		46		17		50		64		46		44		27		58		27		55		12		15		32		68		21		61		64		66		59		0		29		71		54		48		15		16		50		49		10		39		14		39		78		55		48
22		10		29		27		34		3		39		21		19		30		11		18		25		48		60		47		16		18		14		31		50		62		4		65		47		17		12		33		61		43		15		22		55		12		52		35		40		23		65		8		58		35		39		44		29		0		68		51		19		32		13		47		46		39		36		43		12		49		52		45
46		60		43		47		60		65		49		47		65		38		61		50		43		44		12		23		78		50		82		37		18		16		70		17		25		77		70		35		15		25		53		46		21		56		20		59		56		45		19		76		10		41		41		34		71		68		0		23		75		56		73		21		24		63		32		59		56		53		16		23
31		43		26		30		43		48		32		30		48		21		44		33		26		21		35		46		61		33		65		20		17		39		53		40		48		60		53		48		38		16		42		29		44		39		3		42		39		30		42		59		15		62		64		57		54		51		23		0		58		39		56		4		47		46		33		42		39		76		13		10
29		29		48		46		53		20		58		28		10		45		14		25		38		67		67		54		3		25		21		38		57		69		15		72		54		2		31		40		68		50		22		29		62		21		59		54		59		30		72		27		65		34		46		51		48		19		75		58		0		51		32		54		53		58		43		62		19		30		59		52
36		22		13		9		4		31		7		35		51		18		43		28		13		26		48		51		48		38		30		21		38		50		36		53		53		49		20		53		49		31		47		30		49		30		40		3		8		35		53		24		46		67		69		62		15		32		56		39		51		0		19		35		52		7		38		11		42		81		40		33
27		13		30		26		21		12		26		26		32		35		24		23		30		43		65		52		29		23		11		36		55		67		17		70		52		30		3		38		66		48		28		27		60		17		57		22		27		28		70		5		63		48		50		49		16		13		73		56		32		19		0		52		51		26		41		30		23		62		57		50
27		39		22		26		39		44		28		26		44		17		40		29		22		25		31		42		57		29		61		16		13		35		49		36		44		56		49		44		34		12		38		25		40		35		5		38		35		26		38		55		11		58		60		53		50		47		21		4		54		35		52		0		43		42		29		38		35		72		9		6
24		38		49		47		54		43		59		25		43		46		39		28		39		68		14		1		56		28		60		31		30		16		48		19		1		55		48		13		15		31		31		24		9		34		44		55		60		23		19		54		32		19		17		10		49		46		24		47		53		52		51		43		0		59		14		63		34		29		34		37
43		29		20		16		5		38		14		42		58		25		50		35		20		33		55		58		55		45		37		28		45		57		43		60		60		56		27		60		56		38		54		37		56		37		47		4		7		42		60		31		53		74		76		69		10		39		63		46		58		7		26		42		59		0		45		4		49		88		47		40
14		28		35		33		40		33		45		15		33		32		29		18		25		54		24		13		46		18		50		17		16		26		38		29		15		45		38		15		25		17		21		14		19		24		30		41		46		13		29		44		22		29		31		24		39		36		32		33		43		38		41		29		14		45		0		49		24		43		20		23
47		33		16		16		9		42		10		46		62		21		54		39		24		29		51		62		59		49		41		32		41		55		47		56		64		60		31		64		54		34		58		41		60		41		43		8		3		46		58		35		49		78		80		73		14		43		59		42		62		11		30		38		63		4		49		0		53		92		43		36
10		20		39		37		44		11		49		9		9		36		5		14		29		58		48		35		22		6		26		21		38		50		14		53		35		21		22		21		49		31		5		12		43		12		40		45		50		11		53		20		46		25		27		32		39		12		56		39		19		42		23		35		34		49		24		53		0		39		40		33
45		59		78		76		83		50		88		46		30		75		38		53		68		97		41		30		33		43		51		60		59		41		45		44		28		32		61		28		40		60		34		51		34		51		73		84		89		46		44		57		61		14		18		23		78		49		53		76		30		81		62		72		29		88		43		92		39		0		63		66
30		44		27		31		44		49		33		31		49		22		45		34		27		34		22		33		62		34		66		21		4		26		54		27		35		61		54		35		25		9		37		30		31		40		10		43		40		29		29		60		6		49		51		44		55		52		16		13		59		40		57		9		34		47		20		43		40		63		0		7
23		37		20		24		37		42		26		24		42		15		38		27		20		31		25		36		55		27		59		14		7		29		47		30		38		54		47		38		28		6		32		23		34		33		7		36		33		22		32		53		13		52		54		47		48		45		23		10		52		33		50		6		37		40		23		36		33		66		7		0
