140
0		20		113		90		36		117		100		105		50		83		21		39		46		67		97		48		63		65		109		83		79		87		41		112		45		34		105		113		83		102		53		86		121		50		78		66		143		132		56		107		26		131		69		43		92		36		65		80		56		32		72		68		89		76		42		62		70		38		76		72		62		85		95		51		56		102		47		88		75		128		43		77		52		77		87		23		90		41		92		82		28		61		68		52		36		79		72		99		57		33		58		63		119		95		53		125		95		61		47		72		95		61		66		51		83		58		107		45		58		111		53		118		18		92		111		92		88		75		53		87		115		64		109		87		33		120		40		19		61		75		96		64		32		44		28		112		92		81		28		59
20		0		93		70		30		97		80		85		48		85		23		37		26		65		77		52		43		67		111		77		77		67		49		92		49		48		85		93		63		82		59		76		119		52		76		64		123		134		76		87		24		111		61		49		72		34		67		60		76		22		52		70		109		96		22		62		90		36		78		92		82		75		75		53		36		82		45		86		55		130		23		75		54		75		107		15		88		39		72		84		38		63		66		54		16		77		92		79		37		13		38		43		99		75		33		127		93		41		49		74		75		63		68		71		85		38		87		65		56		113		55		116		34		94		91		94		68		77		51		67		117		52		89		67		31		100		36		39		41		55		98		60		38		24		24		92		94		61		26		57
113		93		0		23		77		12		69		70		117		92		94		106		67		92		44		145		50		98		118		84		92		26		142		7		142		141		62		58		30		11		152		83		112		95		115		57		30		141		169		38		117		28		68		142		63		97		74		33		169		81		41		99		202		189		71		155		183		97		85		185		175		82		32		64		57		69		118		79		38		137		70		146		65		128		200		90		95		74		53		113		131		150		79		111		77		138		185		14		56		80		55		50		20		70		60		134		86		52		102		141		64		128		89		164		92		55		22		158		77		120		148		109		127		101		44		101		55		84		76		60		124		59		42		26		112		13		73		132		52		60		105		53		131		69		85		45		101		32		105		148
90		70		23		0		54		27		46		47		94		69		71		83		44		81		21		122		29		75		95		61		93		9		119		22		119		118		39		35		15		22		129		60		135		72		92		80		53		118		146		61		94		51		45		119		40		74		51		26		146		58		18		76		179		166		48		132		160		74		62		162		152		59		55		41		34		46		95		102		47		114		47		123		42		105		177		67		104		55		30		90		108		127		82		88		54		115		162		37		33		57		42		27		29		47		37		111		109		29		79		118		87		105		66		141		69		32		45		135		72		97		125		132		104		78		67		78		32		61		67		83		101		36		19		19		89		30		52		109		29		37		82		76		108		46		62		22		78		41		82		125
36		30		77		54		0		81		92		93		40		115		53		29		26		35		67		68		27		97		141		107		47		51		73		76		77		64		85		81		47		66		85		106		89		82		46		34		107		164		92		71		40		95		91		75		86		20		97		44		92		52		58		100		125		112		40		78		106		20		108		108		98		105		59		83		32		92		41		56		39		160		43		69		84		51		123		15		58		9		76		114		60		93		36		84		24		61		108		63		57		39		22		31		83		93		63		157		63		59		79		104		59		93		98		87		115		56		71		81		26		143		85		86		50		124		75		124		78		107		21		51		147		82		73		51		35		84		6		55		25		83		128		30		64		30		8		76		124		45		28		71
117		97		12		27		81		0		57		58		121		80		98		110		71		96		32		149		54		102		106		72		96		30		146		5		146		145		50		46		34		15		156		71		124		99		119		69		26		129		173		50		121		40		56		146		51		101		76		37		173		85		45		103		206		193		75		159		187		101		73		189		179		70		44		68		61		57		122		91		42		125		74		150		69		132		204		94		99		78		41		117		135		154		83		115		81		142		189		26		60		84		59		54		8		58		64		122		98		56		106		145		76		132		93		168		80		59		34		162		81		108		152		121		131		89		56		95		43		88		80		72		112		53		30		30		116		3		77		136		56		48		97		65		135		73		89		33		103		36		109		152
100		80		69		46		92		57		0		5		110		23		81		99		66		127		25		132		75		85		57		17		139		55		129		62		129		128		7		13		61		68		139		14		181		82		138		126		81		72		156		107		104		97		31		129		8		96		59		72		156		68		34		86		189		176		58		142		170		98		46		172		162		15		101		51		60		2		107		148		93		74		57		137		52		137		187		77		150		101		16		100		118		137		128		98		68		139		172		83		43		67		88		61		49		5		47		65		155		39		89		128		133		115		76		151		23		42		91		145		118		59		135		178		114		70		113		78		14		71		113		129		71		36		27		65		99		56		98		119		69		25		80		122		118		62		86		24		86		87		92		135
105		85		70		47		93		58		5		0		111		28		86		100		67		128		26		137		76		90		62		22		140		56		134		63		134		133		8		12		62		69		144		19		182		87		139		127		82		75		161		108		109		98		36		134		13		97		64		73		161		73		35		91		194		181		63		147		175		99		51		177		167		20		102		56		61		3		110		149		94		79		62		138		57		138		192		82		151		102		17		105		123		142		129		103		69		140		177		84		48		72		89		62		50		10		52		64		156		44		94		133		134		120		81		156		22		47		92		150		119		64		140		179		119		75		114		83		17		76		114		130		76		41		28		66		104		57		99		124		70		30		85		123		123		63		87		25		91		88		97		140
50		48		117		94		40		121		110		111		0		133		71		11		50		25		101		28		67		115		159		125		29		91		91		116		95		24		109		117		87		106		103		124		71		100		28		62		147		182		88		111		24		135		109		93		104		20		115		84		72		70		76		118		85		72		58		38		72		20		126		68		58		123		99		101		60		110		3		56		79		178		61		29		102		27		83		33		40		43		96		132		78		111		38		102		42		29		68		103		75		57		62		67		123		111		81		175		45		77		97		122		99		111		116		47		133		74		111		63		40		161		103		68		32		142		115		142		96		125		41		91		165		100		113		91		17		124		44		63		65		101		146		68		82		48		32		116		142		85		22		31
83		85		92		69		115		80		23		28		133		0		62		122		89		150		48		131		98		62		34		8		162		78		106		85		106		117		30		36		84		91		116		9		204		59		161		149		104		49		133		130		109		120		24		106		29		119		36		95		133		63		57		63		166		153		75		145		147		121		23		149		139		10		124		32		83		25		130		171		116		51		72		160		31		160		164		100		173		124		39		77		95		114		151		75		91		162		149		106		58		76		111		84		72		22		52		42		178		56		66		105		156		92		53		130		6		59		114		122		141		36		112		201		101		47		136		55		37		48		136		152		48		33		50		88		116		79		121		96		92		32		57		145		95		85		109		47		63		110		111		142
21		23		94		71		53		98		81		86		71		62		0		60		27		88		78		69		44		44		88		64		100		68		48		93		48		55		86		94		64		83		58		67		142		29		99		87		124		111		75		88		47		112		50		48		73		57		44		61		75		13		53		47		108		95		23		83		89		59		55		91		81		66		76		30		37		83		68		109		56		107		24		98		31		98		106		38		111		62		73		61		37		56		89		31		29		100		91		80		38		14		49		44		100		76		34		104		116		42		26		51		94		40		45		70		64		39		88		64		79		90		54		139		39		71		92		71		69		54		74		90		94		45		90		68		54		101		59		38		42		56		75		83		37		25		47		93		71		62		49		80
39		37		106		83		29		110		99		100		11		122		60		0		39		28		90		39		56		104		148		114		40		80		80		105		84		35		98		106		76		95		92		113		82		89		39		51		136		171		77		100		13		124		98		82		93		9		104		73		63		59		65		107		96		83		47		49		77		9		115		79		69		112		88		90		49		99		12		49		68		167		50		40		91		38		94		22		51		32		85		121		67		100		29		91		31		40		79		92		64		46		51		56		112		100		70		164		56		66		86		111		88		100		105		58		122		63		100		52		29		150		92		79		21		131		104		131		85		114		30		80		154		89		102		80		6		113		33		52		54		90		135		57		71		37		21		105		131		74		11		42
46		26		67		44		26		71		66		67		50		89		27		39		0		61		51		78		17		71		115		81		73		41		75		66		75		74		59		67		37		56		85		80		115		56		72		60		97		138		102		61		50		85		65		75		60		30		71		34		102		26		32		74		135		122		14		88		116		32		82		118		108		79		49		57		10		66		51		82		29		134		17		79		58		71		133		23		84		35		50		88		64		83		62		58		10		73		118		53		31		13		22		17		73		67		37		131		89		33		53		78		67		67		72		97		89		30		61		91		52		117		81		112		60		98		65		98		52		81		47		63		121		56		63		41		45		74		32		65		15		57		102		56		64		4		20		66		98		35		38		81
67		65		92		81		35		96		127		128		25		150		88		28		61		0		102		53		52		132		176		142		12		72		108		91		112		49		120		116		66		81		120		141		54		117		23		37		122		199		105		86		41		110		126		110		121		31		132		59		89		87		93		135		110		97		75		63		91		29		143		93		83		140		74		118		67		127		26		31		54		195		78		54		119		36		108		50		23		26		111		149		95		128		13		119		59		46		93		78		92		74		39		66		98		128		98		192		28		94		114		139		74		128		133		72		150		91		86		80		15		178		120		51		49		159		90		159		113		142		16		66		182		117		100		66		34		99		29		80		58		118		163		43		99		65		41		103		159		60		39		56
97		77		44		21		67		32		25		26		101		48		78		90		51		102		0		129		50		82		74		40		114		30		126		37		126		125		18		16		36		43		136		39		156		79		113		101		56		97		153		82		101		72		28		126		19		81		56		47		153		65		25		83		186		173		55		139		167		81		43		169		159		38		76		48		41		25		102		123		68		93		54		130		49		112		184		74		125		76		9		97		115		134		103		95		61		122		169		58		40		64		63		36		24		26		44		90		130		36		86		125		108		112		73		148		48		39		66		142		93		76		132		153		111		67		88		75		11		68		88		104		80		33		12		40		96		31		73		116		44		22		77		97		115		53		69		15		83		62		89		132
48		52		145		122		68		149		132		137		28		131		69		39		78		53		129		0		95		113		157		123		53		119		89		144		93		14		137		145		115		134		101		122		73		98		30		90		175		180		86		139		28		163		107		91		124		48		113		112		70		68		104		116		57		44		74		14		70		48		124		40		30		121		127		99		88		134		27		84		107		176		75		29		100		29		55		55		50		71		124		130		76		109		66		100		68		31		58		131		89		65		90		95		151		127		85		173		69		93		95		120		127		109		114		19		131		90		139		61		68		159		101		70		30		140		143		140		120		123		69		119		163		98		141		119		33		152		72		61		93		107		144		96		80		76		60		144		140		113		40		11
63		43		50		29		27		54		75		76		67		98		44		56		17		52		50		95		0		80		124		90		64		24		92		49		92		91		68		64		20		39		102		89		106		65		65		51		80		147		119		44		67		68		74		92		69		47		80		17		119		35		41		83		152		139		23		105		133		47		91		135		125		88		32		66		15		75		68		73		18		143		26		96		67		78		150		40		75		26		59		97		81		100		53		67		27		88		135		36		40		30		13		14		56		76		46		140		80		42		62		91		58		78		81		114		98		39		44		108		43		126		98		103		77		107		48		107		61		90		38		54		130		65		48		24		62		57		23		82		6		66		111		47		81		19		35		51		107		18		55		98
65		67		98		75		97		102		85		90		115		62		44		104		71		132		82		113		80		0		44		68		144		72		44		97		44		99		90		98		68		87		54		71		186		15		143		131		128		67		71		112		91		116		54		44		77		101		26		77		71		45		57		3		104		97		57		127		85		103		39		87		93		70		106		34		65		87		112		153		98		63		54		142		33		142		102		82		155		106		77		17		37		52		133		13		73		144		87		88		42		58		93		66		104		80		38		60		160		46		18		43		138		30		9		112		68		43		96		60		123		46		50		183		83		27		118		27		73		14		118		134		50		49		94		72		98		105		103		52		74		60		31		127		33		67		91		97		27		92		93		124
109		111		118		95		141		106		57		62		159		34		88		148		115		176		74		157		124		44		0		40		188		104		72		111		72		143		62		70		110		117		82		43		230		59		187		175		130		23		99		156		135		146		50		72		55		145		44		121		99		89		83		41		132		141		101		171		113		147		33		125		137		42		150		58		109		59		156		197		142		19		98		186		57		186		130		126		199		150		65		43		81		80		177		57		117		188		115		132		84		102		137		110		98		52		78		16		204		82		62		71		182		58		43		156		40		85		140		96		167		2		78		227		127		17		162		21		63		34		162		178		14		59		76		114		142		105		147		96		118		58		23		171		77		111		135		73		29		136		137		168
83		77		84		61		107		72		17		22		125		8		64		114		81		142		40		123		90		68		40		0		154		70		112		77		112		111		22		30		76		83		122		3		196		65		153		141		96		57		139		122		101		112		16		112		21		111		42		87		139		55		49		69		172		159		67		137		153		113		29		155		145		2		116		34		75		19		122		163		108		57		64		152		35		152		170		92		165		116		31		83		101		120		143		81		83		154		155		98		50		68		103		76		64		14		44		50		170		48		72		111		148		98		59		134		8		51		106		128		133		42		118		193		97		53		128		61		29		54		128		144		54		25		42		80		108		71		113		102		84		24		63		137		101		77		101		39		69		102		103		134
79		77		92		93		47		96		139		140		29		162		100		40		73		12		114		53		64		144		188		154		0		84		120		91		124		49		132		128		78		81		132		153		42		129		23		37		122		211		117		86		53		110		138		122		133		43		144		67		101		99		105		147		110		97		87		63		101		41		155		93		83		152		74		130		79		139		32		31		54		207		90		54		131		36		108		62		11		38		123		161		107		140		13		131		71		46		93		78		104		86		51		78		98		140		110		204		16		106		126		151		74		140		145		72		162		103		86		92		21		190		132		39		61		171		90		171		125		154		26		66		194		129		112		74		46		99		41		92		70		130		175		43		111		77		53		115		171		60		51		56
87		67		26		9		51		30		55		56		91		78		68		80		41		72		30		119		24		72		104		70		84		0		116		25		116		115		48		44		6		15		126		69		126		69		89		71		56		127		143		52		91		44		54		116		49		71		60		17		143		55		21		73		176		163		45		129		157		71		71		159		149		68		46		46		31		55		92		93		38		123		44		120		47		102		174		64		95		48		39		87		105		124		73		85		51		112		159		28		30		54		33		24		32		56		34		120		100		26		76		115		78		102		63		138		78		29		36		132		63		106		122		123		101		87		58		87		41		70		58		74		110		45		28		10		86		33		47		106		26		46		91		67		105		43		59		31		87		32		79		122
41		49		142		119		73		146		129		134		91		106		48		80		75		108		126		89		92		44		72		112		120		116		0		141		4		75		134		142		112		131		12		115		162		47		119		107		172		91		27		136		67		160		98		2		121		77		70		109		27		61		101		43		60		73		71		103		41		79		83		57		69		114		124		78		85		131		88		129		104		87		72		118		77		118		58		58		131		82		121		41		13		20		109		31		65		120		43		128		86		62		87		92		148		124		82		84		136		90		40		31		124		20		53		88		112		87		136		28		99		70		12		159		59		59		140		51		117		58		94		116		74		93		138		116		74		149		79		28		90		104		55		103		11		73		67		141		51		110		69		100
112		92		7		22		76		5		62		63		116		85		93		105		66		91		37		144		49		97		111		77		91		25		141		0		141		140		55		51		29		10		151		76		119		94		114		64		31		134		168		45		116		35		61		141		56		96		71		32		168		80		40		98		201		188		70		154		182		96		78		184		174		75		39		63		56		62		117		86		37		130		69		145		64		127		199		89		94		73		46		112		130		149		78		110		76		137		184		21		55		79		54		49		13		63		59		127		93		51		101		140		71		127		88		163		85		54		29		157		76		113		147		116		126		94		51		94		48		83		75		67		117		52		35		25		111		8		72		131		51		53		98		60		130		68		84		38		98		31		104		147
45		49		142		119		77		146		129		134		95		106		48		84		75		112		126		93		92		44		72		112		124		116		4		141		0		79		134		142		112		131		10		115		166		47		123		111		172		87		27		136		71		160		98		2		121		81		70		109		27		61		101		43		60		77		71		107		41		83		83		61		73		114		124		78		85		131		92		133		104		83		72		122		77		122		58		62		135		86		121		37		17		16		113		31		65		124		43		128		86		62		87		92		148		124		82		80		140		90		40		27		124		16		53		92		112		87		136		32		103		70		8		163		63		59		140		51		117		58		98		116		70		93		138		116		78		149		83		32		90		104		51		107		13		73		71		141		47		110		73		104
34		48		141		118		64		145		128		133		24		117		55		35		74		49		125		14		91		99		143		111		49		115		75		140		79		0		133		141		111		130		87		114		87		84		44		86		171		166		72		135		24		159		97		77		120		44		99		108		56		60		100		102		61		48		70		28		56		44		110		44		34		113		123		85		84		130		23		80		103		162		71		43		86		43		59		51		56		67		120		116		62		95		62		86		64		45		44		127		85		61		86		91		147		123		81		159		65		89		81		106		123		95		100		23		117		86		135		47		64		145		87		84		16		126		139		126		116		109		65		115		149		92		137		115		29		148		68		47		89		103		130		92		66		72		56		140		126		109		36		25
105		85		62		39		85		50		7		8		109		30		86		98		59		120		18		137		68		90		62		22		132		48		134		55		134		133		0		8		54		61		144		21		174		87		131		119		74		79		161		100		109		90		36		134		13		89		64		65		161		73		33		91		194		181		63		147		175		91		51		177		167		20		94		56		53		7		110		141		86		79		62		138		57		130		192		82		143		94		13		105		123		142		121		103		69		132		177		76		48		72		81		54		42		10		52		72		148		44		94		133		126		120		81		156		30		47		84		150		111		64		140		171		119		75		106		83		17		76		106		122		76		41		20		58		104		49		91		124		62		30		85		115		123		61		79		17		91		80		97		140
113		93		58		35		81		46		13		12		117		36		94		106		67		116		16		145		64		98		70		30		128		44		142		51		142		141		8		0		50		57		152		27		170		95		127		115		70		83		169		96		117		86		44		142		21		97		72		61		169		81		41		99		202		189		71		155		183		97		59		185		175		28		90		64		57		11		118		137		82		87		70		146		65		128		200		90		139		90		21		113		131		150		117		111		77		138		185		72		56		80		77		50		38		18		60		76		144		52		102		141		122		128		89		164		34		55		80		158		107		72		148		167		127		83		102		91		25		84		102		118		84		49		16		54		112		45		87		132		58		38		93		111		131		69		85		13		99		76		105		148
83		63		30		15		47		34		61		62		87		84		64		76		37		66		36		115		20		68		110		76		78		6		112		29		112		111		54		50		0		19		122		75		120		65		85		65		60		133		139		46		87		48		60		112		55		67		66		11		139		51		27		69		172		159		41		125		153		67		77		155		145		74		40		52		27		61		88		87		32		129		40		116		53		98		170		60		89		44		45		83		101		120		67		81		47		108		155		22		26		50		27		20		36		62		32		126		94		28		72		111		72		98		67		134		84		25		30		128		57		112		118		117		97		93		52		93		47		76		52		68		116		51		34		4		82		37		43		102		22		52		97		61		101		39		55		37		93		26		75		118
102		82		11		22		66		15		68		69		106		91		83		95		56		81		43		134		39		87		117		83		81		15		131		10		131		130		61		57		19		0		141		82		113		84		104		58		41		140		158		39		106		29		67		131		62		86		73		22		158		70		34		88		191		178		60		144		172		86		84		174		164		81		33		59		46		68		107		80		27		136		59		135		60		117		189		79		84		63		52		102		120		139		68		100		66		127		174		15		45		69		44		39		19		69		49		133		87		41		91		130		65		117		78		153		91		44		23		147		66		119		137		110		116		100		45		100		54		83		65		61		123		58		41		15		101		18		62		121		41		59		104		54		120		58		74		44		100		21		94		137
53		59		152		129		85		156		139		144		103		116		58		92		85		120		136		101		102		54		82		122		132		126		12		151		10		87		144		152		122		141		0		125		174		57		131		119		182		79		17		146		79		170		108		10		131		89		80		119		31		71		111		53		68		85		81		115		31		91		93		69		81		124		134		88		95		141		100		141		114		75		82		130		87		130		56		70		143		94		131		39		25		8		121		41		75		132		43		138		96		72		97		102		158		134		92		80		148		100		50		19		134		24		63		100		122		97		146		40		111		80		4		171		71		69		150		61		127		68		106		126		68		103		148		126		86		159		91		40		100		114		59		115		21		83		79		151		53		120		81		112
86		76		83		60		106		71		14		19		124		9		67		113		80		141		39		122		89		71		43		3		153		69		115		76		115		114		21		27		75		82		125		0		195		68		152		140		95		58		142		121		100		111		17		115		20		110		45		86		142		54		48		72		175		162		66		136		156		112		32		158		148		1		115		37		74		16		121		162		107		60		63		151		38		151		173		91		164		115		30		86		104		123		142		84		82		153		158		97		49		67		102		75		63		13		43		51		169		47		75		114		147		101		62		137		9		50		105		131		132		45		121		192		100		56		127		64		28		57		127		143		57		24		41		79		107		70		112		105		83		23		66		136		104		76		100		38		72		101		102		133
121		119		112		135		89		124		181		182		71		204		142		82		115		54		156		73		106		186		230		196		42		126		162		119		166		87		174		170		120		113		174		195		0		171		43		55		118		253		159		82		95		106		180		164		175		85		186		109		143		141		147		189		114		101		129		67		143		83		197		105		93		194		80		172		121		181		74		33		88		249		132		58		173		44		118		104		31		80		165		203		149		182		53		173		113		50		131		98		146		128		93		120		132		182		152		246		26		148		168		193		70		182		187		76		204		145		90		134		63		232		174		7		103		213		86		213		167		196		68		62		236		171		154		116		88		125		83		134		112		172		217		59		153		119		95		157		213		94		93		62
50		52		95		72		82		99		82		87		100		59		29		89		56		117		79		98		65		15		59		65		129		69		47		94		47		84		87		95		65		84		57		68		171		0		128		116		125		82		74		97		76		113		51		47		74		86		23		62		74		30		54		18		107		94		42		112		88		88		36		90		80		67		91		31		50		84		97		138		83		78		39		127		30		127		105		67		140		91		74		32		36		55		118		16		58		129		90		81		39		43		78		51		101		77		35		75		145		43		7		46		123		33		16		97		65		40		89		63		108		61		53		168		68		42		103		42		70		25		103		119		65		46		91		69		83		102		88		37		59		57		46		112		36		52		76		94		42		77		78		109
78		76		115		92		46		119		138		139		28		161		99		39		72		23		113		30		65		143		187		153		23		89		119		114		123		44		131		127		85		104		131		152		43		128		0		60		145		210		116		109		52		133		137		121		132		42		143		82		100		98		104		146		87		74		86		40		100		40		154		70		60		151		97		129		78		138		31		54		77		206		89		31		130		13		85		61		20		41		122		160		106		139		36		130		70		23		88		101		103		85		60		77		121		139		109		203		39		105		125		150		97		139		144		49		161		102		109		91		38		189		131		40		60		170		113		170		124		153		39		89		193		128		111		89		45		122		42		91		69		129		174		66		110		76		52		114		170		83		50		33
66		64		57		80		34		69		126		127		62		149		87		51		60		37		101		90		51		131		175		141		37		71		107		64		111		86		119		115		65		58		119		140		55		116		60		0		85		198		114		49		62		73		125		109		120		42		131		54		114		86		92		134		147		134		74		100		128		42		142		130		120		139		37		117		66		126		63		22		33		194		77		91		118		73		145		49		40		25		110		148		94		127		24		118		58		83		130		43		91		73		38		65		77		127		97		191		29		93		113		138		37		127		132		109		149		90		49		103		22		177		119		52		72		158		53		158		112		141		21		29		181		116		99		61		57		70		28		79		57		117		162		6		98		64		40		102		158		39		50		93
143		123		30		53		107		26		81		82		147		104		124		136		97		122		56		175		80		128		130		96		122		56		172		31		172		171		74		70		60		41		182		95		118		125		145		85		0		153		199		36		147		16		80		172		75		127		102		63		199		111		71		129		232		219		101		185		213		127		97		215		205		94		48		94		87		81		148		91		68		149		100		176		95		158		230		120		125		104		65		143		161		180		109		141		107		168		215		44		86		110		85		80		32		82		90		146		106		82		132		171		52		158		119		194		104		85		36		188		107		132		178		111		157		113		32		121		67		114		106		56		136		79		54		56		142		25		103		162		82		72		123		79		161		99		115		57		129		62		135		178
132		134		141		118		164		129		72		75		182		49		111		171		138		199		97		180		147		67		23		57		211		127		91		134		87		166		79		83		133		140		79		58		253		82		210		198		153		0		94		179		158		169		73		89		78		168		67		144		110		112		106		64		147		164		124		194		110		170		56		148		160		59		173		81		132		72		179		220		165		4		121		209		80		209		135		149		222		173		88		50		104		71		200		80		140		211		122		155		107		125		160		133		121		71		101		11		227		105		85		60		205		71		66		179		53		108		163		119		190		21		79		250		150		40		185		40		86		57		185		201		17		82		99		137		165		128		170		119		141		81		36		194		100		134		158		96		40		159		160		191
56		76		169		146		92		173		156		161		88		133		75		77		102		105		153		86		119		71		99		139		117		143		27		168		27		72		161		169		139		158		17		142		159		74		116		114		199		94		0		163		64		187		125		27		148		74		97		136		16		88		128		70		53		70		98		100		16		76		110		54		66		141		151		105		112		158		85		126		131		90		99		115		104		115		41		79		128		95		148		56		38		23		106		58		92		117		28		155		113		89		114		119		175		151		109		97		133		117		67		34		151		41		80		85		139		114		163		25		96		97		21		156		56		86		167		78		144		85		93		143		85		120		165		143		71		176		96		37		117		131		76		120		38		100		84		168		70		137		66		97
107		87		38		61		71		50		107		108		111		130		88		100		61		86		82		139		44		112		156		122		86		52		136		45		136		135		100		96		46		39		146		121		82		97		109		49		36		179		163		0		111		24		106		136		101		91		112		35		163		75		73		115		196		183		65		149		177		91		123		179		169		120		12		98		51		107		112		55		32		175		64		140		99		122		194		84		89		68		91		129		125		144		73		105		71		132		179		24		72		74		49		46		58		108		78		172		70		74		96		135		26		122		113		158		130		71		16		152		71		158		142		75		121		139		6		139		93		122		70		22		162		97		80		42		106		51		67		126		46		98		143		43		125		63		79		83		139		26		99		142
26		24		117		94		40		121		104		109		24		109		47		13		50		41		101		28		67		91		135		101		53		91		67		116		71		24		109		117		87		106		79		100		95		76		52		62		147		158		64		111		0		135		85		69		96		20		91		84		52		46		76		94		85		72		46		38		66		20		102		68		58		99		99		77		60		106		21		62		79		154		47		51		78		51		83		27		64		43		96		108		54		87		42		78		40		53		68		103		61		37		62		67		123		99		57		151		69		65		73		98		99		87		92		47		109		62		111		41		40		137		79		92		10		118		115		118		92		101		41		91		141		76		113		91		7		124		44		39		65		79		122		68		58		48		32		116		118		85		12		33
131		111		28		51		95		40		97		98		135		120		112		124		85		110		72		163		68		116		146		112		110		44		160		35		160		159		90		86		48		29		170		111		106		113		133		73		16		169		187		24		135		0		96		160		91		115		102		51		187		99		63		117		220		207		89		173		201		115		113		203		193		110		36		88		75		97		136		79		56		165		88		164		89		146		218		108		113		92		81		131		149		168		97		129		95		156		203		32		74		98		73		68		48		98		78		162		94		70		120		159		36		146		107		182		120		73		24		176		95		148		166		99		145		129		20		129		83		112		94		44		152		87		70		44		130		41		91		150		70		88		133		67		149		87		103		73		129		50		123		166
69		61		68		45		91		56		31		36		109		24		50		98		65		126		28		107		74		54		50		16		138		54		98		61		98		97		36		44		60		67		108		17		180		51		137		125		80		73		125		106		85		96		0		98		23		95		28		71		125		39		33		55		158		145		51		121		139		97		17		141		131		16		100		20		59		33		106		147		92		69		48		136		21		136		156		76		149		100		23		69		87		106		127		67		67		138		141		82		34		52		87		60		50		26		28		66		154		32		58		97		132		84		45		120		24		35		90		114		117		52		104		177		83		39		112		47		19		40		112		128		56		9		40		64		92		55		97		88		68		8		49		121		87		61		85		43		55		86		87		118
43		49		142		119		75		146		129		134		93		106		48		82		75		110		126		91		92		44		72		112		122		116		2		141		2		77		134		142		112		131		10		115		164		47		121		109		172		89		27		136		69		160		98		0		121		79		70		109		27		61		101		43		60		75		71		105		41		81		83		59		71		114		124		78		85		131		90		131		104		85		72		120		77		120		58		60		133		84		121		39		15		18		111		31		65		122		43		128		86		62		87		92		148		124		82		82		138		90		40		29		124		18		53		90		112		87		136		30		101		70		10		161		61		59		140		51		117		58		96		116		72		93		138		116		76		149		81		30		90		104		53		105		11		73		69		141		49		110		71		102
92		72		63		40		86		51		8		13		104		29		73		93		60		121		19		124		69		77		55		21		133		49		121		56		121		120		13		21		55		62		131		20		175		74		132		120		75		78		148		101		96		91		23		121		0		90		51		66		148		60		28		78		181		168		50		134		162		92		38		164		154		19		95		43		54		10		101		142		87		74		49		131		44		131		179		71		144		95		10		92		110		129		122		90		62		133		164		77		35		59		82		55		43		7		39		71		149		31		81		120		127		107		68		143		29		34		85		137		112		57		127		172		106		62		107		70		8		63		107		123		63		28		21		59		91		50		92		111		63		17		72		116		110		56		80		20		78		81		84		127
36		34		97		74		20		101		96		97		20		119		57		9		30		31		81		48		47		101		145		111		43		71		77		96		81		44		89		97		67		86		89		110		85		86		42		42		127		168		74		91		20		115		95		79		90		0		101		64		72		56		62		104		105		92		44		58		86		2		112		88		78		109		79		87		40		96		21		52		59		164		47		49		88		41		103		19		54		23		80		118		64		97		32		88		28		43		88		83		61		43		42		47		103		97		67		161		59		63		83		108		79		97		102		67		119		60		91		61		22		147		89		82		30		128		95		128		82		111		21		71		151		86		93		71		15		104		24		49		45		87		132		48		68		34		12		96		128		65		8		51
65		67		74		51		97		76		59		64		115		36		44		104		71		132		56		113		80		26		44		42		144		60		70		71		70		99		64		72		66		73		80		45		186		23		143		131		102		67		97		112		91		102		28		70		51		101		0		77		97		45		39		27		130		117		57		127		111		103		13		113		103		44		106		14		65		61		112		153		98		63		54		142		13		142		128		82		155		106		51		41		59		78		133		39		73		144		113		88		40		58		93		66		78		54		34		60		160		38		30		69		138		56		17		112		42		41		96		86		123		46		76		183		83		27		118		27		47		12		118		134		50		23		68		70		98		79		103		60		74		34		31		127		59		67		91		71		27		92		93		124
80		60		33		26		44		37		72		73		84		95		61		73		34		59		47		112		17		77		121		87		67		17		109		32		109		108		65		61		11		22		119		86		109		62		82		54		63		144		136		35		84		51		71		109		66		64		77		0		136		48		38		80		169		156		38		122		150		64		88		152		142		85		29		63		24		72		85		76		21		140		37		113		64		95		167		57		78		41		56		94		98		117		56		78		44		105		152		19		37		47		22		17		39		73		43		137		83		39		69		108		61		95		78		131		95		36		27		125		46		123		115		106		94		104		41		104		58		87		43		57		127		62		45		7		79		40		40		99		19		63		108		50		98		36		52		48		104		15		72		115
56		76		169		146		92		173		156		161		72		133		75		63		102		89		153		70		119		71		99		139		101		143		27		168		27		56		161		169		139		158		31		142		143		74		100		114		199		110		16		163		52		187		125		27		148		72		97		136		0		88		128		70		37		54		98		84		14		72		110		38		50		141		151		105		112		158		69		110		131		106		99		99		104		99		31		79		112		95		148		60		38		39		90		58		92		101		16		155		113		89		114		119		175		151		109		103		117		117		67		50		151		41		80		69		139		114		163		11		92		97		31		140		42		86		167		78		144		85		93		143		93		120		165		143		57		176		96		37		117		131		76		120		38		100		84		168		70		137		64		81
32		22		81		58		52		85		68		73		70		63		13		59		26		87		65		68		35		45		89		55		99		55		61		80		61		60		73		81		51		70		71		54		141		30		98		86		111		112		88		75		46		99		39		61		60		56		45		48		88		0		40		48		121		108		12		82		102		58		56		104		94		53		63		31		24		70		67		108		53		108		11		97		32		97		119		37		110		61		60		62		50		69		88		32		28		99		104		67		25		13		48		31		87		63		21		105		115		29		27		60		93		47		46		83		63		26		75		77		78		91		67		138		46		72		79		72		56		55		73		89		95		32		77		55		53		88		58		51		29		43		76		82		50		22		46		80		72		49		48		79
72		52		41		18		58		45		34		35		76		57		53		65		32		93		25		104		41		57		83		49		105		21		101		40		101		100		33		41		27		34		111		48		147		54		104		92		71		106		128		73		76		63		33		101		28		62		39		38		128		40		0		58		161		148		30		114		142		64		50		144		134		47		67		25		26		34		77		114		59		102		29		105		26		103		159		49		116		67		20		72		90		109		94		70		36		105		144		49		15		39		54		27		47		35		19		99		121		11		61		100		99		87		48		123		57		14		57		117		84		85		107		144		86		66		79		66		20		49		79		95		89		24		37		31		71		48		64		91		35		25		70		88		90		28		52		40		66		53		64		107
68		70		99		76		100		103		86		91		118		63		47		107		74		135		83		116		83		3		41		69		147		73		43		98		43		102		91		99		69		88		53		72		189		18		146		134		129		64		70		115		94		117		55		43		78		104		27		80		70		48		58		0		103		100		60		130		84		106		40		86		96		71		109		35		68		88		115		156		101		60		57		145		34		145		101		85		158		109		78		14		40		51		136		16		76		147		86		91		43		61		96		69		105		81		39		57		163		47		21		42		141		29		10		115		69		44		99		59		126		43		49		186		86		24		121		24		74		15		121		137		47		50		95		73		101		106		106		55		77		61		28		130		36		70		94		98		24		95		96		127
89		109		202		179		125		206		189		194		85		166		108		96		135		110		186		57		152		104		132		172		110		176		60		201		60		61		194		202		172		191		68		175		114		107		87		147		232		147		53		196		85		220		158		60		181		105		130		169		37		121		161		103		0		17		131		47		37		105		143		17		27		174		184		138		145		191		84		141		164		143		132		62		137		74		12		112		107		128		181		97		71		76		123		91		125		64		25		188		146		122		147		152		208		184		142		140		126		150		100		87		184		76		113		38		172		147		196		44		125		130		68		121		75		119		200		111		177		118		126		176		130		153		198		176		90		209		129		70		150		164		111		153		71		133		117		201		107		170		97		54
76		96		189		166		112		193		176		181		72		153		95		83		122		97		173		44		139		97		141		159		97		163		73		188		77		48		181		189		159		178		85		162		101		94		74		134		219		164		70		183		72		207		145		75		168		92		117		156		54		108		148		100		17		0		118		34		54		92		130		16		14		161		171		125		132		178		71		128		151		160		119		45		124		61		29		99		94		115		168		114		60		93		110		84		112		51		42		175		133		109		134		139		195		171		129		157		113		137		87		104		171		93		100		25		159		134		183		45		112		143		85		108		62		124		187		124		164		107		113		163		147		140		185		163		77		196		116		57		137		151		128		140		64		120		104		188		124		157		84		41
42		22		71		48		40		75		58		63		58		75		23		47		14		75		55		74		23		57		101		67		87		45		71		70		71		70		63		71		41		60		81		66		129		42		86		74		101		124		98		65		46		89		51		71		50		44		57		38		98		12		30		60		131		118		0		84		112		46		68		114		104		65		53		43		14		60		55		96		41		120		3		85		44		85		129		25		98		49		50		74		60		79		76		44		16		87		114		57		17		9		36		21		77		53		23		117		103		19		39		70		81		57		58		93		75		16		65		87		66		103		77		126		56		84		69		84		46		67		61		77		107		42		67		45		41		78		46		61		19		43		88		70		60		10		34		70		84		39		36		77
62		62		155		132		78		159		142		147		38		145		83		49		88		63		139		14		105		127		171		137		63		129		103		154		107		28		147		155		125		144		115		136		67		112		40		100		185		194		100		149		38		173		121		105		134		58		127		122		84		82		114		130		47		34		84		0		84		58		138		46		34		135		137		113		98		144		37		94		117		190		85		15		114		27		59		65		60		81		134		144		90		123		76		114		78		17		72		141		99		75		100		105		161		137		95		187		79		103		109		134		137		123		128		15		145		100		149		75		78		173		115		74		44		154		153		154		130		137		79		129		177		112		151		129		43		162		82		75		103		117		158		106		94		86		70		154		154		123		50		7
70		90		183		160		106		187		170		175		72		147		89		77		116		91		167		70		133		85		113		153		101		157		41		182		41		56		175		183		153		172		31		156		143		88		100		128		213		110		16		177		66		201		139		41		162		86		111		150		14		102		142		84		37		54		112		84		0		86		124		38		50		155		165		119		126		172		69		122		145		106		113		99		118		99		25		93		112		109		162		70		52		39		104		72		106		101		12		169		127		103		128		133		189		165		123		111		117		131		81		50		165		55		94		69		153		128		177		25		106		111		35		140		56		100		181		92		158		99		107		157		99		134		179		157		71		190		110		51		131		145		90		134		52		114		98		182		84		151		78		81
38		36		97		74		20		101		98		99		20		121		59		9		32		29		81		48		47		103		147		113		41		71		79		96		83		44		91		97		67		86		91		112		83		88		40		42		127		170		76		91		20		115		97		81		92		2		103		64		72		58		64		106		105		92		46		58		86		0		114		88		78		111		79		89		40		98		21		50		59		166		49		49		90		39		103		21		52		23		82		120		66		99		30		90		30		41		88		83		63		45		42		47		103		99		69		163		57		65		85		110		79		99		104		67		121		62		91		61		20		149		91		80		30		130		95		130		84		113		21		71		153		88		93		71		15		104		24		51		45		89		134		48		70		36		12		96		130		65		10		51
76		78		85		62		108		73		46		51		126		23		55		115		82		143		43		124		91		39		33		29		155		71		83		78		83		110		51		59		77		84		93		32		197		36		154		142		97		56		110		123		102		113		17		83		38		112		13		88		110		56		50		40		143		130		68		138		124		114		0		126		116		31		117		25		76		48		123		164		109		52		65		153		24		153		141		93		166		117		38		54		72		91		144		52		84		155		126		99		51		69		104		77		65		41		45		49		171		49		43		82		149		69		30		123		29		52		107		99		134		35		89		194		94		24		129		32		34		25		129		145		39		26		55		81		109		72		114		73		85		25		34		138		72		78		102		58		40		103		104		135
72		92		185		162		108		189		172		177		68		149		91		79		118		93		169		40		135		87		125		155		93		159		57		184		61		44		177		185		155		174		69		158		105		90		70		130		215		148		54		179		68		203		141		59		164		88		113		152		38		104		144		86		17		16		114		46		38		88		126		0		12		157		167		121		128		174		67		124		147		144		115		61		120		61		15		95		90		111		164		98		54		77		106		74		108		63		26		171		129		105		130		135		191		167		125		141		109		133		83		88		167		77		96		31		155		130		179		29		108		127		69		104		58		108		183		108		160		101		109		159		131		136		181		159		73		192		112		53		133		147		112		136		54		116		100		184		108		153		80		43
62		82		175		152		98		179		162		167		58		139		81		69		108		83		159		30		125		93		137		145		83		149		69		174		73		34		167		175		145		164		81		148		93		80		60		120		205		160		66		169		58		193		131		71		154		78		103		142		50		94		134		96		27		14		104		34		50		78		116		12		0		147		157		111		118		164		57		114		137		156		105		49		110		49		25		85		80		101		154		110		56		89		96		80		98		51		38		161		119		95		120		125		181		157		115		153		99		123		75		100		157		89		94		19		145		120		169		41		98		139		81		94		48		120		173		120		150		103		99		149		143		126		171		149		63		182		102		43		123		137		124		126		60		106		90		174		120		143		70		31
85		75		82		59		105		70		15		20		123		10		66		112		79		140		38		121		88		70		42		2		152		68		114		75		114		113		20		28		74		81		124		1		194		67		151		139		94		59		141		120		99		110		16		114		19		109		44		85		141		53		47		71		174		161		65		135		155		111		31		157		147		0		114		36		73		17		120		161		106		59		62		150		37		150		172		90		163		114		29		85		103		122		141		83		81		152		157		96		48		66		101		74		62		12		42		52		168		46		74		113		146		100		61		136		10		49		104		130		131		44		120		191		99		55		126		63		27		56		126		142		56		23		40		78		106		69		111		104		82		22		65		135		103		75		99		37		71		100		101		132
95		75		32		55		59		44		101		102		99		124		76		88		49		74		76		127		32		106		150		116		74		46		124		39		124		123		94		90		40		33		134		115		80		91		97		37		48		173		151		12		99		36		100		124		95		79		106		29		151		63		67		109		184		171		53		137		165		79		117		167		157		114		0		92		41		101		100		47		20		169		52		128		93		110		182		72		77		56		85		123		113		132		61		93		59		120		167		18		66		62		37		40		52		102		72		166		58		68		88		123		32		110		107		146		124		65		12		140		59		152		130		77		109		133		16		133		87		116		58		28		156		91		74		36		94		45		55		114		34		92		137		31		113		51		67		77		133		14		87		130
51		53		64		41		83		68		51		56		101		32		30		90		57		118		48		99		66		34		58		34		130		46		78		63		78		85		56		64		52		59		88		37		172		31		129		117		94		81		105		98		77		88		20		78		43		87		14		63		105		31		25		35		138		125		43		113		119		89		25		121		111		36		92		0		51		53		98		139		84		77		40		128		1		128		136		68		141		92		43		49		67		86		119		47		59		130		121		74		26		44		79		52		70		46		20		74		146		24		38		77		124		64		25		100		34		27		82		94		109		60		84		169		69		41		104		41		39		24		104		120		64		15		60		56		84		71		89		68		60		26		45		113		67		53		77		63		41		78		79		110
56		36		57		34		32		61		60		61		60		83		37		49		10		67		41		88		15		65		109		75		79		31		85		56		85		84		53		57		27		46		95		74		121		50		78		66		87		132		112		51		60		75		59		85		54		40		65		24		112		24		26		68		145		132		14		98		126		40		76		128		118		73		41		51		0		60		61		88		33		128		13		89		52		77		143		33		90		41		44		82		74		93		68		54		20		81		128		43		25		23		28		7		63		61		31		125		95		27		47		84		73		71		66		107		83		24		51		101		58		111		91		118		70		92		55		92		46		75		53		69		115		50		53		31		55		64		38		75		9		51		96		62		74		12		28		56		92		27		48		91
102		82		69		46		92		57		2		3		110		25		83		99		66		127		25		134		75		87		59		19		139		55		131		62		131		130		7		11		61		68		141		16		181		84		138		126		81		72		158		107		106		97		33		131		10		96		61		72		158		70		34		88		191		178		60		144		172		98		48		174		164		17		101		53		60		0		107		148		93		76		59		137		54		137		189		79		150		101		16		102		120		139		128		100		68		139		174		83		45		69		88		61		49		7		49		65		155		41		91		130		133		117		78		153		23		44		91		147		118		61		137		178		116		72		113		80		14		73		113		129		73		38		27		65		101		56		98		121		69		27		82		122		120		62		86		24		88		87		94		137
47		45		118		95		41		122		107		110		3		130		68		12		51		26		102		27		68		112		156		122		32		92		88		117		92		23		110		118		88		107		100		121		74		97		31		63		148		179		85		112		21		136		106		90		101		21		112		85		69		67		77		115		84		71		55		37		69		21		123		67		57		120		100		98		61		107		0		57		80		175		58		30		99		30		82		30		43		44		97		129		75		108		39		99		41		32		67		104		72		54		63		68		124		108		78		172		48		74		94		119		100		108		113		46		130		71		112		60		41		158		100		71		29		139		116		139		93		122		42		92		162		97		114		92		14		125		45		60		66		98		143		69		79		49		33		117		139		86		19		30
88		86		79		102		56		91		148		149		56		171		109		49		82		31		123		84		73		153		197		163		31		93		129		86		133		80		141		137		87		80		141		162		33		138		54		22		91		220		126		55		62		79		147		131		142		52		153		76		110		108		114		156		141		128		96		94		122		50		164		124		114		161		47		139		88		148		57		0		55		216		99		85		140		67		139		71		34		47		132		170		116		149		20		140		80		77		124		65		113		95		60		87		99		149		119		213		15		115		135		160		43		149		154		103		171		112		57		101		30		199		141		30		70		180		59		180		134		163		35		35		203		138		121		83		55		92		50		101		79		139		184		26		120		86		62		124		180		61		60		87
75		55		38		47		39		42		93		94		79		116		56		68		29		54		68		107		18		98		142		108		54		38		104		37		104		103		86		82		32		27		114		107		88		83		77		33		68		165		131		32		79		56		92		104		87		59		98		21		131		53		59		101		164		151		41		117		145		59		109		147		137		106		20		84		33		93		80		55		0		161		44		108		85		90		162		52		57		36		77		115		93		112		41		85		39		100		147		24		58		42		17		32		44		94		64		158		62		60		80		105		40		94		99		126		116		57		32		120		39		144		110		85		89		125		36		125		79		108		38		36		148		83		66		28		74		45		35		94		24		84		129		29		93		31		47		69		125		6		67		110
128		130		137		114		160		125		74		79		178		51		107		167		134		195		93		176		143		63		19		57		207		123		87		130		83		162		79		87		129		136		75		60		249		78		206		194		149		4		90		175		154		165		69		85		74		164		63		140		106		108		102		60		143		160		120		190		106		166		52		144		156		59		169		77		128		76		175		216		161		0		117		205		76		205		131		145		218		169		84		46		100		67		196		76		136		207		118		151		103		121		156		129		117		69		97		15		223		101		81		56		201		67		62		175		57		104		159		115		186		17		75		246		146		36		181		36		82		53		181		197		13		78		95		133		161		124		166		115		137		77		32		190		96		130		154		92		36		155		156		187
43		23		70		47		43		74		57		62		61		72		24		50		17		78		54		75		26		54		98		64		90		44		72		69		72		71		62		70		40		59		82		63		132		39		89		77		100		121		99		64		47		88		48		72		49		47		54		37		99		11		29		57		132		119		3		85		113		49		65		115		105		62		52		40		13		59		58		99		44		117		0		88		41		88		130		28		101		52		49		71		61		80		79		41		19		90		115		56		14		10		39		20		76		52		20		114		106		18		36		71		84		58		55		94		72		15		64		88		69		100		78		129		57		81		68		81		45		64		64		80		104		39		66		44		44		77		49		62		20		40		85		73		61		13		37		69		81		38		39		78
77		75		146		123		69		150		137		138		29		160		98		40		79		54		130		29		96		142		186		152		54		120		118		145		122		43		138		146		116		135		130		151		58		127		31		91		176		209		115		140		51		164		136		120		131		49		142		113		99		97		105		145		62		45		85		15		99		49		153		61		49		150		128		128		89		137		30		85		108		205		88		0		129		18		74		60		51		72		125		159		105		138		67		129		69		8		87		132		102		84		91		96		152		138		108		202		70		104		124		149		128		138		143		30		160		101		140		90		69		188		130		65		59		169		144		169		123		152		70		120		192		127		142		120		44		153		73		90		94		128		173		97		109		77		61		145		169		114		49		18
52		54		65		42		84		69		52		57		102		31		31		91		58		119		49		100		67		33		57		35		131		47		77		64		77		86		57		65		53		60		87		38		173		30		130		118		95		80		104		99		78		89		21		77		44		88		13		64		104		32		26		34		137		124		44		114		118		90		24		120		110		37		93		1		52		54		99		140		85		76		41		129		0		129		135		69		142		93		44		48		66		85		120		46		60		131		120		75		27		45		80		53		71		47		21		73		147		25		37		76		125		63		24		99		35		28		83		93		110		59		83		170		70		40		105		40		40		23		105		121		63		16		61		57		85		72		90		67		61		27		44		114		66		54		78		64		40		79		80		111
77		75		128		105		51		132		137		138		27		160		98		38		71		36		112		29		78		142		186		152		36		102		118		127		122		43		130		128		98		117		130		151		44		127		13		73		158		209		115		122		51		146		136		120		131		41		142		95		99		97		103		145		74		61		85		27		99		39		153		61		49		150		110		128		77		137		30		67		90		205		88		18		129		0		74		60		33		54		121		159		105		138		49		129		69		10		87		114		102		84		73		78		134		138		108		202		52		104		124		149		110		138		143		36		160		101		122		90		51		188		130		47		59		169		126		169		123		152		52		102		192		127		124		102		44		135		55		90		76		128		173		79		109		75		51		127		169		96		49		20
87		107		200		177		123		204		187		192		83		164		106		94		133		108		184		55		150		102		130		170		108		174		58		199		58		59		192		200		170		189		56		173		118		105		85		145		230		135		41		194		83		218		156		58		179		103		128		167		31		119		159		101		12		29		129		59		25		103		141		15		25		172		182		136		143		189		82		139		162		131		130		74		135		74		0		110		105		126		179		87		69		64		121		89		123		76		15		186		144		120		145		150		206		182		140		128		124		148		98		75		182		72		111		44		170		145		194		42		123		128		56		119		73		117		198		109		175		116		124		174		118		151		196		174		88		207		127		68		148		162		107		151		69		131		115		199		101		168		95		56
23		15		90		67		15		94		77		82		33		100		38		22		23		50		74		55		40		82		126		92		62		64		58		89		62		51		82		90		60		79		70		91		104		67		61		49		120		149		79		84		27		108		76		60		71		19		82		57		79		37		49		85		112		99		25		65		93		21		93		95		85		90		72		68		33		79		30		71		52		145		28		60		69		60		110		0		73		24		69		99		45		78		51		69		13		62		95		76		42		24		35		40		96		78		48		142		78		44		64		89		72		78		83		74		100		41		84		68		41		128		70		101		37		109		88		109		65		92		36		64		132		67		86		64		22		97		21		42		38		68		113		45		49		21		9		89		109		58		15		58
90		88		95		104		58		99		150		151		40		173		111		51		84		23		125		50		75		155		199		165		11		95		131		94		135		56		143		139		89		84		143		164		31		140		20		40		125		222		128		89		64		113		149		133		144		54		155		78		112		110		116		158		107		94		98		60		112		52		166		90		80		163		77		141		90		150		43		34		57		218		101		51		142		33		105		73		0		49		134		172		118		151		22		142		82		43		100		81		115		97		62		89		101		151		121		215		19		117		137		162		77		151		156		69		173		114		89		103		32		201		143		28		72		182		93		182		136		165		37		69		205		140		123		85		57		102		52		103		81		141		186		46		122		88		64		126		182		63		62		53
41		39		74		55		9		78		101		102		43		124		62		32		35		26		76		71		26		106		150		116		38		48		82		73		86		67		94		90		44		63		94		115		80		91		41		25		104		173		95		68		43		92		100		84		95		23		106		41		95		61		67		109		128		115		49		81		109		23		117		111		101		114		56		92		41		101		44		47		36		169		52		72		93		54		126		24		49		0		85		123		69		102		27		93		33		64		111		60		66		48		19		40		80		102		72		166		54		68		88		113		56		102		107		90		124		65		68		84		17		152		94		77		53		133		72		133		87		116		12		48		156		91		74		48		38		81		3		58		32		92		137		25		73		39		15		77		133		42		31		74
92		72		53		30		76		41		16		17		96		39		73		85		50		111		9		124		59		77		65		31		123		39		121		46		121		120		13		21		45		52		131		30		165		74		122		110		65		88		148		91		96		81		23		121		10		80		51		56		148		60		20		78		181		168		50		134		162		82		38		164		154		29		85		43		44		16		97		132		77		84		49		125		44		121		179		69		134		85		0		92		110		129		112		90		56		123		164		67		35		59		72		45		33		17		39		81		139		31		81		120		117		107		68		143		39		34		75		137		102		67		127		162		106		62		97		70		4		63		97		113		71		28		17		49		91		40		82		111		53		17		72		106		110		48		70		20		78		71		84		127
82		84		113		90		114		117		100		105		132		77		61		121		88		149		97		130		97		17		43		83		161		87		41		112		37		116		105		113		83		102		39		86		203		32		160		148		143		50		56		129		108		131		69		39		92		118		41		94		60		62		72		14		97		114		74		144		70		120		54		98		110		85		123		49		82		102		129		170		115		46		71		159		48		159		87		99		172		123		92		0		54		37		150		30		90		161		72		105		57		75		110		83		119		95		53		43		177		61		35		28		155		21		24		129		83		58		113		69		140		41		35		200		100		30		135		22		88		29		135		151		33		64		109		87		115		120		120		69		91		75		20		144		50		84		108		112		14		109		110		141
28		38		131		108		60		135		118		123		78		95		37		67		64		95		115		76		81		37		81		101		107		105		13		130		17		62		123		131		101		120		25		104		149		36		106		94		161		104		38		125		54		149		87		15		110		64		59		98		38		50		90		40		71		60		60		90		52		66		72		54		56		103		113		67		74		120		75		116		93		100		61		105		66		105		69		45		118		69		110		54		0		33		96		24		54		107		54		117		75		51		76		81		137		113		71		97		123		79		29		44		113		33		42		75		101		76		125		27		86		83		25		146		46		64		129		64		106		47		81		105		87		82		127		105		61		138		66		15		79		93		68		90		4		62		54		130		64		99		56		87
61		63		150		127		93		154		137		142		111		114		56		100		83		128		134		109		100		52		80		120		140		124		20		149		16		95		142		150		120		139		8		123		182		55		139		127		180		71		23		144		87		168		106		18		129		97		78		117		39		69		109		51		76		93		79		123		39		99		91		77		89		122		132		86		93		139		108		149		112		67		80		138		85		138		64		78		151		102		129		37		33		0		129		39		73		140		51		136		94		70		95		100		156		132		90		78		156		98		48		11		134		22		61		108		120		95		144		48		119		78		8		179		79		67		148		59		125		66		114		130		66		101		146		124		94		157		99		48		98		112		57		123		29		81		87		149		51		118		89		120
68		66		79		82		36		83		128		129		38		151		89		29		62		13		103		66		53		133		177		143		13		73		109		78		113		62		121		117		67		68		121		142		53		118		36		24		109		200		106		73		42		97		127		111		122		32		133		56		90		88		94		136		123		110		76		76		104		30		144		106		96		141		61		119		68		128		39		20		41		196		79		67		120		49		121		51		22		27		112		150		96		129		0		120		60		59		106		65		93		75		40		67		85		129		99		193		27		95		115		140		61		129		134		85		151		92		73		81		10		179		121		50		50		160		77		160		114		143		15		53		183		118		101		63		35		86		30		81		59		119		164		30		100		66		42		104		160		47		40		69
52		54		111		88		84		115		98		103		102		75		31		91		58		119		95		100		67		13		57		81		131		85		31		110		31		86		103		111		81		100		41		84		173		16		130		118		141		80		58		105		78		129		67		31		90		88		39		78		58		32		70		16		91		84		44		114		72		90		52		74		80		83		93		47		54		100		99		140		85		76		41		129		46		129		89		69		142		93		90		30		24		39		120		0		60		131		74		97		55		45		80		61		117		93		51		73		147		59		9		30		125		17		22		99		81		56		105		47		110		59		37		170		70		40		109		40		86		27		105		121		63		62		107		85		85		118		90		39		61		73		44		114		20		54		78		110		40		79		80		111
36		16		77		54		24		81		68		69		42		91		29		31		10		59		61		68		27		73		117		83		71		51		65		76		65		64		69		77		47		66		75		82		113		58		70		58		107		140		92		71		40		95		67		65		62		28		73		44		92		28		36		76		125		112		16		78		106		30		84		108		98		81		59		59		20		68		41		80		39		136		19		69		60		69		123		13		82		33		56		90		54		73		60		60		0		71		108		63		33		15		22		27		83		69		39		133		87		35		55		80		65		69		74		87		91		32		71		81		50		119		71		110		50		100		75		100		54		83		45		61		123		58		73		51		35		84		30		55		25		59		104		54		54		8		18		76		100		45		28		71
79		77		138		115		61		142		139		140		29		162		100		40		73		46		122		31		88		144		188		154		46		112		120		137		124		45		132		138		108		127		132		153		50		129		23		83		168		211		117		132		53		156		138		122		133		43		144		105		101		99		105		147		64		51		87		17		101		41		155		63		51		152		120		130		81		139		32		77		100		207		90		8		131		10		76		62		43		64		123		161		107		140		59		131		71		0		89		124		104		86		83		88		144		140		110		204		62		106		126		151		120		140		145		32		162		103		132		92		61		190		132		57		61		171		136		171		125		154		62		112		194		129		134		112		46		145		65		92		86		130		175		89		111		77		53		137		171		106		51		20
72		92		185		162		108		189		172		177		68		149		91		79		118		93		169		58		135		87		115		155		93		159		43		184		43		44		177		185		155		174		43		158		131		90		88		130		215		122		28		179		68		203		141		43		164		88		113		152		16		104		144		86		25		42		114		72		12		88		126		26		38		157		167		121		128		174		67		124		147		118		115		87		120		87		15		95		100		111		164		72		54		51		106		74		108		89		0		171		129		105		130		135		191		167		125		115		109		133		83		62		167		57		96		57		155		130		179		27		108		113		43		128		58		102		183		94		160		101		109		159		105		136		181		159		73		192		112		53		133		147		92		136		54		116		100		184		86		153		80		69
99		79		14		37		63		26		83		84		103		106		80		92		53		78		58		131		36		88		132		98		78		28		128		21		128		127		76		72		22		15		138		97		98		81		101		43		44		155		155		24		103		32		82		128		77		83		88		19		155		67		49		91		188		175		57		141		169		83		99		171		161		96		18		74		43		83		104		65		24		151		56		132		75		114		186		76		81		60		67		105		117		136		65		97		63		124		171		0		48		66		41		36		34		84		54		148		72		50		88		127		50		114		89		150		106		47		8		144		63		134		134		95		113		115		30		115		69		98		62		46		138		73		56		18		98		27		59		118		38		74		119		39		117		55		71		59		115		18		91		134
57		37		56		33		57		60		43		48		75		58		38		64		31		92		40		89		40		42		84		50		104		30		86		55		86		85		48		56		26		45		96		49		146		39		103		91		86		107		113		72		61		74		34		86		35		61		40		37		113		25		15		43		146		133		17		99		127		63		51		129		119		48		66		26		25		45		72		113		58		103		14		102		27		102		144		42		115		66		35		57		75		94		93		55		33		104		129		48		0		24		53		26		62		38		6		100		120		4		46		85		98		72		41		108		58		1		56		102		83		86		92		143		71		67		78		67		31		50		78		94		90		25		52		30		58		63		63		76		34		26		71		87		75		27		51		55		67		52		53		92
33		13		80		57		39		84		67		72		57		76		14		46		13		74		64		65		30		58		102		68		86		54		62		79		62		61		72		80		50		69		72		67		128		43		85		73		110		125		89		74		37		98		52		62		59		43		58		47		89		13		39		61		122		109		9		75		103		45		69		105		95		66		62		44		23		69		54		95		42		121		10		84		45		84		120		24		97		48		59		75		51		70		75		45		15		86		105		66		24		0		35		30		86		62		24		118		102		28		40		65		80		54		59		84		76		25		74		78		65		104		68		125		47		85		78		85		55		68		60		76		108		43		76		54		40		87		45		52		28		44		89		69		51		11		33		79		85		48		35		68
58		38		55		42		22		59		88		89		62		111		49		51		22		39		63		90		13		93		137		103		51		33		87		54		87		86		81		77		27		44		97		102		93		78		60		38		85		160		114		49		62		73		87		87		82		42		93		22		114		48		54		96		147		134		36		100		128		42		104		130		120		101		37		79		28		88		63		60		17		156		39		91		80		73		145		35		62		19		72		110		76		95		40		80		22		83		130		41		53		35		0		27		61		89		59		153		67		55		75		100		45		89		94		109		111		52		49		103		30		139		93		90		72		120		53		120		74		103		25		41		143		78		61		29		57		62		18		77		19		79		124		34		76		26		30		64		120		23		50		93
63		43		50		27		31		54		61		62		67		84		44		56		17		66		36		95		14		66		110		76		78		24		92		49		92		91		54		50		20		39		102		75		120		51		77		65		80		133		119		46		67		68		60		92		55		47		66		17		119		31		27		69		152		139		21		105		133		47		77		135		125		74		40		52		7		61		68		87		32		129		20		96		53		78		150		40		89		40		45		83		81		100		67		61		27		88		135		36		26		30		27		0		56		62		32		126		94		28		52		91		72		78		67		114		84		25		44		108		57		112		98		117		77		93		52		93		47		76		52		68		116		51		46		24		62		57		37		82		8		52		97		61		81		19		35		49		93		26		55		98
119		99		20		29		83		8		49		50		123		72		100		112		73		98		24		151		56		104		98		64		98		32		148		13		148		147		42		38		36		19		158		63		132		101		121		77		32		121		175		58		123		48		50		148		43		103		78		39		175		87		47		105		208		195		77		161		189		103		65		191		181		62		52		70		63		49		124		99		44		117		76		152		71		134		206		96		101		80		33		119		137		156		85		117		83		144		191		34		62		86		61		56		0		50		66		114		106		58		108		147		84		134		95		170		72		61		42		164		83		100		154		129		133		89		64		97		35		90		82		80		104		55		22		32		118		7		79		138		58		44		99		73		137		75		91		25		105		38		111		154
95		75		70		47		93		58		5		10		111		22		76		100		67		128		26		127		76		80		52		14		140		56		124		63		124		123		10		18		62		69		134		13		182		77		139		127		82		71		151		108		99		98		26		124		7		97		54		73		151		63		35		81		184		171		53		137		165		99		41		167		157		12		102		46		61		7		108		149		94		69		52		138		47		138		182		78		151		102		17		95		113		132		129		93		69		140		167		84		38		62		89		62		50		0		42		64		156		34		84		123		134		110		71		146		22		37		92		140		119		54		130		179		109		65		114		73		15		66		114		130		66		31		28		66		94		57		99		114		70		20		75		123		113		63		87		25		81		88		89		130
53		33		60		37		63		64		47		52		81		52		34		70		37		98		44		85		46		38		78		44		110		34		82		59		82		81		52		60		32		49		92		43		152		35		109		97		90		101		109		78		57		78		28		82		39		67		34		43		109		21		19		39		142		129		23		95		123		69		45		125		115		42		72		20		31		49		78		119		64		97		20		108		21		108		140		48		121		72		39		53		71		90		99		51		39		110		125		54		6		24		59		32		66		42		0		94		126		8		42		81		104		68		35		104		52		7		62		98		89		80		88		149		67		61		84		61		35		44		84		100		84		19		56		36		64		67		69		72		40		22		65		93		71		33		57		59		61		58		59		90
125		127		134		111		157		122		65		64		175		42		104		164		131		192		90		173		140		60		16		50		204		120		84		127		80		159		72		76		126		133		80		51		246		75		203		191		146		11		97		172		151		162		66		82		71		161		60		137		103		105		99		57		140		157		117		187		111		163		49		141		153		52		166		74		125		65		172		213		158		15		114		202		73		202		128		142		215		166		81		43		97		78		193		73		133		204		115		148		100		118		153		126		114		64		94		0		220		98		78		69		198		64		59		172		42		101		156		112		183		14		76		243		143		33		178		33		79		50		178		194		12		75		92		130		158		121		163		112		134		74		29		187		93		127		151		89		33		152		153		184
95		93		86		109		63		98		155		156		45		178		116		56		89		28		130		69		80		160		204		170		16		100		136		93		140		65		148		144		94		87		148		169		26		145		39		29		106		227		133		70		69		94		154		138		149		59		160		83		117		115		121		163		126		113		103		79		117		57		171		109		99		168		58		146		95		155		48		15		62		223		106		70		147		52		124		78		19		54		139		177		123		156		27		147		87		62		109		72		120		102		67		94		106		156		126		220		0		122		142		167		58		156		161		88		178		119		70		108		37		206		148		23		77		187		74		187		141		170		42		50		210		145		128		90		62		99		57		108		86		146		191		33		127		93		69		131		187		68		67		72
61		41		52		29		59		56		39		44		77		56		42		66		33		94		36		93		42		46		82		48		106		26		90		51		90		89		44		52		28		41		100		47		148		43		105		93		82		105		117		74		65		70		32		90		31		63		38		39		117		29		11		47		150		137		19		103		131		65		49		133		123		46		68		24		27		41		74		115		60		101		18		104		25		104		148		44		117		68		31		61		79		98		95		59		35		106		133		50		4		28		55		28		58		34		8		98		122		0		50		89		100		76		39		112		56		3		58		106		85		84		96		145		75		65		80		65		27		48		80		96		88		23		48		32		60		59		65		80		36		24		69		89		79		29		53		51		65		54		55		96
47		49		102		79		79		106		89		94		97		66		26		86		53		114		86		95		62		18		62		72		126		76		40		101		40		81		94		102		72		91		50		75		168		7		125		113		132		85		67		96		73		120		58		40		81		83		30		69		67		27		61		21		100		87		39		109		81		85		43		83		75		74		88		38		47		91		94		135		80		81		36		124		37		124		98		64		137		88		81		35		29		48		115		9		55		126		83		88		46		40		75		52		108		84		42		78		142		50		0		39		120		26		19		94		72		47		96		56		105		64		46		165		65		45		100		45		77		28		100		116		68		53		98		76		80		109		85		34		56		64		49		109		29		49		73		101		45		74		75		106
72		74		141		118		104		145		128		133		122		105		51		111		78		139		125		120		91		43		71		111		151		115		31		140		27		106		133		141		111		130		19		114		193		46		150		138		171		60		34		135		98		159		97		29		120		108		69		108		50		60		100		42		87		104		70		134		50		110		82		88		100		113		123		77		84		130		119		160		105		56		71		149		76		149		75		89		162		113		120		28		44		11		140		30		80		151		62		127		85		65		100		91		147		123		81		69		167		89		39		0		145		13		52		119		111		86		135		59		130		69		19		190		90		58		139		50		116		57		125		141		57		92		137		115		105		148		110		59		89		103		48		134		40		74		98		140		42		109		100		131
95		75		64		87		59		76		133		134		99		156		94		88		67		74		108		127		58		138		182		148		74		78		124		71		124		123		126		122		72		65		134		147		70		123		97		37		52		205		151		26		99		36		132		124		127		79		138		61		151		93		99		141		184		171		81		137		165		79		149		167		157		146		32		124		73		133		100		43		40		201		84		128		125		110		182		72		77		56		117		155		113		134		61		125		65		120		167		50		98		80		45		72		84		134		104		198		58		100		120		145		0		134		139		146		156		97		42		140		59		184		130		63		109		165		20		165		119		148		58		8		188		123		106		68		94		77		55		114		64		124		169		31		113		71		67		109		165		46		87		130
61		63		128		105		93		132		115		120		111		92		40		100		67		128		112		109		78		30		58		98		140		102		20		127		16		95		120		128		98		117		24		101		182		33		139		127		158		71		41		122		87		146		84		18		107		97		56		95		41		47		87		29		76		93		57		123		55		99		69		77		89		100		110		64		71		117		108		149		94		67		58		138		63		138		72		78		151		102		107		21		33		22		129		17		69		140		57		114		72		54		89		78		134		110		68		64		156		76		26		13		134		0		39		108		98		73		122		48		119		56		20		179		79		45		126		37		103		44		114		130		54		79		124		102		94		135		99		48		76		90		35		123		29		63		87		127		31		96		89		120
66		68		89		66		98		93		76		81		116		53		45		105		72		133		73		114		81		9		43		59		145		63		53		88		53		100		81		89		67		78		63		62		187		16		144		132		119		66		80		113		92		107		45		53		68		102		17		78		80		46		48		10		113		100		58		128		94		104		30		96		94		61		107		25		66		78		113		154		99		62		55		143		24		143		111		83		156		107		68		24		42		61		134		22		74		145		96		89		41		59		94		67		95		71		35		59		161		39		19		52		139		39		0		113		59		42		97		69		124		45		59		184		84		26		119		26		64		9		119		135		49		40		85		71		99		96		104		53		75		51		30		128		42		68		92		88		26		93		94		125
51		71		164		141		87		168		151		156		47		130		70		58		97		72		148		19		114		112		156		134		72		138		88		163		92		23		156		164		134		153		100		137		76		97		49		109		194		179		85		158		47		182		120		90		143		67		112		131		69		83		123		115		38		25		93		15		69		67		123		31		19		136		146		100		107		153		46		103		126		175		94		30		99		36		44		74		69		90		143		129		75		108		85		99		87		32		57		150		108		84		109		114		170		146		104		172		88		112		94		119		146		108		113		0		134		109		158		60		87		158		100		83		37		139		162		139		139		122		88		138		162		115		160		138		52		171		91		60		112		126		143		115		79		95		79		163		139		132		59		16
83		85		92		69		115		80		23		22		133		6		64		122		89		150		48		131		98		68		40		8		162		78		112		85		112		117		30		34		84		91		122		9		204		65		161		149		104		53		139		130		109		120		24		112		29		119		42		95		139		63		57		69		172		159		75		145		153		121		29		155		145		10		124		34		83		23		130		171		116		57		72		160		35		160		170		100		173		124		39		83		101		120		151		81		91		162		155		106		58		76		111		84		72		22		52		42		178		56		72		111		156		98		59		134		0		59		114		128		141		42		118		201		101		53		136		61		37		54		136		152		54		33		50		88		116		79		121		102		92		32		63		145		101		85		109		47		69		110		111		142
58		38		55		32		56		59		42		47		74		59		39		63		30		91		39		90		39		43		85		51		103		29		87		54		87		86		47		55		25		44		97		50		145		40		102		90		85		108		114		71		62		73		35		87		34		60		41		36		114		26		14		44		147		134		16		100		128		62		52		130		120		49		65		27		24		44		71		112		57		104		15		101		28		101		145		41		114		65		34		58		76		95		92		56		32		103		130		47		1		25		52		25		61		37		7		101		119		3		47		86		97		73		42		109		59		0		55		103		82		87		93		142		72		68		77		68		30		51		77		93		91		26		51		29		57		62		62		77		33		27		72		86		76		26		50		54		68		51		52		93
107		87		22		45		71		34		91		92		111		114		88		100		61		86		66		139		44		96		140		106		86		36		136		29		136		135		84		80		30		23		146		105		90		89		109		49		36		163		163		16		111		24		90		136		85		91		96		27		163		75		57		99		196		183		65		149		177		91		107		179		169		104		12		82		51		91		112		57		32		159		64		140		83		122		194		84		89		68		75		113		125		144		73		105		71		132		179		8		56		74		49		44		42		92		62		156		70		58		96		135		42		122		97		158		114		55		0		152		71		142		142		87		121		123		22		123		77		106		70		38		146		81		64		26		106		35		67		126		46		82		127		43		125		63		79		67		123		26		99		142
45		65		158		135		81		162		145		150		63		122		64		52		91		80		142		61		108		60		96		128		92		132		28		157		32		47		150		158		128		147		40		131		134		63		91		103		188		119		25		152		41		176		114		30		137		61		86		125		11		77		117		59		44		45		87		75		25		61		99		29		41		130		140		94		101		147		60		101		120		115		88		90		93		90		42		68		103		84		137		69		27		48		81		47		81		92		27		144		102		78		103		108		164		140		98		112		108		106		56		59		140		48		69		60		128		103		152		0		81		98		40		131		31		79		156		79		133		74		82		132		102		109		154		132		46		165		85		26		106		120		83		109		27		89		73		157		79		126		53		72
58		56		77		72		26		81		118		119		40		141		79		29		52		15		93		68		43		123		167		133		21		63		99		76		103		64		111		107		57		66		111		132		63		108		38		22		107		190		96		71		40		95		117		101		112		22		123		46		92		78		84		126		125		112		66		78		106		20		134		108		98		131		59		109		58		118		41		30		39		186		69		69		110		51		123		41		32		17		102		140		86		119		10		110		50		61		108		63		83		65		30		57		83		119		89		183		37		85		105		130		59		119		124		87		141		82		71		81		0		169		111		60		50		150		75		150		104		133		5		51		173		108		91		53		35		84		20		71		49		109		154		28		90		56		32		94		150		45		30		71
111		113		120		97		143		108		59		64		161		36		90		150		117		178		76		159		126		46		2		42		190		106		70		113		70		145		64		72		112		119		80		45		232		61		189		177		132		21		97		158		137		148		52		70		57		147		46		123		97		91		85		43		130		143		103		173		111		149		35		127		139		44		152		60		111		61		158		199		144		17		100		188		59		188		128		128		201		152		67		41		83		78		179		59		119		190		113		134		86		104		139		112		100		54		80		14		206		84		64		69		184		56		45		158		42		87		142		98		169		0		76		229		129		19		164		19		65		36		164		180		12		61		78		116		144		107		149		98		120		60		21		173		79		113		137		75		27		138		139		170
53		55		148		125		85		152		135		140		103		112		54		92		81		120		132		101		98		50		78		118		132		122		12		147		8		87		140		148		118		137		4		121		174		53		131		119		178		79		21		142		79		166		104		10		127		89		76		115		31		67		107		49		68		85		77		115		35		91		89		69		81		120		130		84		91		137		100		141		110		75		78		130		83		130		56		70		143		94		127		35		25		8		121		37		71		132		43		134		92		68		93		98		154		130		88		76		148		96		46		19		130		20		59		100		118		93		142		40		111		76		0		171		71		65		146		57		123		64		106		122		64		99		144		122		86		155		91		40		96		110		55		115		21		79		79		147		49		116		81		112
118		116		109		132		86		121		178		179		68		201		139		79		112		51		153		70		103		183		227		193		39		123		159		116		163		84		171		167		117		110		171		192		7		168		40		52		111		250		156		75		92		99		177		161		172		82		183		106		140		138		144		186		121		108		126		74		140		80		194		104		94		191		77		169		118		178		71		30		85		246		129		65		170		47		119		101		28		77		162		200		146		179		50		170		110		57		128		95		143		125		90		117		129		179		149		243		23		145		165		190		63		179		184		83		201		142		87		131		60		229		171		0		100		210		79		210		164		193		65		55		233		168		151		113		85		122		80		131		109		169		214		56		150		116		92		154		210		91		90		67
18		34		127		104		50		131		114		119		32		101		39		21		60		49		111		30		77		83		127		97		61		101		59		126		63		16		119		127		97		116		71		100		103		68		60		72		157		150		56		121		10		145		83		61		106		30		83		94		42		46		86		86		75		62		56		44		56		30		94		58		48		99		109		69		70		116		29		70		89		146		57		59		70		59		73		37		72		53		106		100		46		79		50		70		50		61		58		113		71		47		72		77		133		109		67		143		77		75		65		90		109		79		84		37		101		72		121		31		50		129		71		100		0		110		125		110		102		93		51		101		133		78		123		101		15		134		54		31		75		89		114		78		50		58		42		126		110		95		22		41
92		94		101		78		124		89		70		75		142		47		71		131		98		159		67		140		107		27		17		53		171		87		59		94		59		126		75		83		93		100		69		56		213		42		170		158		113		40		86		139		118		129		39		59		62		128		27		104		86		72		66		24		119		124		84		154		100		130		24		108		120		55		133		41		92		72		139		180		125		36		81		169		40		169		117		109		182		133		62		30		64		67		160		40		100		171		102		115		67		85		120		93		89		65		61		33		187		65		45		58		165		45		26		139		53		68		123		79		150		19		65		210		110		0		145		8		58		17		145		161		23		42		79		97		125		90		130		79		101		45		10		154		60		94		118		82		16		119		120		151
111		91		44		67		75		56		113		114		115		136		92		104		65		90		88		143		48		118		162		128		90		58		140		51		140		139		106		102		52		45		150		127		86		103		113		53		32		185		167		6		115		20		112		140		107		95		118		41		167		79		79		121		200		187		69		153		181		95		129		183		173		126		16		104		55		113		116		59		36		181		68		144		105		126		198		88		93		72		97		135		129		148		77		109		75		136		183		30		78		78		53		52		64		114		84		178		74		80		100		139		20		126		119		162		136		77		22		156		75		164		146		79		125		145		0		145		99		128		74		24		168		103		86		48		110		57		71		130		50		104		149		47		129		67		83		89		145		30		103		146
92		94		101		78		124		95		78		83		142		55		71		131		98		159		75		140		107		27		21		61		171		87		51		94		51		126		83		91		93		100		61		64		213		42		170		158		121		40		78		139		118		129		47		51		70		128		27		104		78		72		66		24		111		124		84		154		92		130		32		108		120		63		133		41		92		80		139		180		125		36		81		169		40		169		109		109		182		133		70		22		64		59		160		40		100		171		94		115		67		85		120		93		97		73		61		33		187		65		45		50		165		37		26		139		61		68		123		79		150		19		57		210		110		8		145		0		66		17		145		161		23		42		87		97		125		98		130		79		101		53		4		154		60		94		118		90		8		119		120		151
88		68		55		32		78		43		14		17		96		37		69		85		52		113		11		120		61		73		63		29		125		41		117		48		117		116		17		25		47		54		127		28		167		70		124		112		67		86		144		93		92		83		19		117		8		82		47		58		144		56		20		74		177		164		46		130		158		84		34		160		150		27		87		39		46		14		93		134		79		82		45		123		40		123		175		65		136		87		4		88		106		125		114		86		54		125		160		69		31		55		74		47		35		15		35		79		141		27		77		116		119		103		64		139		37		30		77		133		104		65		123		164		102		58		99		66		0		59		99		115		69		24		21		51		87		42		84		107		55		13		68		108		106		48		72		24		74		73		80		123
75		77		84		61		107		88		71		76		125		48		54		114		81		142		68		123		90		14		34		54		154		70		58		83		58		109		76		84		76		83		68		57		196		25		153		141		114		57		85		122		101		112		40		58		63		111		12		87		85		55		49		15		118		107		67		137		99		113		25		101		103		56		116		24		75		73		122		163		108		53		64		152		23		152		116		92		165		116		63		29		47		66		143		27		83		154		101		98		50		68		103		76		90		66		44		50		170		48		28		57		148		44		9		122		54		51		106		74		133		36		64		193		93		17		128		17		59		0		128		144		40		35		80		80		108		91		113		62		84		46		21		137		47		77		101		83		17		102		103		134
53		51		76		67		21		80		113		114		41		136		74		30		47		16		88		69		38		118		162		128		26		58		94		75		98		65		106		102		52		65		106		127		68		103		39		21		106		185		93		70		41		94		112		96		107		21		118		43		93		73		79		121		126		113		61		79		107		21		129		109		99		126		58		104		53		113		42		35		38		181		64		70		105		52		124		36		37		12		97		135		81		114		15		105		45		62		109		62		78		60		25		52		82		114		84		178		42		80		100		125		58		114		119		88		136		77		70		82		5		164		106		65		51		145		74		145		99		128		0		50		168		103		86		50		36		83		15		66		44		104		149		27		85		51		27		89		145		44		29		72
87		67		60		83		51		72		129		130		91		152		90		80		63		66		104		119		54		134		178		144		66		74		116		67		116		115		122		118		68		61		126		143		62		119		89		29		56		201		143		22		91		44		128		116		123		71		134		57		143		89		95		137		176		163		77		129		157		71		145		159		149		142		28		120		69		129		92		35		36		197		80		120		121		102		174		64		69		48		113		151		105		130		53		121		61		112		159		46		94		76		41		68		80		130		100		194		50		96		116		141		8		130		135		138		152		93		38		132		51		180		122		55		101		161		24		161		115		144		50		0		184		119		102		64		86		73		47		106		60		120		165		23		105		67		59		105		161		42		79		122
115		117		124		101		147		112		71		76		165		48		94		154		121		182		80		163		130		50		14		54		194		110		74		117		70		149		76		84		116		123		68		57		236		65		193		181		136		17		85		162		141		152		56		72		63		151		50		127		93		95		89		47		130		147		107		177		99		153		39		131		143		56		156		64		115		73		162		203		148		13		104		192		63		192		118		132		205		156		71		33		87		66		183		63		123		194		105		138		90		108		143		116		104		66		84		12		210		88		68		57		188		54		49		162		54		91		146		102		173		12		64		233		133		23		168		23		69		40		168		184		0		65		82		120		148		111		153		102		124		64		19		177		83		117		141		83		23		142		143		174
64		52		59		36		82		53		36		41		100		33		45		89		56		117		33		98		65		49		59		25		129		45		93		52		93		92		41		49		51		58		103		24		171		46		128		116		79		82		120		97		76		87		9		93		28		86		23		62		120		32		24		50		153		140		42		112		134		88		26		136		126		23		91		15		50		38		97		138		83		78		39		127		16		127		151		67		140		91		28		64		82		101		118		62		58		129		136		73		25		43		78		51		55		31		19		75		145		23		53		92		123		79		40		115		33		26		81		109		108		61		99		168		78		42		103		42		24		35		103		119		65		0		45		55		83		56		88		83		59		11		46		112		82		52		76		48		50		77		78		109
109		89		42		19		73		30		27		28		113		50		90		102		63		100		12		141		48		94		76		42		112		28		138		35		138		137		20		16		34		41		148		41		154		91		111		99		54		99		165		80		113		70		40		138		21		93		68		45		165		77		37		95		198		185		67		151		179		93		55		181		171		40		74		60		53		27		114		121		66		95		66		142		61		124		196		86		123		74		17		109		127		146		101		107		73		134		181		56		52		76		61		46		22		28		56		92		128		48		98		137		106		124		85		160		50		51		64		154		91		78		144		151		123		79		86		87		21		80		86		102		82		45		0		38		108		29		71		128		48		34		89		95		127		65		81		3		95		60		101		144
87		67		26		19		51		30		65		66		91		88		68		80		41		66		40		119		24		72		114		80		74		10		116		25		116		115		58		54		4		15		126		79		116		69		89		61		56		137		143		42		91		44		64		116		59		71		70		7		143		55		31		73		176		163		45		129		157		71		81		159		149		78		36		56		31		65		92		83		28		133		44		120		57		102		174		64		85		48		49		87		105		124		63		85		51		112		159		18		30		54		29		24		32		66		36		130		90		32		76		115		68		102		71		138		88		29		26		132		53		116		122		113		101		97		48		97		51		80		50		64		120		55		38		0		86		33		47		106		26		56		101		57		105		43		59		41		97		22		79		122
33		31		112		89		35		116		99		104		17		116		54		6		45		34		96		33		62		98		142		108		46		86		74		111		78		29		104		112		82		101		86		107		88		83		45		57		142		165		71		106		7		130		92		76		91		15		98		79		57		53		71		101		90		77		41		43		71		15		109		73		63		106		94		84		55		101		14		55		74		161		44		44		85		44		88		22		57		38		91		115		61		94		35		85		35		46		73		98		58		40		57		62		118		94		64		158		62		60		80		105		94		94		99		52		116		57		106		46		35		144		86		85		15		125		110		125		87		108		36		86		148		83		108		86		0		119		39		46		60		84		129		63		65		43		27		111		125		80		7		36
120		100		13		30		84		3		56		57		124		79		101		113		74		99		31		152		57		105		105		71		99		33		149		8		149		148		49		45		37		18		159		70		125		102		122		70		25		128		176		51		124		41		55		149		50		104		79		40		176		88		48		106		209		196		78		162		190		104		72		192		182		69		45		71		64		56		125		92		45		124		77		153		72		135		207		97		102		81		40		120		138		157		86		118		84		145		192		27		63		87		62		57		7		57		67		121		99		59		109		148		77		135		96		171		79		62		35		165		84		107		155		122		134		90		57		98		42		91		83		73		111		56		29		33		119		0		80		139		59		47		100		66		138		76		92		32		106		39		112		155
40		36		73		52		6		77		98		99		44		121		59		33		32		29		73		72		23		103		147		113		41		47		79		72		83		68		91		87		43		62		91		112		83		88		42		28		103		170		96		67		44		91		97		81		92		24		103		40		96		58		64		106		129		116		46		82		110		24		114		112		102		111		55		89		38		98		45		50		35		166		49		73		90		55		127		21		52		3		82		120		66		99		30		90		30		65		112		59		63		45		18		37		79		99		69		163		57		65		85		110		55		99		104		91		121		62		67		85		20		149		91		80		54		130		71		130		84		113		15		47		153		88		71		47		39		80		0		59		29		89		134		24		70		36		12		74		130		41		32		75
19		39		132		109		55		136		119		124		63		96		38		52		65		80		116		61		82		52		96		102		92		106		28		131		32		47		124		132		102		121		40		105		134		37		91		79		162		119		37		126		39		150		88		30		111		49		60		99		37		51		91		55		70		57		61		75		51		51		73		53		43		104		114		68		75		121		60		101		94		115		62		90		67		90		68		42		103		58		111		69		15		48		81		39		55		92		53		118		76		52		77		82		138		114		72		112		108		80		34		59		114		48		53		60		102		77		126		26		71		98		40		131		31		79		130		79		107		62		66		106		102		83		128		106		46		139		59		0		80		94		83		83		19		63		47		131		79		100		41		72
61		41		52		29		25		56		69		70		65		92		42		54		15		58		44		93		6		74		118		84		70		26		90		51		90		89		62		58		22		41		100		83		112		59		69		57		82		141		117		46		65		70		68		90		63		45		74		19		117		29		35		77		150		137		19		103		131		45		85		133		123		82		34		60		9		69		66		79		24		137		20		94		61		76		148		38		81		32		53		91		79		98		59		61		25		86		133		38		34		28		19		8		58		70		40		134		86		36		56		89		64		76		75		112		92		33		46		106		49		120		96		109		75		101		50		101		55		84		44		60		124		59		48		26		60		59		29		80		0		60		105		53		79		17		33		51		101		20		53		96
75		55		60		37		83		48		25		30		101		32		56		90		57		118		22		107		66		60		58		24		130		46		104		53		104		103		30		38		52		59		114		23		172		57		129		117		72		81		131		98		79		88		8		104		17		87		34		63		131		43		25		61		164		151		43		117		145		89		25		147		137		22		92		26		51		27		98		139		84		77		40		128		27		128		162		68		141		92		17		75		93		112		119		73		59		130		147		74		26		44		79		52		44		20		22		74		146		24		64		103		124		90		51		126		32		27		82		120		109		60		110		169		89		45		104		53		13		46		104		120		64		11		34		56		84		47		89		94		60		0		55		113		93		53		77		37		61		78		79		110
96		98		105		82		128		97		80		85		146		57		75		135		102		163		77		144		111		31		23		63		175		91		55		98		51		130		85		93		97		104		59		66		217		46		174		162		123		36		76		143		122		133		49		53		72		132		31		108		76		76		70		28		111		128		88		158		90		134		34		112		124		65		137		45		96		82		143		184		129		32		85		173		44		173		107		113		186		137		72		20		68		57		164		44		104		175		92		119		71		89		124		97		99		75		65		29		191		69		49		48		169		35		30		143		63		72		127		83		154		21		55		214		114		10		149		4		68		21		149		165		19		46		89		101		129		100		134		83		105		55		0		158		64		98		122		92		6		123		124		155
64		60		53		76		30		65		122		123		68		145		83		57		56		43		97		96		47		127		171		137		43		67		103		60		107		92		115		111		61		54		115		136		59		112		66		6		79		194		120		43		68		67		121		105		116		48		127		50		120		82		88		130		153		140		70		106		134		48		138		136		126		135		31		113		62		122		69		26		29		190		73		97		114		79		151		45		46		25		106		144		90		123		30		114		54		89		136		39		87		69		34		61		73		123		93		187		33		89		109		134		31		123		128		115		145		86		43		109		28		173		115		56		78		154		47		154		108		137		27		23		177		112		95		57		63		66		24		83		53		113		158		0		94		60		36		98		154		35		56		99
32		38		131		108		64		135		118		123		82		95		37		71		64		99		115		80		81		33		77		101		111		105		11		130		13		66		123		131		101		120		21		104		153		36		110		98		161		100		38		125		58		149		87		11		110		68		59		98		38		50		90		36		71		64		60		94		52		70		72		54		60		103		113		67		74		120		79		120		93		96		61		109		66		109		69		49		122		73		110		50		4		29		100		20		54		111		54		117		75		51		76		81		137		113		71		93		127		79		29		40		113		29		42		79		101		76		125		27		90		79		21		150		50		60		129		60		106		47		85		105		83		82		127		105		65		138		70		19		79		93		64		94		0		62		58		130		60		99		60		91
44		24		69		46		30		73		62		63		48		85		25		37		4		65		53		76		19		67		111		77		77		43		73		68		73		72		61		69		39		58		83		76		119		52		76		64		99		134		100		63		48		87		61		73		56		34		67		36		100		22		28		70		133		120		10		86		114		36		78		116		106		75		51		53		12		62		49		86		31		130		13		77		54		75		131		21		88		39		48		84		62		81		66		54		8		77		116		55		27		11		26		19		75		63		33		127		93		29		49		74		71		63		68		95		85		26		63		89		56		113		79		116		58		94		67		94		48		77		51		67		117		52		65		43		43		76		36		63		17		53		98		60		62		0		24		68		94		37		36		79
28		24		85		62		8		89		86		87		32		109		47		21		20		41		69		60		35		91		135		101		53		59		67		84		71		56		79		85		55		74		79		100		95		76		52		40		115		158		84		79		32		103		85		69		80		12		91		52		84		46		52		94		117		104		34		70		98		12		102		100		90		99		67		77		28		86		33		62		47		154		37		61		78		51		115		9		64		15		70		108		54		87		42		78		18		53		100		71		51		33		30		35		91		87		57		151		69		53		73		98		67		87		92		79		109		50		79		73		32		137		79		92		42		118		83		118		72		101		27		59		141		76		81		59		27		92		12		47		33		77		122		36		58		24		0		84		118		53		20		63
112		92		45		22		76		33		24		25		116		47		93		105		66		103		15		144		51		97		73		39		115		31		141		38		141		140		17		13		37		44		151		38		157		94		114		102		57		96		168		83		116		73		43		141		20		96		71		48		168		80		40		98		201		188		70		154		182		96		58		184		174		37		77		63		56		24		117		124		69		92		69		145		64		127		199		89		126		77		20		112		130		149		104		110		76		137		184		59		55		79		64		49		25		25		59		89		131		51		101		140		109		127		88		163		47		54		67		157		94		75		147		154		126		82		89		90		24		83		89		105		83		48		3		41		111		32		74		131		51		37		92		98		130		68		84		0		98		63		104		147
92		94		101		78		124		103		86		91		142		63		71		131		98		159		83		140		107		27		29		69		171		87		51		98		47		126		91		99		93		100		53		72		213		42		170		158		129		40		70		139		118		129		55		49		78		128		27		104		70		72		66		24		107		124		84		154		84		130		40		108		120		71		133		41		92		88		139		180		125		36		81		169		40		169		101		109		182		133		78		14		64		51		160		40		100		171		86		115		67		85		120		93		105		81		61		33		187		65		45		42		165		31		26		139		69		68		123		79		150		27		49		210		110		16		145		8		74		17		145		161		23		50		95		97		125		106		130		79		101		61		6		154		60		94		118		98		0		119		120		151
81		61		32		41		45		36		87		88		85		110		62		74		35		60		62		113		18		92		136		102		60		32		110		31		110		109		80		76		26		21		120		101		94		77		83		39		62		159		137		26		85		50		86		110		81		65		92		15		137		49		53		95		170		157		39		123		151		65		103		153		143		100		14		78		27		87		86		61		6		155		38		114		79		96		168		58		63		42		71		109		99		118		47		79		45		106		153		18		52		48		23		26		38		88		58		152		68		54		74		109		46		96		93		132		110		51		26		126		45		138		116		91		95		119		30		119		73		102		44		42		142		77		60		22		80		39		41		100		20		78		123		35		99		37		53		63		119		0		73		116
28		26		105		82		28		109		92		97		22		111		49		11		38		39		89		40		55		93		137		103		51		79		69		104		73		36		97		105		75		94		81		102		93		78		50		50		135		160		66		99		12		123		87		71		84		8		93		72		64		48		64		96		97		84		36		50		78		10		104		80		70		101		87		79		48		94		19		60		67		156		39		49		80		49		95		15		62		31		84		110		56		89		40		80		28		51		80		91		53		35		50		55		111		89		59		153		67		55		75		100		87		89		94		59		111		52		99		53		30		139		81		90		22		120		103		120		80		103		29		79		143		78		101		79		7		112		32		41		53		79		124		56		60		36		20		104		120		73		0		43
59		57		148		125		71		152		135		140		31		142		80		42		81		56		132		11		98		124		168		134		56		122		100		147		104		25		140		148		118		137		112		133		62		109		33		93		178		191		97		142		33		166		118		102		127		51		124		115		81		79		107		127		54		41		77		7		81		51		135		43		31		132		130		110		91		137		30		87		110		187		78		18		111		20		56		58		53		74		127		141		87		120		69		111		71		20		69		134		92		68		93		98		154		130		90		184		72		96		106		131		130		120		125		16		142		93		142		72		71		170		112		67		41		151		146		151		123		134		72		122		174		109		144		122		36		155		75		72		96		110		155		99		91		79		63		147		151		116		43		0
