140
0		60		49		113		68		117		68		114		21		101		52		128		122		33		15		59		104		143		64		109		56		42		41		52		116		58		102		72		57		43		59		41		143		97		65		35		76		62		115		72		108		152		95		93		61		46		22		35		48		52		47		121		35		142		22		55		118		127		66		1		154		85		131		32		52		92		75		56		49		148		100		22		86		19		155		76		106		62		61		42		45		133		92		115		46		65		159		68		66		76		80		115		67		76		52		101		53		85		73		77		67		25		118		40		83		64		106		115		76		62		45		106		137		71		66		57		110		64		53		78		112		111		35		98		127		22		89		98		121		53		100		24		47		75		47		108		112		72		118		115
60		0		109		111		84		165		116		60		49		149		100		176		62		45		45		107		54		191		72		131		116		90		101		100		164		48		150		120		107		103		45		27		191		145		5		61		86		110		65		132		48		92		155		83		109		66		78		45		12		10		99		169		55		82		38		27		58		175		10		59		94		37		71		68		46		140		21		72		51		88		148		38		30		49		203		16		154		66		69		52		105		109		44		57		98		113		99		128		126		124		128		163		109		136		100		125		39		133		49		119		115		45		80		88		143		48		86		163		94		122		75		46		185		41		18		75		158		98		101		124		80		159		49		146		175		82		35		146		169		113		148		84		23		27		47		156		160		132		58		55
49		109		0		162		117		106		107		163		60		90		101		117		171		64		64		48		153		132		113		158		7		91		10		41		123		107		133		65		46		26		108		82		132		86		114		48		125		105		164		23		157		201		46		142		84		95		33		84		97		99		36		110		54		191		71		82		167		116		115		50		203		96		180		81		63		81		124		67		98		197		127		71		135		60		144		125		121		73		110		91		42		182		103		164		35		60		208		23		17		73		69		104		116		41		77		150		102		74		122		126		56		64		167		41		34		113		155		104		125		13		94		155		126		82		93		68		99		113		70		127		161		100		84		87		116		33		138		87		112		18		89		25		96		88		96		97		107		23		167		164
113		111		162		0		45		68		55		51		102		82		61		101		53		98		98		124		57		80		49		20		169		71		154		153		53		63		39		97		160		156		66		104		80		122		110		114		37		57		46		185		93		39		208		28		78		67		131		78		103		115		152		58		108		39		91		118		55		102		121		112		49		148		66		81		115		99		90		125		64		43		37		91		81		102		92		111		43		125		52		71		158		20		155		54		151		102		46		181		179		89		99		114		46		189		85		14		72		96		62		36		108		98		31		121		196		63		25		76		37		175		68		67		74		134		129		128		87		49		92		35		31		104		78		133		106		135		76		81		58		166		103		137		88		138		66		123		55		185		71		66
68		84		117		45		0		81		32		46		57		65		16		92		54		69		53		79		36		107		12		47		124		26		109		108		80		36		66		52		115		111		39		77		107		77		83		71		8		26		47		140		66		84		163		25		33		22		86		39		76		88		107		85		71		74		56		91		50		91		94		67		86		121		63		36		88		56		63		92		33		80		64		50		54		57		119		84		70		98		15		32		113		65		128		47		106		57		91		136		134		44		54		79		25		144		40		41		45		51		35		35		63		61		50		76		151		36		38		79		10		130		23		40		101		107		102		93		74		14		47		40		44		75		35		88		91		90		49		62		85		121		64		92		61		111		37		78		76		140		50		47
117		165		106		68		81		0		49		105		138		16		65		33		107		150		128		58		111		26		93		64		111		75		96		85		29		117		39		45		92		132		120		158		26		54		164		152		79		55		100		117		147		107		140		82		56		99		139		120		157		169		84		16		152		97		137		172		109		34		175		116		109		202		120		97		169		31		144		173		114		103		33		131		135		136		38		165		27		179		96		113		148		88		209		108		83		52		114		113		119		41		37		46		56		121		65		56		126		32		116		46		50		142		85		77		128		117		79		8		71		107		90		121		20		188		183		174		19		67		64		41		85		36		116		65		38		139		130		19		18		124		35		125		142		192		118		55		13		121		125		120
68		116		107		55		32		49		0		56		89		33		16		60		64		101		79		69		62		75		44		51		114		26		99		98		48		68		34		42		105		101		71		109		75		67		115		103		30		6		57		130		98		94		153		35		23		50		90		71		108		120		97		53		103		84		88		123		60		59		126		67		96		153		73		48		120		44		95		124		65		90		32		82		86		87		87		116		38		130		47		64		103		75		160		59		96		47		101		126		124		34		44		59		9		134		30		43		77		41		67		19		53		93		60		66		141		68		48		47		22		120		41		72		69		139		134		125		42		18		37		20		54		49		67		78		59		90		81		30		53		111		48		82		93		143		69		68		44		130		76		71
114		60		163		51		46		105		56		0		103		89		62		116		8		99		99		125		10		131		50		71		170		72		155		154		104		56		90		98		161		157		55		81		131		123		59		115		38		58		5		186		42		38		209		23		79		68		132		79		66		64		153		109		109		28		92		81		4		115		70		113		40		97		17		82		100		100		39		126		65		34		88		92		30		103		143		60		94		120		53		72		159		49		104		3		152		103		45		182		180		90		100		115		49		190		86		65		61		97		41		59		109		99		20		122		197		50		26		103		38		176		69		16		125		95		78		129		98		50		93		64		20		105		79		134		115		136		25		86		109		167		104		138		67		87		67		124		100		186		20		15
21		49		60		102		57		138		89		103		0		122		73		149		111		12		10		80		93		164		53		104		67		63		52		73		137		47		123		93		78		54		48		22		164		118		54		14		65		83		104		83		97		141		106		82		82		39		29		24		37		39		68		142		14		131		11		34		107		148		55		22		143		64		120		41		31		113		64		35		38		137		121		11		75		2		176		65		127		41		50		31		56		122		71		104		67		86		148		79		77		97		101		136		82		87		73		98		42		106		62		92		88		4		107		61		94		53		95		136		67		73		48		95		158		50		45		36		131		71		74		97		101		132		24		119		148		33		78		119		142		64		121		35		36		54		36		129		133		83		107		104
101		149		90		82		65		16		33		89		122		0		49		27		91		134		112		42		95		42		77		78		95		59		80		71		43		101		53		29		78		116		104		142		42		40		148		136		63		39		84		103		131		121		126		66		40		83		123		104		141		153		70		30		136		111		121		156		93		26		159		100		123		186		104		81		153		17		128		157		98		117		47		115		119		120		54		149		41		163		80		97		132		102		193		92		69		36		128		99		103		25		21		32		40		107		49		70		110		16		100		46		34		126		87		61		114		101		75		14		55		93		74		105		36		172		167		158		9		51		48		47		81		22		100		51		26		123		114		3		32		108		21		109		126		176		102		41		27		105		109		104
52		100		101		61		16		65		16		62		73		49		0		76		70		85		63		63		52		91		28		57		108		10		93		92		64		52		50		36		99		95		55		93		91		61		99		87		24		10		63		124		82		100		147		41		17		34		74		55		92		104		91		69		87		90		72		107		66		75		110		51		102		137		79		32		104		40		79		108		49		96		48		66		70		71		103		100		54		114		31		48		97		81		144		63		90		41		107		120		118		28		38		63		15		128		24		49		61		35		51		25		47		77		66		60		135		52		54		63		24		114		25		56		85		123		118		109		58		12		31		26		60		59		51		72		75		74		65		46		69		105		48		76		77		127		53		62		60		124		66		63
128		176		117		101		92		33		60		116		149		27		76		0		118		161		139		69		122		29		104		97		122		86		107		76		62		128		72		56		71		143		131		169		39		31		175		163		90		66		111		96		158		140		107		93		67		110		150		131		168		180		81		49		163		130		148		183		120		1		186		127		142		213		131		108		180		36		155		184		125		136		66		142		146		147		31		176		60		190		107		124		159		121		220		119		82		63		147		94		130		52		48		13		67		88		76		89		137		43		127		65		61		153		106		88		121		128		94		25		82		118		101		132		37		199		194		185		18		78		75		66		100		17		127		32		5		150		141		30		51		135		28		136		153		203		129		22		46		132		136		131
122		62		171		53		54		107		64		8		111		91		70		118		0		107		107		133		18		133		58		73		178		80		163		162		106		64		92		106		169		165		63		89		133		131		57		123		46		66		7		194		40		30		217		29		87		76		140		87		74		72		161		111		117		20		100		89		4		117		68		121		32		95		13		90		108		108		47		134		73		26		90		100		36		111		145		58		96		128		61		80		167		51		102		7		160		111		37		190		188		98		108		123		55		198		94		67		69		105		49		61		117		107		22		130		205		58		28		105		46		184		77		16		127		103		78		137		100		58		101		66		22		113		87		142		117		144		33		90		111		175		112		146		75		85		75		132		102		194		18		13
33		45		64		98		69		150		101		99		12		134		85		161		107		0		22		92		89		176		57		116		71		75		56		85		149		43		135		105		90		58		44		18		176		130		50		16		71		95		100		87		93		137		110		78		94		51		33		30		33		35		80		154		10		127		13		22		103		160		51		34		139		52		116		53		19		125		60		27		36		133		133		19		71		14		188		61		139		29		54		37		60		118		59		100		79		98		144		83		81		109		113		148		94		91		85		110		38		118		58		104		100		8		103		73		98		49		91		148		79		77		60		91		170		38		33		30		143		83		86		109		97		144		34		131		160		37		74		131		154		68		133		39		32		42		32		141		145		87		103		100
15		45		64		98		53		128		79		99		10		112		63		139		107		22		0		70		89		154		49		94		71		53		56		63		127		43		113		83		68		58		44		30		154		108		50		24		61		73		100		87		93		137		110		78		72		31		33		20		33		41		58		132		24		127		9		44		103		138		51		14		139		74		116		31		41		103		60		45		34		133		111		7		71		8		166		61		117		51		46		27		60		118		81		100		57		76		144		83		81		87		91		126		72		91		63		88		38		96		58		82		78		14		103		51		98		49		91		126		61		77		38		91		148		60		55		46		121		61		64		87		97		122		20		109		138		37		74		109		132		68		111		39		32		64		32		119		123		87		103		100
59		107		48		124		79		58		69		125		80		42		63		69		133		92		70		0		115		84		75		120		53		53		38		29		85		69		95		27		36		74		70		100		84		38		106		94		87		67		126		61		119		163		84		104		46		57		81		62		99		111		28		72		94		153		79		114		129		68		117		58		165		144		142		43		111		33		86		115		60		159		89		73		97		78		96		107		83		121		72		55		90		144		151		126		27		22		170		57		61		35		25		56		78		65		39		112		68		28		84		88		16		84		129		19		72		75		117		56		87		51		56		117		78		130		125		116		51		75		32		89		123		52		58		39		68		81		100		43		74		66		41		67		84		134		60		49		69		63		129		126
104		54		153		57		36		111		62		10		93		95		52		122		18		89		89		115		0		137		40		77		160		62		145		144		110		46		96		88		151		147		45		71		137		113		53		105		32		56		11		176		36		48		199		29		69		58		122		69		56		58		143		115		99		38		82		71		14		121		64		103		50		91		27		72		90		90		33		116		55		44		94		82		24		93		149		54		100		110		43		62		149		55		98		11		142		93		55		172		170		80		90		109		55		180		76		71		51		87		31		65		99		89		26		112		187		40		32		109		40		166		59		10		131		85		72		119		104		44		83		70		26		105		69		124		121		126		19		92		115		157		94		128		57		81		57		114		106		176		14		11
143		191		132		80		107		26		75		131		164		42		91		29		133		176		154		84		137		0		119		68		137		101		122		91		33		143		43		71		88		158		146		184		10		50		190		178		105		81		126		113		173		115		136		108		82		125		165		146		183		195		96		22		178		119		163		198		135		30		201		142		129		228		146		123		195		51		170		199		140		123		43		157		161		162		12		191		37		205		122		139		174		92		235		134		97		78		118		109		145		67		63		42		82		117		91		66		152		58		142		72		76		168		111		103		136		143		105		28		97		133		116		147		8		214		209		200		33		93		90		67		111		32		142		61		34		165		156		45		22		150		43		151		168		218		144		51		31		147		151		146
64		72		113		49		12		93		44		50		53		77		28		104		58		57		49		75		40		119		0		59		120		22		105		104		92		24		78		48		111		107		27		65		119		73		71		65		14		38		51		136		54		88		159		29		37		18		82		29		64		76		103		97		59		78		44		79		54		103		82		63		90		109		67		32		76		68		51		80		21		84		76		42		42		53		131		72		82		86		3		22		109		69		116		51		102		53		95		132		130		52		56		91		37		140		36		53		33		61		23		47		59		49		54		72		147		24		42		91		22		126		19		42		113		95		90		81		86		26		43		52		48		87		29		84		103		86		37		74		97		117		76		88		49		99		25		84		88		136		54		51
109		131		158		20		47		64		51		71		104		78		57		97		73		116		94		120		77		68		59		0		165		67		150		149		35		83		25		93		156		152		86		124		60		118		130		118		45		53		66		181		113		55		204		48		74		65		127		86		123		135		148		48		118		59		103		138		75		98		141		108		69		168		86		77		135		95		110		139		80		63		31		97		101		102		72		131		37		145		62		79		154		24		175		74		147		98		58		177		175		85		95		110		42		185		81		8		92		92		82		32		104		108		51		117		192		83		45		72		37		171		64		87		60		154		149		140		83		45		88		31		51		100		82		129		102		131		96		77		46		162		99		133		108		158		84		119		51		181		91		86
56		116		7		169		124		111		114		170		67		95		108		122		178		71		71		53		160		137		120		165		0		98		15		46		130		114		140		72		51		21		115		89		137		91		121		55		132		112		171		26		164		208		39		149		91		102		38		91		104		106		41		117		61		198		78		89		174		121		122		57		210		93		187		88		70		86		131		62		105		204		134		78		142		67		149		132		128		68		117		98		37		189		98		171		40		67		215		28		10		80		74		109		123		46		84		157		109		79		129		133		61		71		174		48		27		120		162		109		132		6		101		162		131		77		100		63		104		120		77		134		168		105		91		92		121		34		145		92		119		13		94		32		103		95		103		102		114		16		174		171
42		90		91		71		26		75		26		72		63		59		10		86		80		75		53		53		62		101		22		67		98		0		83		82		74		42		60		30		89		85		45		83		101		55		89		77		34		20		73		114		72		110		137		51		19		24		64		45		82		94		81		79		77		100		62		97		76		85		100		41		112		127		89		22		94		50		69		98		39		106		58		56		60		61		113		90		64		104		21		38		87		91		134		73		80		31		117		110		108		34		38		73		25		118		14		59		51		43		41		35		37		67		76		50		125		42		64		73		34		104		15		64		95		113		108		99		68		22		21		36		70		69		41		62		85		64		55		56		79		95		58		66		67		117		43		66		70		114		76		73
41		101		10		154		109		96		99		155		52		80		93		107		163		56		56		38		145		122		105		150		15		83		0		31		115		99		125		57		36		36		100		74		122		76		106		56		117		97		156		31		149		193		54		134		76		87		43		76		89		91		26		102		56		183		63		76		159		106		107		42		195		106		172		73		73		71		116		77		90		189		119		63		127		52		134		117		113		83		102		83		52		174		113		156		25		52		200		27		25		65		59		94		108		35		69		142		94		64		114		118		46		56		159		33		42		105		147		94		117		21		86		147		116		92		87		78		89		105		62		119		153		90		76		77		106		43		130		77		104		28		79		29		88		96		88		87		99		31		159		156
52		100		41		153		108		85		98		154		73		71		92		76		162		85		63		29		144		91		104		149		46		82		31		0		114		98		124		56		7		67		99		93		91		45		105		87		116		96		155		32		148		192		55		133		75		86		74		75		92		104		5		101		87		182		72		107		158		75		110		51		194		137		171		72		104		54		115		108		89		188		118		66		126		71		103		116		112		114		101		82		83		173		144		155		6		51		199		28		54		64		54		63		107		36		68		141		93		57		113		117		45		77		158		32		45		104		146		77		116		42		85		146		89		123		118		109		66		104		61		118		152		59		75		46		75		74		129		72		103		59		50		60		87		127		87		56		98		56		158		155
116		164		123		53		80		29		48		104		137		43		64		62		106		149		127		85		110		33		92		35		130		74		115		114		0		116		14		58		121		131		119		157		27		83		163		151		78		54		99		146		146		88		169		81		55		98		138		119		156		168		113		13		151		92		136		171		108		63		174		115		102		201		119		96		168		60		143		172		113		96		16		130		134		135		39		164		10		178		95		112		147		59		208		107		112		63		91		142		140		50		60		75		55		150		64		39		125		57		115		45		69		141		84		82		157		116		78		37		70		136		89		120		25		187		182		173		48		66		63		40		84		65		115		94		67		138		129		42		11		127		64		124		141		191		117		84		16		146		124		119
58		48		107		63		36		117		68		56		47		101		52		128		64		43		43		69		46		143		24		83		114		42		99		98		116		0		102		72		105		101		3		41		143		97		47		59		38		62		57		130		50		94		153		35		61		18		76		23		40		52		97		121		53		84		36		55		60		127		58		57		96		85		73		26		52		92		27		70		9		90		100		36		28		47		155		48		106		64		21		16		103		75		92		57		96		65		101		126		124		76		80		115		61		134		52		77		9		85		15		71		67		43		60		66		141		6		48		115		46		120		27		48		137		71		66		73		110		50		53		76		54		111		23		98		127		80		31		98		121		111		100		82		25		75		11		108		112		130		60		57
102		150		133		39		66		39		34		90		123		53		50		72		92		135		113		95		96		43		78		25		140		60		125		124		14		102		0		68		131		127		105		143		41		93		149		137		64		40		85		156		132		74		179		67		49		84		124		105		142		154		123		23		137		78		122		157		94		73		160		101		88		187		105		82		154		70		129		158		99		82		6		116		120		121		53		150		12		164		81		98		133		49		194		93		122		73		77		152		150		60		70		85		41		160		56		25		111		67		101		31		79		127		70		92		167		102		64		47		56		146		75		106		35		173		168		159		58		52		63		26		70		75		101		104		77		124		115		52		21		137		74		110		127		177		103		94		26		156		110		105
72		120		65		97		52		45		42		98		93		29		36		56		106		105		83		27		88		71		48		93		72		30		57		56		58		72		68		0		63		87		75		113		71		25		119		107		60		40		99		88		102		136		111		77		19		54		94		75		112		124		55		49		107		126		92		127		102		55		130		71		138		157		115		52		124		20		99		128		69		132		62		86		90		91		83		120		56		134		51		68		103		117		164		99		54		7		143		84		82		8		8		43		51		92		20		85		81		13		71		61		11		97		102		32		99		72		90		43		60		78		45		90		65		143		138		129		38		48		19		62		96		39		71		36		55		94		85		26		49		79		28		80		97		147		73		36		42		88		102		99
57		107		46		160		115		92		105		161		78		78		99		71		169		90		68		36		151		88		111		156		51		89		36		7		121		105		131		63		0		72		106		98		98		40		112		92		123		103		162		25		155		199		48		140		82		93		79		82		97		109		10		108		92		189		77		112		165		70		115		56		201		142		178		79		109		61		122		113		96		195		125		71		133		76		98		123		119		119		108		89		88		180		149		162		11		58		206		23		59		71		61		58		114		29		75		148		100		64		120		124		52		82		165		39		50		111		153		84		123		47		92		153		96		128		123		114		73		111		68		125		159		56		82		41		70		79		136		79		110		64		57		65		94		132		94		51		105		61		165		162
43		103		26		156		111		132		101		157		54		116		95		143		165		58		58		74		147		158		107		152		21		85		36		67		131		101		127		87		72		0		102		76		158		112		108		42		119		99		158		47		151		195		52		136		78		89		25		78		91		93		62		136		48		185		65		76		161		142		109		44		197		80		174		75		57		107		118		41		92		191		121		65		129		54		170		119		121		47		104		85		16		176		77		158		61		80		202		49		23		91		95		130		110		67		71		144		96		100		116		120		82		58		161		55		40		107		149		130		119		25		88		149		152		62		87		42		125		107		68		121		155		126		78		113		142		21		132		113		136		10		115		19		90		82		90		123		127		29		161		158
59		45		108		66		39		120		71		55		48		104		55		131		63		44		44		70		45		146		27		86		115		45		100		99		119		3		105		75		106		102		0		38		146		100		44		60		41		65		56		131		49		93		154		38		64		21		77		24		37		49		98		124		54		83		37		52		59		130		55		58		95		82		72		27		49		95		24		71		10		89		103		37		27		48		158		45		109		65		24		17		104		74		89		56		97		68		100		127		125		79		83		118		64		135		55		80		6		88		14		74		70		44		59		67		142		5		47		118		49		121		30		47		140		68		63		74		113		53		56		79		53		114		24		101		130		81		30		101		124		112		103		83		22		72		12		111		115		131		59		56
41		27		82		104		77		158		109		81		22		142		93		169		89		18		30		100		71		184		65		124		89		83		74		93		157		41		143		113		98		76		38		0		184		138		32		34		79		103		82		105		75		119		128		76		102		59		51		38		15		17		88		162		28		109		21		14		85		168		33		42		121		44		98		61		19		133		42		45		44		115		141		27		53		22		196		43		147		39		62		45		78		102		51		82		87		106		126		101		99		117		121		156		102		109		93		118		32		126		42		112		108		18		85		81		116		41		79		156		87		95		68		73		178		30		25		48		151		91		94		117		79		152		42		139		168		55		56		139		162		86		141		57		16		34		40		149		153		105		85		82
143		191		132		80		107		26		75		131		164		42		91		39		133		176		154		84		137		10		119		60		137		101		122		91		27		143		41		71		98		158		146		184		0		60		190		178		105		81		126		123		173		115		146		108		82		125		165		146		183		195		96		22		178		119		163		198		135		40		201		142		129		228		146		123		195		51		170		199		140		123		43		157		161		162		12		191		37		205		122		139		174		82		235		134		97		78		118		119		145		67		63		52		82		127		91		66		152		58		142		72		76		168		111		103		136		143		105		28		97		133		116		147		6		214		209		200		33		93		90		67		111		42		142		71		44		165		156		45		22		150		43		151		168		218		144		61		31		147		151		146
97		145		86		122		77		54		67		123		118		40		61		31		131		130		108		38		113		50		73		118		91		55		76		45		83		97		93		25		40		112		100		138		60		0		144		132		85		65		124		65		127		161		86		102		44		79		119		100		137		149		50		70		132		151		117		152		127		30		155		96		163		182		140		77		149		23		124		153		94		157		87		111		115		116		58		145		81		159		76		93		128		142		189		124		51		32		168		63		99		33		23		18		76		67		45		110		106		26		96		86		30		122		127		57		90		97		115		46		85		87		70		115		58		168		163		154		35		73		44		87		121		18		96		11		30		119		110		41		72		104		19		105		122		172		98		11		67		101		127		124
65		5		114		110		83		164		115		59		54		148		99		175		57		50		50		106		53		190		71		130		121		89		106		105		163		47		149		119		112		108		44		32		190		144		0		66		85		109		64		137		43		87		160		82		108		65		83		44		17		15		104		168		60		77		43		32		55		174		11		64		89		38		66		67		51		139		20		77		50		83		147		43		29		54		202		11		153		71		68		51		110		108		45		56		103		112		94		133		131		123		127		162		108		141		99		124		38		132		48		118		114		50		79		87		148		47		85		162		93		127		74		43		184		46		21		80		157		97		100		123		79		158		48		145		174		87		34		145		168		118		147		89		22		28		46		155		159		137		53		50
35		61		48		114		71		152		103		115		14		136		87		163		123		16		24		94		105		178		65		118		55		77		56		87		151		59		137		107		92		42		60		34		178		132		66		0		77		97		116		71		109		153		94		94		96		53		17		36		49		51		82		156		6		143		23		34		119		162		67		36		155		50		132		55		17		127		76		21		50		149		135		23		87		16		190		77		141		27		62		43		44		134		57		116		81		100		160		69		65		111		115		150		96		87		87		112		54		120		74		106		102		16		119		75		82		65		107		150		81		61		62		107		172		36		45		22		145		85		88		111		113		146		36		133		162		21		90		133		156		52		135		27		48		40		48		143		147		71		119		116
76		86		125		37		8		79		30		38		65		63		24		90		46		71		61		87		32		105		14		45		132		34		117		116		78		38		64		60		123		119		41		79		105		85		85		77		0		24		39		148		68		76		171		17		41		30		94		41		78		90		115		83		73		66		58		93		42		89		96		75		78		123		55		44		90		62		65		94		35		72		62		54		56		65		117		86		68		100		17		34		121		57		130		39		114		65		83		144		142		52		62		77		23		152		48		39		47		59		37		33		71		63		42		84		159		38		30		77		8		138		31		42		99		109		104		95		72		12		55		38		36		73		41		96		89		98		51		60		83		129		66		100		63		113		39		86		74		148		46		41
62		110		105		57		26		55		6		58		83		39		10		66		66		95		73		67		56		81		38		53		112		20		97		96		54		62		40		40		103		99		65		103		81		65		109		97		24		0		59		128		92		96		151		37		21		44		84		65		102		114		95		59		97		86		82		117		62		65		120		61		98		147		75		42		114		42		89		118		59		92		38		76		80		81		93		110		44		124		41		58		101		77		154		59		94		45		103		124		122		32		42		57		11		132		28		45		71		39		61		21		51		87		62		64		139		62		50		53		20		118		35		66		75		133		128		119		48		12		35		22		56		49		61		76		65		84		75		36		59		109		46		80		87		137		63		66		50		128		70		65
115		65		164		46		47		100		57		5		104		84		63		111		7		100		100		126		11		126		51		66		171		73		156		155		99		57		85		99		162		158		56		82		126		124		64		116		39		59		0		187		47		37		210		22		80		69		133		80		67		69		154		104		110		27		93		82		9		110		75		114		39		102		20		83		101		101		44		127		66		33		83		93		35		104		138		65		89		121		54		73		160		44		109		8		153		104		44		183		181		91		101		116		48		191		87		60		62		98		42		54		110		100		15		123		198		51		21		98		39		177		70		21		120		96		83		130		93		51		94		59		15		106		80		135		110		137		30		83		104		168		105		139		68		92		68		125		95		187		25		20
72		132		23		185		140		117		130		186		83		103		124		96		194		87		87		61		176		113		136		181		26		114		31		32		146		130		156		88		25		47		131		105		123		65		137		71		148		128		187		0		180		224		23		165		107		118		54		107		120		122		33		133		77		214		94		105		190		95		138		73		226		117		203		104		86		86		147		88		121		220		150		94		158		83		123		148		144		94		133		114		63		205		124		187		34		83		231		4		34		96		86		83		139		20		100		173		125		89		145		149		77		87		190		64		25		136		178		109		148		22		117		178		121		103		116		89		98		136		93		150		184		81		107		66		95		54		161		104		135		39		82		48		119		111		119		76		130		36		190		187
108		48		157		93		66		147		98		42		97		131		82		158		40		93		93		119		36		173		54		113		164		72		149		148		146		50		132		102		155		151		49		75		173		127		43		109		68		92		47		180		0		58		203		65		91		62		126		73		60		58		147		151		103		54		86		75		38		157		42		107		46		71		27		76		94		122		33		120		59		50		130		86		22		97		185		32		136		114		51		66		153		91		78		39		146		97		55		176		174		106		110		145		91		184		82		107		55		115		35		101		103		93		62		116		191		44		68		145		76		170		63		26		167		89		64		123		140		80		87		106		62		141		73		128		157		130		19		128		151		161		130		132		61		69		61		138		142		180		22		27
152		92		201		39		84		107		94		38		141		121		100		140		30		137		137		163		48		115		88		55		208		110		193		192		88		94		74		136		199		195		93		119		115		161		87		153		76		96		37		224		58		0		247		59		117		106		170		117		104		102		191		93		147		10		130		119		34		141		86		151		14		115		31		120		138		138		77		164		103		8		74		130		66		141		127		76		80		158		91		110		197		33		122		37		190		141		7		220		218		128		138		153		85		228		124		51		99		135		79		75		147		137		34		160		235		88		46		115		76		214		107		46		109		133		108		167		126		88		131		74		40		143		117		172		145		174		63		120		93		205		142		176		105		113		105		162		94		224		36		37
95		155		46		208		163		140		153		209		106		126		147		107		217		110		110		84		199		136		159		204		39		137		54		55		169		153		179		111		48		52		154		128		146		86		160		94		171		151		210		23		203		247		0		188		130		141		77		130		143		145		56		156		100		237		117		128		213		106		161		96		249		132		226		127		109		109		170		83		144		243		173		117		181		106		138		171		167		89		156		137		56		228		125		210		57		106		254		27		29		119		109		94		162		27		123		196		148		112		168		172		100		110		213		87		18		159		201		132		171		33		140		201		144		114		139		82		121		159		116		173		207		104		130		75		102		73		184		127		158		42		105		71		142		134		142		85		153		29		213		210
93		83		142		28		25		82		35		23		82		66		41		93		29		78		78		104		29		108		29		48		149		51		134		133		81		35		67		77		140		136		38		76		108		102		82		94		17		37		22		165		65		59		188		0		58		47		111		58		75		87		132		86		88		49		71		90		27		92		93		92		61		120		38		61		87		79		62		105		44		55		65		71		53		82		120		83		71		99		32		51		138		40		127		26		131		82		66		161		159		69		79		94		26		169		65		42		44		76		34		36		88		78		25		101		176		35		13		80		17		155		48		39		102		106		101		108		75		29		72		41		19		84		58		113		92		115		48		63		86		146		83		117		60		110		46		103		77		165		43		38
61		109		84		78		33		56		23		79		82		40		17		67		87		94		72		46		69		82		37		74		91		19		76		75		55		61		49		19		82		78		64		102		82		44		108		96		41		21		80		107		91		117		130		58		0		43		83		64		101		113		74		60		96		107		81		116		83		66		119		60		119		146		96		41		113		31		88		117		58		113		43		75		79		80		94		109		45		123		40		57		92		98		153		80		73		24		124		103		101		15		21		54		32		111		9		66		70		24		60		42		30		86		83		43		118		61		71		54		41		97		34		71		76		132		127		118		49		29		14		43		77		50		60		55		66		83		74		37		60		88		39		69		86		136		62		47		51		107		83		80
46		66		95		67		22		99		50		68		39		83		34		110		76		51		31		57		58		125		18		65		102		24		87		86		98		18		84		54		93		89		21		59		125		79		65		53		30		44		69		118		62		106		141		47		43		0		64		21		58		70		85		103		53		96		38		73		72		109		76		45		108		103		85		14		70		74		45		74		15		102		82		32		40		37		137		66		88		80		15		14		91		87		110		69		84		47		113		114		112		58		62		97		43		122		34		59		27		67		27		53		49		43		72		54		129		18		60		97		30		108		9		60		119		89		84		75		92		32		35		58		66		93		17		80		109		68		43		80		103		99		82		70		43		93		19		90		94		118		72		69
22		78		33		131		86		139		90		132		29		123		74		150		140		33		33		81		122		165		82		127		38		64		43		74		138		76		124		94		79		25		77		51		165		119		83		17		94		84		133		54		126		170		77		111		83		64		0		53		66		68		69		143		23		160		40		51		136		149		84		23		172		63		149		50		32		114		93		34		67		166		122		40		104		29		177		94		128		40		79		60		27		151		70		133		68		87		177		56		48		98		102		137		85		74		74		119		71		107		91		95		89		33		136		62		65		82		124		137		94		44		63		124		159		49		62		35		132		82		75		98		130		133		53		120		149		4		107		120		143		35		122		14		65		57		65		130		134		54		136		133
35		45		84		78		39		120		71		79		24		104		55		131		87		30		20		62		69		146		29		86		91		45		76		75		119		23		105		75		82		78		24		38		146		100		44		36		41		65		80		107		73		117		130		58		64		21		53		0		37		49		74		124		32		107		17		52		83		130		55		34		119		82		96		23		49		95		40		53		14		113		103		13		51		24		158		45		109		59		26		7		80		98		89		80		73		68		124		103		101		79		83		118		64		111		55		80		18		88		38		74		70		22		83		43		118		29		71		118		49		97		30		71		140		68		63		54		113		53		56		79		77		114		4		101		130		57		54		101		124		88		103		59		22		72		12		111		115		107		83		80
48		12		97		103		76		157		108		66		37		141		92		168		74		33		33		99		56		183		64		123		104		82		89		92		156		40		142		112		97		91		37		15		183		137		17		49		78		102		67		120		60		104		143		75		101		58		66		37		0		12		87		161		43		94		26		15		70		167		18		47		106		45		83		60		34		132		27		60		43		100		140		26		38		37		195		28		146		54		61		44		93		101		52		67		86		105		111		116		114		116		120		155		101		124		92		117		31		125		41		111		107		33		72		80		131		40		78		155		86		110		67		58		177		31		26		63		150		90		93		116		72		151		41		138		167		70		41		138		161		101		140		72		15		35		39		148		152		120		70		67
52		10		99		115		88		169		120		64		39		153		104		180		72		35		41		111		58		195		76		135		106		94		91		104		168		52		154		124		109		93		49		17		195		149		15		51		90		114		69		122		58		102		145		87		113		70		68		49		12		0		99		173		45		92		32		17		68		179		16		53		104		33		81		72		36		144		25		62		55		98		152		38		36		39		207		26		158		56		73		56		95		113		40		65		98		117		109		118		116		128		132		167		113		126		104		129		43		137		53		123		119		35		84		92		133		52		90		167		98		112		79		56		189		31		14		65		162		102		105		128		84		163		53		150		179		72		39		150		173		103		152		74		27		23		51		160		164		122		68		65
47		99		36		152		107		84		97		153		68		70		91		81		161		80		58		28		143		96		103		148		41		81		26		5		113		97		123		55		10		62		98		88		96		50		104		82		115		95		154		33		147		191		56		132		74		85		69		74		87		99		0		100		82		181		67		102		157		80		105		46		193		132		170		71		99		53		114		103		88		187		117		61		125		66		108		115		111		109		100		81		78		172		139		154		1		50		198		29		49		63		53		68		106		37		67		140		92		56		112		116		44		72		157		31		44		103		145		76		115		37		84		145		90		118		113		104		65		103		60		117		151		64		74		51		80		69		128		71		102		54		53		55		86		122		86		61		97		51		157		154
121		169		110		58		85		16		53		109		142		30		69		49		111		154		132		72		115		22		97		48		117		79		102		101		13		121		23		49		108		136		124		162		22		70		168		156		83		59		104		133		151		93		156		86		60		103		143		124		161		173		100		0		156		97		141		176		113		50		179		120		107		206		124		101		173		47		148		177		118		101		21		135		139		140		34		169		15		183		100		117		152		72		213		112		99		56		98		129		127		45		47		62		60		137		69		44		130		44		120		50		56		146		89		81		144		121		83		24		75		123		94		125		16		192		187		178		35		71		68		45		89		52		120		81		54		143		134		29		2		128		51		129		146		196		122		71		9		133		129		124
35		55		54		108		71		152		103		109		14		136		87		163		117		10		24		94		99		178		59		118		61		77		56		87		151		53		137		107		92		48		54		28		178		132		60		6		73		97		110		77		103		147		100		88		96		53		23		32		43		45		82		156		0		137		17		28		113		162		61		36		149		50		126		55		17		127		70		21		44		143		135		21		81		16		190		71		141		27		56		39		50		128		57		110		81		100		154		73		71		111		115		150		96		87		87		112		48		120		68		106		102		10		113		75		88		59		101		150		81		67		62		101		172		36		39		22		145		85		88		111		107		146		36		133		162		27		84		133		156		58		135		29		42		40		42		143		147		77		113		110
142		82		191		39		74		97		84		28		131		111		90		130		20		127		127		153		38		119		78		59		198		100		183		182		92		84		78		126		189		185		83		109		119		151		77		143		66		86		27		214		54		10		237		49		107		96		160		107		94		92		181		97		137		0		120		109		24		131		82		141		12		109		27		110		128		128		67		154		93		6		76		120		56		131		131		72		82		148		81		100		187		37		116		27		180		131		17		210		208		118		128		143		75		218		114		53		89		125		69		65		137		127		24		150		225		78		36		105		66		204		97		36		113		123		98		157		116		78		121		64		30		133		107		162		135		164		53		110		97		195		132		166		95		103		95		152		88		214		32		27
22		38		71		91		56		137		88		92		11		121		72		148		100		13		9		79		82		163		44		103		78		62		63		72		136		36		122		92		77		65		37		21		163		117		43		23		58		82		93		94		86		130		117		71		81		38		40		17		26		32		67		141		17		120		0		35		96		147		44		21		132		65		109		40		32		112		53		36		27		126		120		6		64		11		175		54		126		42		41		24		67		111		72		93		66		85		137		90		88		96		100		135		81		98		72		97		31		105		51		91		87		7		96		60		105		42		84		135		66		84		47		84		157		51		46		37		130		70		73		96		90		131		21		118		147		44		67		118		141		75		120		46		25		55		25		128		132		94		96		93
55		27		82		118		91		172		123		81		34		156		107		183		89		22		44		114		71		198		79		138		89		97		76		107		171		55		157		127		112		76		52		14		198		152		32		34		93		117		82		105		75		119		128		90		116		73		51		52		15		17		102		176		28		109		35		0		85		182		33		56		121		30		98		75		19		147		42		45		58		115		155		41		53		36		210		43		161		39		76		59		78		116		37		82		101		120		126		101		99		131		135		170		116		109		107		132		46		140		56		126		122		30		87		95		116		55		93		170		101		95		82		73		192		16		11		48		165		105		108		131		87		166		56		153		182		55		56		153		176		86		155		57		30		20		54		163		167		105		85		82
118		58		167		55		50		109		60		4		107		93		66		120		4		103		103		129		14		135		54		75		174		76		159		158		108		60		94		102		165		161		59		85		135		127		55		119		42		62		9		190		38		34		213		27		83		72		136		83		70		68		157		113		113		24		96		85		0		119		66		117		36		93		13		86		104		104		43		130		69		30		92		96		32		107		147		56		98		124		57		76		163		53		100		3		156		107		41		186		184		94		104		119		53		194		90		69		65		101		45		63		113		103		24		126		201		54		30		107		42		180		73		12		129		99		74		133		102		54		97		68		24		109		83		138		119		140		29		90		113		171		108		142		71		83		71		128		104		190		16		11
127		175		116		102		91		34		59		115		148		26		75		1		117		160		138		68		121		30		103		98		121		85		106		75		63		127		73		55		70		142		130		168		40		30		174		162		89		65		110		95		157		141		106		92		66		109		149		130		167		179		80		50		162		131		147		182		119		0		185		126		143		212		130		107		179		35		154		183		124		137		67		141		145		146		32		175		61		189		106		123		158		122		219		118		81		62		148		93		129		51		47		12		66		87		75		90		136		42		126		66		60		152		107		87		120		127		95		26		81		117		100		131		38		198		193		184		17		77		74		67		101		16		126		31		4		149		140		29		52		134		27		135		152		202		128		21		47		131		135		130
66		10		115		121		94		175		126		70		55		159		110		186		68		51		51		117		64		201		82		141		122		100		107		110		174		58		160		130		115		109		55		33		201		155		11		67		96		120		75		138		42		86		161		93		119		76		84		55		18		16		105		179		61		82		44		33		66		185		0		65		88		29		65		78		52		150		31		78		61		82		158		44		40		55		213		10		164		72		79		62		111		119		36		67		104		123		93		134		132		134		138		173		119		142		110		135		49		143		59		129		125		51		90		98		149		58		96		173		104		128		85		54		195		47		22		81		168		108		111		134		90		169		59		156		185		88		45		156		179		119		158		90		33		27		57		166		170		138		52		55
1		59		50		112		67		116		67		113		22		100		51		127		121		34		14		58		103		142		63		108		57		41		42		51		115		57		101		71		56		44		58		42		142		96		64		36		75		61		114		73		107		151		96		92		60		45		23		34		47		53		46		120		36		141		21		56		117		126		65		0		153		86		130		31		53		91		74		57		48		147		99		21		85		20		154		75		105		63		60		41		46		132		93		114		45		64		158		69		67		75		79		114		66		77		51		100		52		84		72		76		66		26		117		39		84		63		105		114		75		63		44		105		136		72		67		58		109		63		52		77		111		110		34		97		126		23		88		97		120		54		99		25		46		76		46		107		111		73		117		114
154		94		203		49		86		109		96		40		143		123		102		142		32		139		139		165		50		129		90		69		210		112		195		194		102		96		88		138		201		197		95		121		129		163		89		155		78		98		39		226		46		14		249		61		119		108		172		119		106		104		193		107		149		12		132		121		36		143		88		153		0		117		23		122		140		140		79		166		105		6		86		132		68		143		141		78		92		160		93		112		199		47		124		39		192		143		11		222		220		130		140		155		87		230		126		63		101		137		81		77		149		139		36		162		237		90		48		117		78		216		109		48		123		135		110		169		128		90		133		76		42		145		119		174		147		176		65		122		107		207		144		178		107		115		107		164		98		226		36		39
85		37		96		148		121		202		153		97		64		186		137		213		95		52		74		144		91		228		109		168		93		127		106		137		201		85		187		157		142		80		82		44		228		182		38		50		123		147		102		117		71		115		132		120		146		103		63		82		45		33		132		206		50		109		65		30		93		212		29		86		117		0		94		105		33		177		58		49		88		111		185		71		67		66		240		39		191		43		106		89		82		146		7		94		131		150		122		119		103		161		165		200		146		137		137		162		76		170		86		156		152		60		117		125		120		85		123		200		131		99		112		81		222		18		19		52		195		135		138		161		117		196		86		183		212		63		72		183		206		90		185		77		60		10		84		193		197		109		81		82
131		71		180		66		63		120		73		17		120		104		79		131		13		116		116		142		27		146		67		86		187		89		172		171		119		73		105		115		178		174		72		98		146		140		66		132		55		75		20		203		27		31		226		38		96		85		149		96		83		81		170		124		126		27		109		98		13		130		65		130		23		94		0		99		117		117		56		143		82		23		103		109		45		120		158		55		109		137		70		89		176		64		101		16		169		120		28		199		197		107		117		132		64		207		103		80		78		114		58		74		126		116		35		139		214		67		41		118		55		193		86		25		140		112		87		146		113		67		110		79		35		122		96		151		130		153		42		101		124		184		121		155		84		92		84		141		115		203		13		16
32		68		81		81		36		97		48		82		41		81		32		108		90		53		31		43		72		123		32		77		88		22		73		72		96		26		82		52		79		75		27		61		123		77		67		55		44		42		83		104		76		120		127		61		41		14		50		23		60		72		71		101		55		110		40		75		86		107		78		31		122		105		99		0		72		72		47		76		17		116		80		34		54		39		135		68		86		82		29		16		77		101		112		83		70		45		127		100		98		56		60		95		41		108		32		69		29		65		41		51		47		45		86		40		115		32		74		95		44		94		13		74		117		91		86		77		90		32		33		56		80		91		19		78		107		54		57		78		101		85		80		56		45		95		21		88		92		104		86		83
52		46		63		115		88		169		120		100		31		153		104		180		108		19		41		111		90		195		76		135		70		94		73		104		168		52		154		124		109		57		49		19		195		149		51		17		90		114		101		86		94		138		109		87		113		70		32		49		34		36		99		173		17		128		32		19		104		179		52		53		140		33		117		72		0		144		61		26		55		134		152		38		72		33		207		62		158		20		73		56		59		119		40		101		98		117		145		86		80		128		132		167		113		104		104		129		43		137		59		123		119		27		104		92		97		52		92		167		98		76		79		92		189		19		30		29		162		102		105		128		98		163		53		150		179		36		75		150		173		67		152		44		33		25		51		160		164		86		104		101
92		140		81		99		56		31		44		100		113		17		40		36		108		125		103		33		90		51		68		95		86		50		71		54		60		92		70		20		61		107		95		133		51		23		139		127		62		42		101		86		122		138		109		79		31		74		114		95		132		144		53		47		127		128		112		147		104		35		150		91		140		177		117		72		144		0		119		148		89		134		64		106		110		111		63		140		58		154		71		88		123		119		184		101		52		27		145		82		94		16		12		23		53		90		40		87		101		7		91		63		25		117		104		52		97		92		92		23		62		82		65		96		45		163		158		149		18		50		39		64		98		19		91		34		35		114		105		18		49		99		8		100		117		167		93		24		44		96		104		101
75		21		124		90		63		144		95		39		64		128		79		155		47		60		60		86		33		170		51		110		131		69		116		115		143		27		129		99		122		118		24		42		170		124		20		76		65		89		44		147		33		77		170		62		88		45		93		40		27		25		114		148		70		67		53		42		43		154		31		74		79		58		56		47		61		119		0		87		30		73		127		53		11		64		182		21		133		81		48		33		120		88		65		40		113		92		84		143		141		103		107		142		88		151		79		104		22		112		28		98		94		60		59		83		158		27		65		142		73		137		54		31		164		56		39		90		137		77		80		103		59		138		40		125		154		97		14		125		148		128		127		99		28		48		28		135		139		147		43		40
56		72		67		125		92		173		124		126		35		157		108		184		134		27		45		115		116		199		80		139		62		98		77		108		172		70		158		128		113		41		71		45		199		153		77		21		94		118		127		88		120		164		83		105		117		74		34		53		60		62		103		177		21		154		36		45		130		183		78		57		166		49		143		76		26		148		87		0		61		160		156		42		98		37		211		88		162		6		77		60		33		145		42		127		102		121		171		90		54		132		136		171		117		108		108		133		65		141		85		127		123		31		130		96		71		76		118		171		102		66		83		118		193		31		56		3		166		106		109		132		124		167		57		154		183		34		101		154		177		49		156		48		59		51		59		164		168		60		130		127
49		51		98		64		33		114		65		65		38		98		49		125		73		36		34		60		55		140		21		80		105		39		90		89		113		9		99		69		96		92		10		44		140		94		50		50		35		59		66		121		59		103		144		44		58		15		67		14		43		55		88		118		44		93		27		58		69		124		61		48		105		88		82		17		55		89		30		61		0		99		97		27		37		38		152		51		103		65		18		7		94		84		95		66		87		62		110		117		115		73		77		112		58		125		49		74		12		82		24		68		64		34		69		57		132		15		57		112		43		111		24		57		134		74		69		64		107		47		50		73		63		108		14		95		124		71		40		95		118		102		97		73		28		78		4		105		109		121		69		66
148		88		197		43		80		103		90		34		137		117		96		136		26		133		133		159		44		123		84		63		204		106		189		188		96		90		82		132		195		191		89		115		123		157		83		149		72		92		33		220		50		8		243		55		113		102		166		113		100		98		187		101		143		6		126		115		30		137		82		147		6		111		23		116		134		134		73		160		99		0		80		126		62		137		135		72		86		154		87		106		193		41		118		33		186		137		11		216		214		124		134		149		81		224		120		57		95		131		75		71		143		133		30		156		231		84		42		111		72		210		103		42		117		129		104		163		122		84		127		70		36		139		113		168		141		170		59		116		101		201		138		172		101		109		101		158		92		220		30		33
100		148		127		37		64		33		32		88		121		47		48		66		90		133		111		89		94		43		76		31		134		58		119		118		16		100		6		62		125		121		103		141		43		87		147		135		62		38		83		150		130		74		173		65		43		82		122		103		140		152		117		21		135		76		120		155		92		67		158		99		86		185		103		80		152		64		127		156		97		80		0		114		118		119		55		148		6		162		79		96		131		55		192		91		116		67		81		146		144		54		64		79		39		154		50		23		109		61		99		29		73		125		68		86		161		100		62		41		54		140		73		104		37		171		166		157		52		50		57		24		68		69		99		98		71		122		113		46		21		131		68		108		125		175		101		88		20		150		108		103
22		38		71		91		50		131		82		92		11		115		66		142		100		19		7		73		82		157		42		97		78		56		63		66		130		36		116		86		71		65		37		27		157		111		43		23		54		76		93		94		86		130		117		71		75		32		40		13		26		38		61		135		21		120		6		41		96		141		44		21		132		71		109		34		38		106		53		42		27		126		114		0		64		11		169		54		120		48		39		20		67		111		78		93		60		79		137		90		88		90		94		129		75		98		66		91		31		99		51		85		81		11		96		54		105		42		84		129		60		84		41		84		151		57		52		43		124		64		67		90		90		125		15		112		141		44		67		112		135		75		114		46		25		61		25		122		126		94		96		93
86		30		135		81		54		135		86		30		75		119		70		146		36		71		71		97		24		161		42		101		142		60		127		126		134		28		120		90		133		129		27		53		161		115		29		87		56		80		35		158		22		66		181		53		79		40		104		51		38		36		125		139		81		56		64		53		32		145		40		85		68		67		45		54		72		110		11		98		37		62		118		64		0		75		173		30		124		92		39		44		131		79		74		29		124		83		73		154		152		94		98		133		79		162		70		95		33		103		19		89		85		71		50		94		169		22		56		133		64		148		45		20		155		67		48		101		128		68		71		94		50		129		51		116		145		108		5		116		139		139		118		110		39		57		39		126		130		158		32		29
19		49		60		102		57		136		87		103		2		120		71		147		111		14		8		78		93		162		53		102		67		61		52		71		135		47		121		91		76		54		48		22		162		116		54		16		65		81		104		83		97		141		106		82		80		37		29		24		37		39		66		140		16		131		11		36		107		146		55		20		143		66		120		39		33		111		64		37		38		137		119		11		75		0		174		65		125		43		50		31		56		122		73		104		65		84		148		79		77		95		99		134		80		87		71		96		42		104		62		90		86		6		107		59		94		53		95		134		65		73		46		95		156		52		47		38		129		69		72		95		101		130		24		117		146		33		78		117		140		64		119		35		36		56		36		127		131		83		107		104
155		203		144		92		119		38		87		143		176		54		103		31		145		188		166		96		149		12		131		72		149		113		134		103		39		155		53		83		98		170		158		196		12		58		202		190		117		93		138		123		185		127		138		120		94		137		177		158		195		207		108		34		190		131		175		210		147		32		213		154		141		240		158		135		207		63		182		211		152		135		55		169		173		174		0		203		49		217		134		151		186		94		247		146		109		90		130		121		157		79		75		44		94		119		103		78		164		70		154		84		88		180		123		115		148		155		117		40		109		145		128		159		18		226		221		212		45		105		102		79		123		44		154		63		36		177		168		57		34		162		55		163		180		230		156		53		43		159		163		158
76		16		125		111		84		165		116		60		65		149		100		176		58		61		61		107		54		191		72		131		132		90		117		116		164		48		150		120		123		119		45		43		191		145		11		77		86		110		65		148		32		76		171		83		109		66		94		45		28		26		115		169		71		72		54		43		56		175		10		75		78		39		55		68		62		140		21		88		51		72		148		54		30		65		203		0		154		82		69		52		121		109		46		57		114		113		83		144		142		124		128		163		109		152		100		125		39		133		49		119		115		61		80		88		159		48		86		163		94		138		75		44		185		57		32		91		158		98		101		124		80		159		49		146		175		98		35		146		169		129		148		100		29		37		47		156		160		148		42		45
106		154		121		43		70		27		38		94		127		41		54		60		96		139		117		83		100		37		82		37		128		64		113		112		10		106		12		56		119		121		109		147		37		81		153		141		68		44		89		144		136		80		167		71		45		88		128		109		146		158		111		15		141		82		126		161		98		61		164		105		92		191		109		86		158		58		133		162		103		86		6		120		124		125		49		154		0		168		85		102		137		61		198		97		110		61		87		140		138		48		58		73		45		148		54		29		115		55		105		35		67		131		74		80		155		106		68		35		60		134		79		110		31		177		172		163		46		56		53		30		74		63		105		92		65		128		119		40		15		125		62		114		131		181		107		82		14		144		114		109
62		66		73		125		98		179		130		120		41		163		114		190		128		29		51		121		110		205		86		145		68		104		83		114		178		64		164		134		119		47		65		39		205		159		71		27		100		124		121		94		114		158		89		99		123		80		40		59		54		56		109		183		27		148		42		39		124		189		72		63		160		43		137		82		20		154		81		6		65		154		162		48		92		43		217		82		168		0		83		66		39		139		36		121		108		127		165		96		60		138		142		177		123		114		114		139		59		147		79		133		129		37		124		102		77		70		112		177		108		72		89		112		199		25		50		9		172		112		115		138		118		173		63		160		189		40		95		160		183		55		162		54		53		45		61		170		174		66		124		121
61		69		110		52		15		96		47		53		50		80		31		107		61		54		46		72		43		122		3		62		117		21		102		101		95		21		81		51		108		104		24		62		122		76		68		62		17		41		54		133		51		91		156		32		40		15		79		26		61		73		100		100		56		81		41		76		57		106		79		60		93		106		70		29		73		71		48		77		18		87		79		39		39		50		134		69		85		83		0		19		106		72		113		54		99		50		98		129		127		55		59		94		40		137		33		56		30		64		20		50		56		46		57		69		144		21		45		94		25		123		16		45		116		92		87		78		89		29		40		55		51		90		26		81		106		83		34		77		100		114		79		85		46		96		22		87		91		133		57		54
42		52		91		71		32		113		64		72		31		97		48		124		80		37		27		55		62		139		22		79		98		38		83		82		112		16		98		68		89		85		17		45		139		93		51		43		34		58		73		114		66		110		137		51		57		14		60		7		44		56		81		117		39		100		24		59		76		123		62		41		112		89		89		16		56		88		33		60		7		106		96		20		44		31		151		52		102		66		19		0		87		91		96		73		80		61		117		110		108		72		76		111		57		118		48		73		13		81		31		67		63		29		76		50		125		22		64		111		42		104		23		64		133		75		70		61		106		46		49		72		70		107		7		94		123		64		47		94		117		95		96		66		29		79		5		104		108		114		76		73
45		105		42		158		113		148		103		159		56		132		97		159		167		60		60		90		149		174		109		154		37		87		52		83		147		103		133		103		88		16		104		78		174		128		110		44		121		101		160		63		153		197		56		138		92		91		27		80		93		95		78		152		50		187		67		78		163		158		111		46		199		82		176		77		59		123		120		33		94		193		131		67		131		56		186		121		137		39		106		87		0		178		75		160		77		96		204		65		29		107		111		146		112		83		83		146		98		116		118		122		98		60		163		71		38		109		151		146		121		41		90		151		168		64		89		30		141		109		84		123		157		142		80		129		158		23		134		129		152		24		131		23		92		84		92		139		143		27		163		160
133		109		182		20		65		88		75		49		122		102		81		121		51		118		118		144		55		92		69		24		189		91		174		173		59		75		49		117		180		176		74		102		82		142		108		134		57		77		44		205		91		33		228		40		98		87		151		98		101		113		172		72		128		37		111		116		53		122		119		132		47		146		64		101		119		119		88		145		84		41		55		111		79		122		94		109		61		139		72		91		178		0		153		52		171		122		36		201		199		109		119		134		66		209		105		32		80		116		60		56		128		118		29		141		216		69		27		96		57		195		88		65		84		132		127		148		107		69		112		55		29		124		98		153		126		155		74		101		70		186		123		157		86		136		86		143		75		205		69		64
92		44		103		155		128		209		160		104		71		193		144		220		102		59		81		151		98		235		116		175		98		134		113		144		208		92		194		164		149		77		89		51		235		189		45		57		130		154		109		124		78		122		125		127		153		110		70		89		52		40		139		213		57		116		72		37		100		219		36		93		124		7		101		112		40		184		65		42		95		118		192		78		74		73		247		46		198		36		113		96		75		153		0		101		138		157		129		126		96		168		172		207		153		144		144		169		83		177		93		163		159		67		124		132		113		92		130		207		138		102		119		88		229		21		26		45		202		142		145		168		124		203		93		190		219		70		79		190		213		85		192		84		67		17		91		200		204		102		88		89
115		57		164		54		47		108		59		3		104		92		63		119		7		100		100		126		11		134		51		74		171		73		156		155		107		57		93		99		162		158		56		82		134		124		56		116		39		59		8		187		39		37		210		26		80		69		133		80		67		65		154		112		110		27		93		82		3		118		67		114		39		94		16		83		101		101		40		127		66		33		91		93		29		104		146		57		97		121		54		73		160		52		101		0		153		104		44		183		181		91		101		116		52		191		87		68		62		98		42		62		110		100		23		123		198		51		29		106		39		177		70		13		128		96		75		130		101		51		94		67		23		106		80		135		118		137		26		89		112		168		105		139		68		84		68		125		103		187		17		12
46		98		35		151		106		83		96		152		67		69		90		82		160		79		57		27		142		97		102		147		40		80		25		6		112		96		122		54		11		61		97		87		97		51		103		81		114		94		153		34		146		190		57		131		73		84		68		73		86		98		1		99		81		180		66		101		156		81		104		45		192		131		169		70		98		52		113		102		87		186		116		60		124		65		109		114		110		108		99		80		77		171		138		153		0		49		197		30		48		62		52		69		105		38		66		139		91		55		111		115		43		71		156		30		45		102		144		75		114		36		83		144		91		117		112		103		64		102		59		116		150		65		73		52		81		68		127		70		101		53		54		54		85		121		85		62		96		50		156		153
65		113		60		102		57		52		47		103		86		36		41		63		111		98		76		22		93		78		53		98		67		31		52		51		63		65		73		7		58		80		68		106		78		32		112		100		65		45		104		83		97		141		106		82		24		47		87		68		105		117		50		56		100		131		85		120		107		62		123		64		143		150		120		45		117		27		92		121		62		137		67		79		83		84		90		113		61		127		50		61		96		122		157		104		49		0		148		79		77		13		15		50		56		87		17		90		74		20		64		66		6		90		107		25		94		65		95		50		65		73		38		95		72		136		131		122		45		53		12		67		101		46		64		33		62		87		78		33		56		72		35		73		90		140		66		43		47		83		107		104
159		99		208		46		91		114		101		45		148		128		107		147		37		144		144		170		55		118		95		58		215		117		200		199		91		101		77		143		206		202		100		126		118		168		94		160		83		103		44		231		55		7		254		66		124		113		177		124		111		109		198		98		154		17		137		126		41		148		93		158		11		122		28		127		145		145		84		171		110		11		81		137		73		148		130		83		87		165		98		117		204		36		129		44		197		148		0		227		225		135		145		160		92		235		131		58		106		142		86		82		154		144		41		167		242		95		53		122		83		221		114		53		112		140		115		174		133		95		138		81		47		150		124		179		152		181		70		127		96		212		149		183		112		120		112		169		101		231		41		44
68		128		23		181		136		113		126		182		79		99		120		94		190		83		83		57		172		109		132		177		28		110		27		28		142		126		152		84		23		49		127		101		119		63		133		69		144		124		183		4		176		220		27		161		103		114		56		103		116		118		29		129		73		210		90		101		186		93		134		69		222		119		199		100		86		82		143		90		117		216		146		90		154		79		121		144		140		96		129		110		65		201		126		183		30		79		227		0		36		92		82		81		135		18		96		169		121		85		141		145		73		83		186		60		27		132		174		105		144		24		113		174		117		105		112		91		94		132		89		146		180		77		103		64		93		56		157		100		131		41		78		44		115		109		115		74		126		38		186		183
66		126		17		179		134		119		124		180		77		103		118		130		188		81		81		61		170		145		130		175		10		108		25		54		140		124		150		82		59		23		125		99		145		99		131		65		142		122		181		34		174		218		29		159		101		112		48		101		114		116		49		127		71		208		88		99		184		129		132		67		220		103		197		98		80		94		141		54		115		214		144		88		152		77		157		142		138		60		127		108		29		199		96		181		48		77		225		36		0		90		82		117		133		54		94		167		119		87		139		143		71		81		184		58		17		130		172		117		142		12		111		172		139		85		110		55		112		130		87		144		178		113		101		100		129		44		155		100		129		13		102		42		113		105		113		110		124		6		184		181
76		124		73		89		44		41		34		90		97		25		28		52		98		109		87		35		80		67		52		85		80		34		65		64		50		76		60		8		71		91		79		117		67		33		123		111		52		32		91		96		106		128		119		69		15		58		98		79		116		128		63		45		111		118		96		131		94		51		134		75		130		161		107		56		128		16		103		132		73		124		54		90		94		95		79		124		48		138		55		72		107		109		168		91		62		13		135		92		90		0		10		39		43		100		24		77		85		9		75		53		19		101		94		36		107		76		82		39		52		86		49		82		61		147		142		133		34		40		23		54		88		35		75		44		51		98		89		22		45		83		24		84		101		151		77		34		36		96		94		91
80		128		69		99		54		37		44		100		101		21		38		48		108		113		91		25		90		63		56		95		74		38		59		54		60		80		70		8		61		95		83		121		63		23		127		115		62		42		101		86		110		138		109		79		21		62		102		83		120		132		53		47		115		128		100		135		104		47		138		79		140		165		117		60		132		12		107		136		77		134		64		94		98		99		75		128		58		142		59		76		111		119		172		101		52		15		145		82		82		10		0		35		53		90		28		87		89		5		79		63		13		105		104		40		97		80		92		35		62		76		53		92		57		151		146		137		30		50		27		64		98		31		79		34		47		102		93		18		49		87		20		88		105		155		81		28		44		86		104		101
115		163		104		114		79		46		59		115		136		32		63		13		123		148		126		56		109		42		91		110		109		73		94		63		75		115		85		43		58		130		118		156		52		18		162		150		77		57		116		83		145		153		94		94		54		97		137		118		155		167		68		62		150		143		135		170		119		12		173		114		155		200		132		95		167		23		142		171		112		149		79		129		133		134		44		163		73		177		94		111		146		134		207		116		69		50		160		81		117		39		35		0		68		75		63		102		124		30		114		78		48		140		119		75		108		115		107		38		77		105		88		119		50		186		181		172		27		65		62		79		113		10		114		19		12		137		128		33		64		122		15		123		140		190		116		9		59		119		123		118
67		109		116		46		25		56		9		49		82		40		15		67		55		94		72		78		55		82		37		42		123		25		108		107		55		61		41		51		114		110		64		102		82		76		108		96		23		11		48		139		91		85		162		26		32		43		85		64		101		113		106		60		96		75		81		116		53		66		119		66		87		146		64		41		113		53		88		117		58		81		39		75		79		80		94		109		45		123		40		57		112		66		153		52		105		56		92		135		133		43		53		68		0		143		39		34		70		50		60		10		62		86		51		75		150		61		39		54		15		129		34		65		76		132		127		118		49		11		46		15		45		58		60		87		66		89		74		37		60		120		57		91		86		136		62		77		51		139		69		64
76		136		41		189		144		121		134		190		87		107		128		88		198		91		91		65		180		117		140		185		46		118		35		36		150		134		160		92		29		67		135		109		127		67		141		87		152		132		191		20		184		228		27		169		111		122		74		111		124		126		37		137		87		218		98		109		194		87		142		77		230		137		207		108		104		90		151		108		125		224		154		98		162		87		119		152		148		114		137		118		83		209		144		191		38		87		235		18		54		100		90		75		143		0		104		177		129		93		149		153		81		91		194		68		45		140		182		113		152		42		121		182		125		123		120		109		102		140		97		154		188		85		111		56		83		74		165		108		139		59		86		60		123		127		123		66		134		56		194		191
52		100		77		85		40		65		30		86		73		49		24		76		94		85		63		39		76		91		36		81		84		14		69		68		64		52		56		20		75		71		55		93		91		45		99		87		48		28		87		100		82		124		123		65		9		34		74		55		92		104		67		69		87		114		72		107		90		75		110		51		126		137		103		32		104		40		79		108		49		120		50		66		70		71		103		100		54		114		33		48		83		105		144		87		66		17		131		96		94		24		28		63		39		104		0		73		61		33		51		49		23		77		90		36		111		52		78		63		48		90		25		78		85		123		118		109		58		36		7		50		84		59		51		48		75		74		65		46		69		81		48		60		77		127		53		56		60		100		90		87
101		125		150		14		41		56		43		65		98		70		49		89		67		110		88		112		71		66		53		8		157		59		142		141		39		77		25		85		148		144		80		118		66		110		124		112		39		45		60		173		107		51		196		42		66		59		119		80		117		129		140		44		112		53		97		132		69		90		135		100		63		162		80		69		129		87		104		133		74		57		23		91		95		96		78		125		29		139		56		73		146		32		169		68		139		90		58		169		167		77		87		102		34		177		73		0		86		84		76		24		96		102		45		109		184		77		39		64		31		163		56		81		60		148		143		134		75		37		80		23		45		92		76		121		94		123		90		69		44		154		91		125		102		152		78		111		43		173		85		80
53		39		102		72		45		126		77		61		42		110		61		137		69		38		38		68		51		152		33		92		109		51		94		93		125		9		111		81		100		96		6		32		152		106		38		54		47		71		62		125		55		99		148		44		70		27		71		18		31		43		92		130		48		89		31		46		65		136		49		52		101		76		78		29		43		101		22		65		12		95		109		31		33		42		164		39		115		59		30		13		98		80		83		62		91		74		106		121		119		85		89		124		70		129		61		86		0		94		20		80		76		38		65		61		136		11		53		124		55		115		36		53		146		62		57		68		119		59		62		85		59		120		18		107		136		75		36		107		130		106		109		77		16		66		8		117		121		125		65		62
85		133		74		96		51		32		41		97		106		16		35		43		105		118		96		28		87		58		61		92		79		43		64		57		57		85		67		13		64		100		88		126		58		26		132		120		59		39		98		89		115		135		112		76		24		67		107		88		125		137		56		44		120		125		105		140		101		42		143		84		137		170		114		65		137		7		112		141		82		131		61		99		103		104		70		133		55		147		64		81		116		116		177		98		55		20		142		85		87		9		5		30		50		93		33		84		94		0		84		60		18		110		101		45		100		85		89		30		59		79		58		89		52		156		151		142		25		47		32		61		95		26		84		37		42		107		98		15		46		92		15		93		110		160		86		27		41		89		101		98
73		49		122		62		35		116		67		41		62		100		51		127		49		58		58		84		31		142		23		82		129		41		114		113		115		15		101		71		120		116		14		42		142		96		48		74		37		61		42		145		35		79		168		34		60		27		91		38		41		53		112		120		68		69		51		56		45		126		59		72		81		86		58		41		59		91		28		85		24		75		99		51		19		62		154		49		105		79		20		31		118		60		93		42		111		64		86		141		139		75		79		114		60		149		51		76		20		84		0		70		68		58		45		81		156		9		37		114		45		135		28		33		136		72		67		88		109		49		52		75		39		110		38		97		126		95		16		97		120		126		99		97		26		76		26		107		111		145		45		42
77		119		126		36		35		46		19		59		92		46		25		65		61		104		82		88		65		72		47		32		133		35		118		117		45		71		31		61		124		120		74		112		72		86		118		106		33		21		54		149		101		75		172		36		42		53		95		74		111		123		116		50		106		65		91		126		63		66		129		76		77		156		74		51		123		63		98		127		68		71		29		85		89		90		84		119		35		133		50		67		122		56		163		62		115		66		82		145		143		53		63		78		10		153		49		24		80		60		70		0		72		96		41		85		160		71		33		44		25		139		44		75		66		142		137		128		51		21		56		5		39		68		70		97		70		99		84		45		50		130		67		101		96		146		72		87		41		149		79		74
67		115		56		108		63		50		53		109		88		34		47		61		117		100		78		16		99		76		59		104		61		37		46		45		69		67		79		11		52		82		70		108		76		30		114		102		71		51		110		77		103		147		100		88		30		49		89		70		107		119		44		56		102		137		87		122		113		60		125		66		149		152		126		47		119		25		94		123		64		143		73		81		85		86		88		115		67		129		56		63		98		128		159		110		43		6		154		73		71		19		13		48		62		81		23		96		76		18		68		72		0		92		113		27		88		67		101		48		71		67		40		101		70		138		133		124		43		59		16		73		107		44		66		31		60		89		84		31		58		74		33		75		92		142		68		41		53		77		113		110
25		45		64		98		61		142		93		99		4		126		77		153		107		8		14		84		89		168		49		108		71		67		56		77		141		43		127		97		82		58		44		18		168		122		50		16		63		87		100		87		93		137		110		78		86		43		33		22		33		35		72		146		10		127		7		30		103		152		51		26		139		60		116		45		27		117		60		31		34		133		125		11		71		6		180		61		131		37		46		29		60		118		67		100		71		90		144		83		81		101		105		140		86		91		77		102		38		110		58		96		92		0		103		65		98		49		91		140		71		77		52		91		162		46		41		32		135		75		78		101		97		136		26		123		152		37		74		123		146		68		125		39		32		50		32		133		137		87		103		100
118		80		167		31		50		85		60		20		107		87		66		106		22		103		103		129		26		111		54		51		174		76		159		158		84		60		70		102		165		161		59		85		111		127		79		119		42		62		15		190		62		34		213		25		83		72		136		83		72		84		157		89		113		24		96		87		24		107		90		117		36		117		35		86		104		104		59		130		69		30		68		96		50		107		123		80		74		124		57		76		163		29		124		23		156		107		41		186		184		94		104		119		51		194		90		45		65		101		45		41		113		103		0		126		201		54		12		83		42		180		73		36		105		103		98		133		92		54		97		44		6		109		83		138		111		140		45		86		89		171		108		142		71		107		71		128		80		190		40		35
40		88		41		121		76		77		66		122		61		61		60		88		130		73		51		19		112		103		72		117		48		50		33		32		82		66		92		32		39		55		67		81		103		57		87		75		84		64		123		64		116		160		87		101		43		54		62		43		80		92		31		81		75		150		60		95		126		87		98		39		162		125		139		40		92		52		83		96		57		156		86		54		94		59		115		88		80		102		69		50		71		141		132		123		30		25		167		60		58		36		40		75		75		68		36		109		61		45		81		85		27		65		126		0		75		72		114		75		84		54		53		114		97		111		106		97		70		72		29		86		120		71		43		58		87		62		97		58		81		47		60		48		65		115		55		68		72		64		126		123
83		143		34		196		151		128		141		197		94		114		135		121		205		98		98		72		187		136		147		192		27		125		42		45		157		141		167		99		50		40		142		116		136		90		148		82		159		139		198		25		191		235		18		176		118		129		65		118		131		133		44		144		88		225		105		116		201		120		149		84		237		120		214		115		97		97		158		71		132		231		161		105		169		94		148		159		155		77		144		125		38		216		113		198		45		94		242		27		17		107		97		108		150		45		111		184		136		100		156		160		88		98		201		75		0		147		189		120		159		21		128		189		132		102		127		68		109		147		104		161		195		104		118		91		120		61		172		115		146		30		93		59		130		122		130		101		141		11		201		198
64		48		113		63		36		117		68		50		53		101		52		128		58		49		49		75		40		143		24		83		120		42		105		104		116		6		102		72		111		107		5		41		143		97		47		65		38		62		51		136		44		88		159		35		61		18		82		29		40		52		103		121		59		78		42		55		54		127		58		63		90		85		67		32		52		92		27		76		15		84		100		42		22		53		155		48		106		70		21		22		109		69		92		51		102		65		95		132		130		76		80		115		61		140		52		77		11		85		9		71		67		49		54		72		147		0		42		115		46		126		27		42		137		71		66		79		110		50		53		76		48		111		29		98		127		86		25		98		121		117		100		88		25		75		17		108		112		136		54		51
106		86		155		25		38		79		48		26		95		75		54		94		28		91		91		117		32		105		42		45		162		64		147		146		78		48		64		90		153		149		47		79		105		115		85		107		30		50		21		178		68		46		201		13		71		60		124		71		78		90		145		83		101		36		84		93		30		95		96		105		48		123		41		74		92		92		65		118		57		42		62		84		56		95		117		86		68		112		45		64		151		27		130		29		144		95		53		174		172		82		92		107		39		182		78		39		53		89		37		33		101		91		12		114		189		42		0		77		30		168		61		42		99		109		104		121		80		42		85		38		6		97		71		126		99		128		51		74		83		159		96		130		63		113		59		116		74		178		46		41
115		163		104		76		79		8		47		103		136		14		63		25		105		148		126		56		109		28		91		72		109		73		94		77		37		115		47		43		84		130		118		156		28		46		162		150		77		53		98		109		145		115		132		80		54		97		137		118		155		167		76		24		150		105		135		170		107		26		173		114		117		200		118		95		167		23		142		171		112		111		41		129		133		134		40		163		35		177		94		111		146		96		207		106		75		50		122		105		117		39		35		38		54		113		63		64		124		30		114		44		48		140		83		75		120		115		77		0		69		105		88		119		22		186		181		172		11		65		62		41		83		28		114		57		30		137		128		17		26		122		27		123		140		190		116		47		21		119		123		118
76		94		125		37		10		71		22		38		67		55		24		82		46		79		61		87		40		97		22		37		132		34		117		116		70		46		56		60		123		119		49		87		97		85		93		81		8		20		39		148		76		76		171		17		41		30		94		49		86		98		115		75		81		66		66		101		42		81		104		75		78		131		55		44		98		62		73		102		43		72		54		60		64		65		109		94		60		108		25		42		121		57		138		39		114		65		83		144		142		52		62		77		15		152		48		31		55		59		45		25		71		71		42		84		159		46		30		69		0		138		31		50		91		117		112		103		64		12		55		30		36		67		45		96		81		98		59		52		75		129		66		100		71		121		47		86		66		148		54		49
62		122		13		175		130		107		120		176		73		93		114		118		184		77		77		51		166		133		126		171		6		104		21		42		136		120		146		78		47		25		121		95		133		87		127		61		138		118		177		22		170		214		33		155		97		108		44		97		110		112		37		123		67		204		84		95		180		117		128		63		216		99		193		94		76		82		137		66		111		210		140		84		148		73		145		138		134		72		123		104		41		195		102		177		36		73		221		24		12		86		76		105		129		42		90		163		115		79		135		139		67		77		180		54		21		126		168		105		138		0		107		168		127		81		106		67		100		126		83		140		174		101		97		88		117		40		151		94		125		17		90		38		109		101		109		98		120		14		180		177
45		75		94		68		23		90		41		69		48		74		25		101		77		60		38		56		59		116		19		64		101		15		86		85		89		27		75		45		92		88		30		68		116		70		74		62		31		35		70		117		63		107		140		48		34		9		63		30		67		79		84		94		62		97		47		82		73		100		85		44		109		112		86		13		79		65		54		83		24		103		73		41		45		46		128		75		79		89		16		23		90		88		119		70		83		38		114		113		111		49		53		88		34		121		25		56		36		58		28		44		40		52		73		53		128		27		61		88		31		107		0		61		110		98		93		84		83		23		26		49		67		84		26		71		100		67		44		71		94		98		73		69		52		102		28		81		85		117		73		70
106		46		155		67		40		121		72		16		95		105		56		132		16		91		91		117		10		147		42		87		162		64		147		146		120		48		106		90		153		149		47		73		147		115		43		107		42		66		21		178		26		46		201		39		71		60		124		71		58		56		145		125		101		36		84		73		12		131		54		105		48		81		25		74		92		96		31		118		57		42		104		84		20		95		159		44		110		112		45		64		151		65		88		13		144		95		53		174		172		82		92		119		65		182		78		81		53		89		33		75		101		91		36		114		189		42		42		119		50		168		61		0		141		87		62		121		114		54		85		80		36		115		71		126		131		128		17		102		125		159		104		130		59		71		59		116		116		178		12		9
137		185		126		74		101		20		69		125		158		36		85		37		127		170		148		78		131		8		113		60		131		95		116		89		25		137		35		65		96		152		140		178		6		58		184		172		99		75		120		121		167		109		144		102		76		119		159		140		177		189		90		16		172		113		157		192		129		38		195		136		123		222		140		117		189		45		164		193		134		117		37		151		155		156		18		185		31		199		116		133		168		84		229		128		91		72		112		117		139		61		57		50		76		125		85		60		146		52		136		66		70		162		105		97		132		137		99		22		91		127		110		141		0		208		203		194		27		87		84		61		105		40		136		69		42		159		150		39		16		144		39		145		162		212		138		59		25		141		145		140
71		41		82		134		107		188		139		95		50		172		123		199		103		38		60		130		85		214		95		154		77		113		92		123		187		71		173		143		128		62		68		30		214		168		46		36		109		133		96		103		89		133		114		106		132		89		49		68		31		31		118		192		36		123		51		16		99		198		47		72		135		18		112		91		19		163		56		31		74		129		171		57		67		52		226		57		177		25		92		75		64		132		21		96		117		136		140		105		85		147		151		186		132		123		123		148		62		156		72		142		138		46		103		111		102		71		109		186		117		81		98		87		208		0		25		34		181		121		124		147		103		182		72		169		198		49		70		169		192		72		171		63		46		20		70		179		183		91		99		96
66		18		93		129		102		183		134		78		45		167		118		194		78		33		55		125		72		209		90		149		100		108		87		118		182		66		168		138		123		87		63		25		209		163		21		45		104		128		83		116		64		108		139		101		127		84		62		63		26		14		113		187		39		98		46		11		74		193		22		67		110		19		87		86		30		158		39		56		69		104		166		52		48		47		221		32		172		50		87		70		89		127		26		75		112		131		115		112		110		142		146		181		127		120		118		143		57		151		67		137		133		41		98		106		127		66		104		181		112		106		93		62		203		25		0		59		176		116		119		142		98		177		67		164		193		66		53		164		187		97		166		68		41		9		65		174		178		116		74		71
57		75		68		128		93		174		125		129		36		158		109		185		137		30		46		116		119		200		81		140		63		99		78		109		173		73		159		129		114		42		74		48		200		154		80		22		95		119		130		89		123		167		82		108		118		75		35		54		63		65		104		178		22		157		37		48		133		184		81		58		169		52		146		77		29		149		90		3		64		163		157		43		101		38		212		91		163		9		78		61		30		148		45		130		103		122		174		91		55		133		137		172		118		109		109		134		68		142		88		128		124		32		133		97		68		79		121		172		103		67		84		121		194		34		59		0		167		107		110		133		127		168		58		155		184		35		104		155		178		50		157		49		62		54		62		165		169		57		133		130
110		158		99		87		74		19		42		98		131		9		58		18		100		143		121		51		104		33		86		83		104		68		89		66		48		110		58		38		73		125		113		151		33		35		157		145		72		48		93		98		140		126		121		75		49		92		132		113		150		162		65		35		145		116		130		165		102		17		168		109		128		195		113		90		162		18		137		166		107		122		52		124		128		129		45		158		46		172		89		106		141		107		202		101		64		45		133		94		112		34		30		27		49		102		58		75		119		25		109		51		43		135		92		70		109		110		80		11		64		100		83		114		27		181		176		167		0		60		57		52		86		17		109		46		19		132		123		12		37		117		16		118		135		185		111		36		32		114		118		113
64		98		113		49		14		67		18		50		71		51		12		78		58		83		61		75		44		93		26		45		120		22		105		104		66		50		52		48		111		107		53		91		93		73		97		85		12		12		51		136		80		88		159		29		29		32		82		53		90		102		103		71		85		78		70		105		54		77		108		63		90		135		67		32		102		50		77		106		47		84		50		64		68		69		105		98		56		112		29		46		109		69		142		51		102		53		95		132		130		40		50		65		11		140		36		37		59		47		49		21		59		75		54		72		147		50		42		65		12		126		23		54		87		121		116		107		60		0		43		26		48		61		49		84		77		86		63		48		71		117		54		88		75		125		51		74		62		136		58		53
53		101		70		92		47		64		37		93		74		48		31		75		101		86		64		32		83		90		43		88		77		21		62		61		63		53		63		19		68		68		56		94		90		44		100		88		55		35		94		93		87		131		116		72		14		35		75		56		93		105		60		68		88		121		73		108		97		74		111		52		133		138		110		33		105		39		80		109		50		127		57		67		71		72		102		101		53		115		40		49		84		112		145		94		59		12		138		89		87		23		27		62		46		97		7		80		62		32		52		56		16		78		97		29		104		53		85		62		55		83		26		85		84		124		119		110		57		43		0		57		91		58		52		45		74		75		68		45		68		74		47		61		78		128		54		55		59		93		97		94
78		124		127		35		40		41		20		64		97		47		26		66		66		109		87		89		70		67		52		31		134		36		119		118		40		76		26		62		125		121		79		117		67		87		123		111		38		22		59		150		106		74		173		41		43		58		98		79		116		128		117		45		111		64		96		131		68		67		134		77		76		161		79		56		128		64		103		132		73		70		24		90		94		95		79		124		30		138		55		72		123		55		168		67		116		67		81		146		144		54		64		79		15		154		50		23		85		61		75		5		73		101		44		86		161		76		38		41		30		140		49		80		61		147		142		133		52		26		57		0		44		69		75		98		71		100		89		46		45		131		68		102		101		151		77		88		36		150		84		79
112		80		161		31		44		85		54		20		101		81		60		100		22		97		97		123		26		111		48		51		168		70		153		152		84		54		70		96		159		155		53		79		111		121		79		113		36		56		15		184		62		40		207		19		77		66		130		77		72		84		151		89		107		30		90		87		24		101		90		111		42		117		35		80		98		98		59		124		63		36		68		90		50		101		123		80		74		118		51		70		157		29		124		23		150		101		47		180		178		88		98		113		45		188		84		45		59		95		39		39		107		97		6		120		195		48		6		83		36		174		67		36		105		103		98		127		86		48		91		44		0		103		77		132		105		134		45		80		89		165		102		136		65		107		65		122		80		184		40		35
111		159		100		104		75		36		49		105		132		22		59		17		113		144		122		52		105		32		87		100		105		69		90		59		65		111		75		39		56		126		114		152		42		18		158		146		73		49		106		81		141		143		104		84		50		93		133		114		151		163		64		52		146		133		131		166		109		16		169		110		145		196		122		91		163		19		138		167		108		139		69		125		129		130		44		159		63		173		90		107		142		124		203		106		65		46		150		77		113		35		31		10		58		85		59		92		120		26		110		68		44		136		109		71		104		111		97		28		67		101		84		115		40		182		177		168		17		61		58		69		103		0		110		29		16		133		124		23		54		118		11		119		136		186		112		19		49		115		119		114
35		49		84		78		35		116		67		79		24		100		51		127		87		34		20		58		69		142		29		82		91		41		76		75		115		23		101		71		82		78		24		42		142		96		48		36		41		61		80		107		73		117		130		58		60		17		53		4		41		53		74		120		36		107		21		56		83		126		59		34		119		86		96		19		53		91		40		57		14		113		99		15		51		24		154		49		105		63		26		7		80		98		93		80		73		64		124		103		101		75		79		114		60		111		51		76		18		84		38		70		66		26		83		43		118		29		71		114		45		97		26		71		136		72		67		58		109		49		52		75		77		110		0		97		126		57		54		97		120		88		99		59		26		76		12		107		111		107		83		80
98		146		87		133		88		65		78		134		119		51		72		32		142		131		109		39		124		61		84		129		92		62		77		46		94		98		104		36		41		113		101		139		71		11		145		133		96		76		135		66		128		172		75		113		55		80		120		101		138		150		51		81		133		162		118		153		138		31		156		97		174		183		151		78		150		34		125		154		95		168		98		112		116		117		63		146		92		160		81		94		129		153		190		135		52		33		179		64		100		44		34		19		87		56		48		121		107		37		97		97		31		123		138		58		91		98		126		57		96		88		71		126		69		169		164		155		46		84		45		98		132		29		97		0		29		120		111		52		83		105		30		106		123		173		99		10		78		102		138		135
127		175		116		106		91		38		59		115		148		26		75		5		117		160		138		68		121		34		103		102		121		85		106		75		67		127		77		55		70		142		130		168		44		30		174		162		89		65		110		95		157		145		102		92		66		109		149		130		167		179		80		54		162		135		147		182		119		4		185		126		147		212		130		107		179		35		154		183		124		141		71		141		145		146		36		175		65		189		106		123		158		126		219		118		81		62		152		93		129		51		47		12		66		83		75		94		136		42		126		70		60		152		111		87		120		127		99		30		81		117		100		131		42		198		193		184		19		77		74		71		105		16		126		29		0		149		140		29		56		134		27		135		152		202		128		19		51		131		135		130
22		82		33		135		90		139		90		136		33		123		74		150		144		37		37		81		126		165		86		131		34		64		43		74		138		80		124		94		79		21		81		55		165		119		87		21		98		84		137		54		130		174		73		115		83		68		4		57		70		72		69		143		27		164		44		55		140		149		88		23		176		63		153		54		36		114		97		34		71		170		122		44		108		33		177		98		128		40		83		64		23		155		70		137		68		87		181		56		44		98		102		137		89		74		74		123		75		107		95		99		89		37		140		62		61		86		128		137		98		40		67		128		159		49		66		35		132		86		75		100		134		133		57		120		149		0		111		120		143		31		122		14		69		61		69		130		134		50		140		137
89		35		138		76		49		130		81		25		78		114		65		141		33		74		74		100		19		156		37		96		145		55		130		129		129		31		115		85		136		132		30		56		156		110		34		90		51		75		30		161		19		63		184		48		74		43		107		54		41		39		128		134		84		53		67		56		29		140		45		88		65		72		42		57		75		105		14		101		40		59		113		67		5		78		168		35		119		95		34		47		134		74		79		26		127		78		70		157		155		89		93		128		74		165		65		90		36		98		16		84		84		74		45		97		172		25		51		128		59		151		44		17		150		70		53		104		123		63		68		89		45		124		54		111		140		111		0		111		134		142		113		113		42		62		42		121		125		161		29		26
98		146		87		81		62		19		30		86		119		3		46		30		90		131		109		43		92		45		74		77		92		56		77		72		42		98		52		26		79		113		101		139		45		41		145		133		60		36		83		104		128		120		127		63		37		80		120		101		138		150		71		29		133		110		118		153		90		29		156		97		122		183		101		78		150		18		125		154		95		116		46		112		116		117		57		146		40		160		77		94		129		101		190		89		70		33		127		100		100		22		18		33		37		108		46		69		107		15		97		45		31		123		86		58		115		98		74		17		52		94		71		102		39		169		164		155		12		48		45		46		80		23		97		52		29		120		111		0		31		105		22		106		123		173		99		42		26		104		106		101
121		169		112		58		85		18		53		109		142		32		69		51		111		154		132		74		115		22		97		46		119		79		104		103		11		121		21		49		110		136		124		162		22		72		168		156		83		59		104		135		151		93		158		86		60		103		143		124		161		173		102		2		156		97		141		176		113		52		179		120		107		206		124		101		173		49		148		177		118		101		21		135		139		140		34		169		15		183		100		117		152		70		213		112		101		56		96		131		129		45		49		64		60		139		69		44		130		46		120		50		58		146		89		81		146		121		83		26		75		125		94		125		16		192		187		178		37		71		68		45		89		54		120		83		56		143		134		31		0		128		53		129		146		196		122		73		9		135		129		124
53		113		18		166		121		124		111		167		64		108		105		135		175		68		68		66		157		150		117		162		13		95		28		59		127		111		137		79		64		10		112		86		150		104		118		52		129		109		168		39		161		205		42		146		88		99		35		88		101		103		54		128		58		195		75		86		171		134		119		54		207		90		184		85		67		99		128		49		102		201		131		75		139		64		162		129		125		55		114		95		24		186		85		168		53		72		212		41		13		83		87		122		120		59		81		154		106		92		126		130		74		68		171		47		30		117		159		122		129		17		98		159		144		72		97		50		117		117		74		131		165		118		88		105		134		31		142		105		128		0		107		29		100		92		100		115		119		19		171		168
100		148		89		103		64		35		48		104		121		21		48		28		112		133		111		41		94		43		76		99		94		58		79		50		64		100		74		28		57		115		103		141		43		19		147		135		66		46		105		82		130		142		105		83		39		82		122		103		140		152		53		51		135		132		120		155		108		27		158		99		144		185		121		80		152		8		127		156		97		138		68		114		118		119		55		148		62		162		79		96		131		123		192		105		54		35		149		78		102		24		20		15		57		86		48		91		109		15		99		67		33		125		108		60		93		100		96		27		66		90		73		104		39		171		166		157		16		54		47		68		102		11		99		30		27		122		113		22		53		107		0		108		125		175		101		20		48		104		108		105
24		84		25		137		92		125		82		138		35		109		76		136		146		39		39		67		128		151		88		133		32		66		29		60		124		82		110		80		65		19		83		57		151		105		89		27		100		80		139		48		132		176		71		117		69		70		14		59		72		74		55		129		29		166		46		57		142		135		90		25		178		77		155		56		44		100		99		48		73		172		108		46		110		35		163		100		114		54		85		66		23		157		84		139		54		73		183		44		42		84		88		123		91		60		60		125		77		93		97		101		75		39		142		48		59		88		130		123		100		38		69		130		145		63		68		49		118		88		61		102		136		119		59		106		135		14		113		106		129		29		108		0		71		67		71		116		120		48		142		139
47		23		96		88		61		142		93		67		36		126		77		153		75		32		32		84		57		168		49		108		103		67		88		87		141		25		127		97		94		90		22		16		168		122		22		48		63		87		68		119		61		105		142		60		86		43		65		22		15		27		86		146		42		95		25		30		71		152		33		46		107		60		84		45		33		117		28		59		28		101		125		25		39		36		180		29		131		53		46		29		92		86		67		68		85		90		112		115		113		101		105		140		86		123		77		102		16		110		26		96		92		32		71		65		130		25		63		140		71		109		52		59		162		46		41		62		135		75		78		101		65		136		26		123		152		69		42		123		146		100		125		71		0		50		24		133		137		119		71		68
75		27		88		138		111		192		143		87		54		176		127		203		85		42		64		134		81		218		99		158		95		117		96		127		191		75		177		147		132		82		72		34		218		172		28		40		113		137		92		111		69		113		134		110		136		93		57		72		35		23		122		196		40		103		55		20		83		202		27		76		115		10		92		95		25		167		48		51		78		109		175		61		57		56		230		37		181		45		96		79		84		136		17		84		121		140		120		109		105		151		155		190		136		127		127		152		66		160		76		146		142		50		107		115		122		75		113		190		121		101		102		71		212		20		9		54		185		125		128		151		107		186		76		173		202		61		62		173		196		92		175		67		50		0		74		183		187		111		79		76
47		47		96		66		37		118		69		67		36		102		53		129		75		32		32		60		57		144		25		84		103		43		88		87		117		11		103		73		94		90		12		40		144		98		46		48		39		63		68		119		61		105		142		46		62		19		65		12		39		51		86		122		42		95		25		54		71		128		57		46		107		84		84		21		51		93		28		59		4		101		101		25		39		36		156		47		107		61		22		5		92		86		91		68		85		66		112		115		113		77		81		116		62		123		53		78		8		86		26		72		68		32		71		55		130		17		59		116		47		109		28		59		138		70		65		62		111		51		54		77		65		112		12		99		128		69		42		99		122		100		101		71		24		74		0		109		113		119		71		68
108		156		97		123		78		55		68		124		129		41		62		22		132		141		119		49		114		51		84		119		102		66		87		56		84		108		94		36		51		123		111		149		61		11		155		143		86		66		125		76		138		162		85		103		47		90		130		111		148		160		61		71		143		152		128		163		128		21		166		107		164		193		141		88		160		24		135		164		105		158		88		122		126		127		53		156		82		170		87		104		139		143		200		125		62		43		169		74		110		34		28		9		77		66		56		111		117		27		107		87		41		133		128		68		101		108		116		47		86		98		81		116		59		179		174		165		36		74		55		88		122		19		107		10		19		130		121		42		73		115		20		116		133		183		109		0		68		112		128		125
112		160		107		55		76		13		44		100		133		27		60		46		102		145		123		69		106		31		88		51		114		70		99		98		16		112		26		42		105		127		115		153		31		67		159		147		74		50		95		130		142		94		153		77		51		94		134		115		152		164		97		9		147		88		132		167		104		47		170		111		98		197		115		92		164		44		139		168		109		92		20		126		130		131		43		160		14		174		91		108		143		75		204		103		96		47		101		126		124		36		44		59		51		134		60		43		121		41		111		41		53		137		80		72		141		112		74		21		66		120		85		116		25		183		178		169		32		62		59		36		80		49		111		78		51		134		125		26		9		119		48		120		137		187		113		68		0		130		120		115
72		132		23		185		140		121		130		186		83		105		124		132		194		87		87		63		176		147		136		181		16		114		31		56		146		130		156		88		61		29		131		105		147		101		137		71		148		128		187		36		180		224		29		165		107		118		54		107		120		122		51		133		77		214		94		105		190		131		138		73		226		109		203		104		86		96		147		60		121		220		150		94		158		83		159		148		144		66		133		114		27		205		102		187		50		83		231		38		6		96		86		119		139		56		100		173		125		89		145		149		77		87		190		64		11		136		178		119		148		14		117		178		141		91		116		57		114		136		93		150		184		115		107		102		131		50		161		104		135		19		104		48		119		111		119		112		130		0		190		187
118		58		167		71		50		125		76		20		107		109		66		136		18		103		103		129		14		151		54		91		174		76		159		158		124		60		110		102		165		161		59		85		151		127		53		119		46		70		25		190		22		36		213		43		83		72		136		83		70		68		157		129		113		32		96		85		16		135		52		117		36		81		13		86		104		104		43		130		69		30		108		96		32		107		163		42		114		124		57		76		163		69		88		17		156		107		41		186		184		94		104		123		69		194		90		85		65		101		45		79		113		103		40		126		201		54		46		123		54		180		73		12		145		99		74		133		118		58		97		84		40		119		83		138		135		140		29		106		129		171		108		142		71		79		71		128		120		190		0		5
115		55		164		66		47		120		71		15		104		104		63		131		13		100		100		126		11		146		51		86		171		73		156		155		119		57		105		99		162		158		56		82		146		124		50		116		41		65		20		187		27		37		210		38		80		69		133		80		67		65		154		124		110		27		93		82		11		130		55		114		39		82		16		83		101		101		40		127		66		33		103		93		29		104		158		45		109		121		54		73		160		64		89		12		153		104		44		183		181		91		101		118		64		191		87		80		62		98		42		74		110		100		35		123		198		51		41		118		49		177		70		9		140		96		71		130		113		53		94		79		35		114		80		135		130		137		26		101		124		168		105		139		68		76		68		125		115		187		5		0
