140
0		56		42		58		60		62		64		65		57		57		67		69		65		48		26		43		71		57		73		71		41		38		41		62		75		67		116		77		79		122		58		81		60		122		83		48		62		85		64		87		43		60		66		89		58		46		68		70		94		58		72		51		74		69		78		76		78		89		80		91		91		93		59		82		93		93		84		77		86		108		88		90		92		122		94		96		91		100		142		90		87		84		98		86		144		100		122		146		102		122		135		148		104		150		86		106		152		108		142		149		154		133		156		169		100		158		148		149		156		160		162		164		166		156		155		158		179		160		162		175		155		130		128		126		124		122		120		118		116		118		120		122		124		164		193		166		189		169		193		189
56		0		88		2		4		6		8		21		103		31		23		25		31		48		72		89		27		41		29		117		63		66		87		108		31		41		162		33		35		168		104		37		106		168		39		94		108		41		110		43		89		106		112		45		104		90		114		116		48		104		118		95		120		81		124		122		124		135		126		137		137		139		105		128		139		139		130		93		132		154		134		136		138		168		140		142		103		146		188		106		109		112		144		112		190		146		168		192		148		168		181		194		150		196		126		152		198		154		188		195		200		87		202		215		126		204		194		195		202		206		208		210		212		202		109		204		225		206		208		221		123		148		150		152		154		156		158		160		162		164		166		168		170		210		239		212		235		123		239		235
42		88		0		90		92		94		96		97		15		89		99		101		97		80		56		39		103		89		105		29		73		70		49		28		107		99		74		109		111		80		44		113		46		80		115		62		48		117		50		119		73		56		52		121		62		78		54		56		126		72		58		83		60		101		58		62		64		55		66		55		57		55		91		68		57		59		70		109		72		66		74		76		78		80		80		82		123		80		100		122		119		116		84		118		102		86		80		104		88		80		93		106		90		108		118		92		110		94		100		107		112		165		114		127		132		116		106		107		114		118		120		122		124		114		187		116		137		118		120		133		187		162		160		158		156		154		152		150		148		146		144		142		140		122		151		124		147		201		151		147
58		2		90		0		2		4		6		19		101		29		21		23		29		46		70		87		25		39		27		115		61		64		85		106		29		39		160		31		33		166		102		35		104		166		37		92		106		39		108		41		87		104		110		43		102		88		112		114		46		102		116		93		118		79		122		120		122		133		124		135		135		137		103		126		137		137		128		91		130		152		132		134		136		166		138		140		101		144		186		104		107		110		142		110		188		144		166		190		146		166		179		192		148		194		124		150		196		152		186		193		198		85		200		213		124		202		192		193		200		204		206		208		210		200		107		202		223		204		206		219		121		146		148		150		152		154		156		158		160		162		164		166		168		208		237		210		233		121		237		233
60		4		92		2		0		2		4		17		99		27		19		21		27		44		68		85		23		37		25		113		59		62		83		104		27		37		158		29		31		164		100		33		102		164		35		90		104		37		106		39		85		102		108		41		100		86		110		112		44		100		114		91		116		77		120		118		120		131		122		133		133		135		101		124		135		135		126		89		128		150		130		132		134		164		136		138		99		142		184		102		105		108		140		108		186		142		164		188		144		164		177		190		146		192		122		148		194		150		184		191		196		83		198		211		122		200		190		191		198		202		204		206		208		198		105		200		221		202		204		217		119		144		146		148		150		152		154		156		158		160		162		164		166		206		235		208		231		119		235		231
62		6		94		4		2		0		2		15		97		25		17		19		25		42		66		83		21		35		23		111		57		60		81		102		25		35		156		27		29		162		98		31		100		162		33		88		102		35		104		37		83		100		106		39		98		84		108		110		42		98		112		89		114		75		118		116		118		129		120		131		131		133		99		122		133		133		124		87		126		148		128		130		132		162		134		136		97		140		182		100		103		106		138		106		184		140		162		186		142		162		175		188		144		190		120		146		192		148		182		189		194		81		196		209		120		198		188		189		196		200		202		204		206		196		103		198		219		200		202		215		117		142		144		146		148		150		152		154		156		158		160		162		164		204		233		206		229		117		233		229
64		8		96		6		4		2		0		13		95		23		15		17		23		40		64		81		19		33		21		109		55		58		79		100		23		33		154		25		27		160		96		29		98		160		31		86		100		33		102		35		81		98		104		37		96		82		106		108		40		96		110		87		112		73		116		114		116		127		118		129		129		131		97		120		131		131		122		85		124		146		126		128		130		160		132		134		95		138		180		98		101		104		136		104		182		138		160		184		140		160		173		186		142		188		118		144		190		146		180		187		192		79		194		207		118		196		186		187		194		198		200		202		204		194		101		196		217		198		200		213		115		140		142		144		146		148		150		152		154		156		158		160		162		202		231		204		227		115		231		227
65		21		97		19		17		15		13		0		82		10		2		4		10		27		51		68		6		20		8		96		42		45		66		87		10		20		141		12		14		147		83		16		85		147		18		73		87		20		89		22		68		85		91		24		83		69		93		95		29		83		97		74		99		60		103		101		103		114		105		116		116		118		84		107		118		118		109		72		111		133		113		115		117		147		119		121		82		125		167		85		88		91		123		91		169		125		147		171		127		147		160		173		129		175		105		131		177		133		167		174		179		68		181		194		105		183		173		174		181		185		187		189		191		181		90		183		204		185		187		200		102		127		129		131		133		135		137		139		141		143		145		147		149		189		218		191		214		104		218		214
57		103		15		101		99		97		95		82		0		74		84		86		82		65		41		24		88		74		90		14		58		55		34		13		92		84		59		94		96		65		29		98		31		65		100		47		33		102		35		104		58		41		37		106		47		63		39		41		111		57		43		68		45		86		43		47		49		40		51		40		42		40		76		53		42		44		55		94		57		51		59		61		63		65		65		67		108		65		85		107		104		101		69		103		87		71		65		89		73		65		78		91		75		93		103		77		95		79		85		92		97		150		99		112		117		101		91		92		99		103		105		107		109		99		172		101		122		103		105		118		172		147		145		143		141		139		137		135		133		131		129		127		125		107		136		109		132		186		136		132
57		31		89		29		27		25		23		10		74		0		10		12		8		17		41		58		14		10		16		86		32		35		56		77		18		10		131		20		22		137		73		24		75		137		26		63		77		28		79		30		58		75		81		32		73		59		83		85		37		73		87		64		89		50		93		91		93		104		95		106		106		108		74		97		108		108		99		62		101		123		103		105		107		137		109		111		72		115		157		75		78		81		113		81		159		115		137		161		117		137		150		163		119		165		95		121		167		123		157		164		169		76		171		184		95		173		163		164		171		175		177		179		181		171		98		173		194		175		177		190		98		117		119		121		123		125		127		129		131		133		135		137		139		179		208		181		204		112		208		204
67		23		99		21		19		17		15		2		84		10		0		2		8		25		49		66		4		18		6		94		40		43		64		85		8		18		139		10		12		145		81		14		83		145		16		71		85		18		87		20		66		83		89		22		81		67		91		93		27		81		95		72		97		58		101		99		101		112		103		114		114		116		82		105		116		116		107		70		109		131		111		113		115		145		117		119		80		123		165		83		86		89		121		89		167		123		145		169		125		145		158		171		127		173		103		129		175		131		165		172		177		66		179		192		103		181		171		172		179		183		185		187		189		179		88		181		202		183		185		198		100		125		127		129		131		133		135		137		139		141		143		145		147		187		216		189		212		102		216		212
69		25		101		23		21		19		17		4		86		12		2		0		6		23		47		64		2		16		4		92		38		41		62		83		6		16		137		8		10		143		79		12		81		143		14		69		83		16		85		18		64		81		87		20		79		65		89		91		25		79		93		70		95		56		99		97		99		110		101		112		112		114		80		103		114		114		105		68		107		129		109		111		113		143		115		117		78		121		163		81		84		87		119		87		165		121		143		167		123		143		156		169		125		171		101		127		173		129		163		170		175		64		177		190		101		179		169		170		177		181		183		185		187		177		86		179		200		181		183		196		98		123		125		127		129		131		133		135		137		139		141		143		145		185		214		187		210		100		214		210
65		31		97		29		27		25		23		10		82		8		8		6		0		17		41		58		6		10		8		86		32		35		56		77		10		10		131		12		14		137		73		16		75		137		18		63		77		20		79		22		58		75		81		24		73		59		83		85		29		73		87		64		89		50		93		91		93		104		95		106		106		108		74		97		108		108		99		62		101		123		103		105		107		137		109		111		72		115		157		75		78		81		113		81		159		115		137		161		117		137		150		163		119		165		95		121		167		123		157		164		169		68		171		184		95		173		163		164		171		175		177		179		181		171		90		173		194		175		177		190		92		117		119		121		123		125		127		129		131		133		135		137		139		179		208		181		204		104		208		204
48		48		80		46		44		42		40		27		65		17		25		23		17		0		24		41		23		9		25		69		15		18		39		60		27		19		114		29		31		120		56		33		58		120		35		46		60		37		62		39		41		58		64		41		56		42		66		68		46		56		70		47		72		33		76		74		76		87		78		89		89		91		57		80		91		91		82		45		84		106		86		88		90		120		92		94		55		98		140		58		61		64		96		64		142		98		120		144		100		120		133		146		102		148		78		104		150		106		140		147		152		85		154		167		78		156		146		147		154		158		160		162		164		154		107		156		177		158		160		173		107		100		102		104		106		108		110		112		114		116		118		120		122		162		191		164		187		121		191		187
26		72		56		70		68		66		64		51		41		41		49		47		41		24		0		17		47		33		49		45		17		14		15		36		51		43		90		53		55		96		32		57		34		96		59		22		36		61		38		63		17		34		40		65		32		22		42		44		70		32		46		27		48		45		52		50		52		63		54		65		65		67		35		56		67		67		58		53		60		82		62		64		66		96		68		70		67		74		116		66		63		60		72		62		118		74		96		120		76		96		109		122		78		124		62		80		126		82		116		123		128		109		130		143		76		132		122		123		130		134		136		138		140		130		131		132		153		134		136		149		131		106		104		102		100		98		96		94		92		92		94		96		98		138		167		140		163		145		167		163
43		89		39		87		85		83		81		68		24		58		66		64		58		41		17		0		64		50		66		28		34		31		10		19		68		60		73		70		72		79		15		74		17		79		76		23		19		78		21		80		34		17		23		82		23		39		25		27		87		33		29		44		31		62		35		33		35		46		37		48		48		50		52		39		50		50		41		70		43		65		45		47		49		79		51		53		84		57		99		83		80		77		55		79		101		57		79		103		59		79		92		105		61		107		79		63		109		65		99		106		111		126		113		126		93		115		105		106		113		117		119		121		123		113		148		115		136		117		119		132		148		123		121		119		117		115		113		111		109		107		105		103		101		121		150		123		146		162		150		146
71		27		103		25		23		21		19		6		88		14		4		2		6		23		47		64		0		14		2		90		36		39		60		81		4		14		135		6		8		141		77		10		79		141		12		67		81		14		83		16		62		79		85		18		77		63		87		89		23		77		91		68		93		54		97		95		97		108		99		110		110		112		78		101		112		112		103		66		105		127		107		109		111		141		113		115		76		119		161		79		82		85		117		85		163		119		141		165		121		141		154		167		123		169		99		125		171		127		161		168		173		62		175		188		99		177		167		168		175		179		181		183		185		175		84		177		198		179		181		194		96		121		123		125		127		129		131		133		135		137		139		141		143		183		212		185		208		98		212		208
57		41		89		39		37		35		33		20		74		10		18		16		10		9		33		50		14		0		16		76		22		25		46		67		18		10		121		20		22		127		63		24		65		127		26		53		67		28		69		30		48		65		71		32		63		49		73		75		37		63		77		54		79		40		83		81		83		94		85		96		96		98		64		87		98		98		89		52		91		113		93		95		97		127		99		101		62		105		147		65		68		71		103		71		149		105		127		151		107		127		140		153		109		155		85		111		157		113		147		154		159		76		161		174		85		163		153		154		161		165		167		169		171		161		98		163		184		165		167		180		98		107		109		111		113		115		117		119		121		123		125		127		129		169		198		171		194		112		198		194
73		29		105		27		25		23		21		8		90		16		6		4		8		25		49		66		2		16		0		88		34		37		58		79		2		12		133		4		6		139		75		8		77		139		10		65		79		12		81		14		60		77		83		16		75		61		85		87		21		75		89		66		91		52		95		93		95		106		97		108		108		110		76		99		110		110		101		64		103		125		105		107		109		139		111		113		74		117		159		77		80		83		115		83		161		117		139		163		119		139		152		165		121		167		97		123		169		125		159		166		171		60		173		186		97		175		165		166		173		177		179		181		183		173		82		175		196		177		179		192		94		119		121		123		125		127		129		131		133		135		137		139		141		181		210		183		206		96		210		206
71		117		29		115		113		111		109		96		14		86		94		92		86		69		45		28		90		76		88		0		56		53		32		11		90		82		45		92		94		51		27		96		29		51		98		45		31		100		33		102		56		39		35		104		45		61		37		39		109		55		41		66		43		84		41		45		47		38		49		38		40		38		74		51		40		42		53		92		55		37		57		59		61		51		63		65		106		63		71		105		102		99		67		101		73		69		51		75		71		51		64		77		73		79		101		75		81		77		71		78		83		148		85		98		115		87		77		78		85		89		91		93		95		85		170		87		108		89		91		104		170		145		143		141		139		137		135		133		131		129		127		125		123		93		122		95		118		184		122		118
41		63		73		61		59		57		55		42		58		32		40		38		32		15		17		34		36		22		34		56		0		3		24		45		34		26		99		36		38		105		41		40		43		105		42		31		45		44		47		46		26		43		49		48		41		27		51		53		53		41		55		32		57		28		61		59		61		72		63		74		74		76		42		65		76		76		67		36		69		91		71		73		75		105		77		79		50		83		125		49		46		49		81		49		127		83		105		129		85		105		118		131		87		133		63		89		135		91		125		132		137		92		139		152		63		141		131		132		139		143		145		147		149		139		114		141		162		143		145		158		114		89		87		89		91		93		95		97		99		101		103		105		107		147		176		149		172		128		176		172
38		66		70		64		62		60		58		45		55		35		43		41		35		18		14		31		39		25		37		53		3		0		21		42		37		29		96		39		41		102		38		43		40		102		45		28		42		47		44		49		23		40		46		51		38		24		48		50		56		38		52		29		54		31		58		56		58		69		60		71		71		73		39		62		73		73		64		39		66		88		68		70		72		102		74		76		53		80		122		52		49		46		78		48		124		80		102		126		82		102		115		128		84		130		60		86		132		88		122		129		134		95		136		149		62		138		128		129		136		140		142		144		146		136		117		138		159		140		142		155		117		92		90		88		88		90		92		94		96		98		100		102		104		144		173		146		169		131		173		169
41		87		49		85		83		81		79		66		34		56		64		62		56		39		15		10		60		46		58		32		24		21		0		21		58		50		75		60		62		81		17		64		19		81		66		13		21		68		23		70		24		19		25		72		17		29		27		29		77		23		31		34		33		52		37		35		37		48		39		50		50		52		42		41		52		52		43		60		45		67		47		49		51		81		53		55		74		59		101		73		70		67		57		69		103		59		81		105		61		81		94		107		63		109		69		65		111		67		101		108		113		116		115		128		83		117		107		108		115		119		121		123		125		115		138		117		138		119		121		134		138		113		111		109		107		105		103		101		99		97		95		93		91		123		152		125		148		152		152		148
62		108		28		106		104		102		100		87		13		77		85		83		77		60		36		19		81		67		79		11		45		42		21		0		79		71		54		81		83		60		16		85		18		60		87		34		20		89		22		91		45		28		24		93		34		50		26		28		98		44		30		55		32		73		30		34		36		27		38		29		29		31		63		40		31		31		42		81		44		46		46		48		50		60		52		54		95		52		80		94		91		88		56		90		82		58		60		84		60		60		73		86		62		88		90		64		90		66		80		87		92		137		94		107		104		96		86		87		94		98		100		102		104		94		159		96		117		98		100		113		159		134		132		130		128		126		124		122		120		118		116		114		112		102		131		104		127		173		131		127
75		31		107		29		27		25		23		10		92		18		8		6		10		27		51		68		4		18		2		90		34		37		58		79		0		10		131		2		4		137		73		6		75		137		8		63		77		10		79		12		58		75		81		14		73		59		83		85		19		73		87		64		89		50		93		91		93		104		95		106		106		108		74		97		108		108		99		62		101		123		103		105		107		137		109		111		72		115		157		75		78		81		113		81		159		115		137		161		117		137		150		163		119		165		95		121		167		123		157		164		169		58		171		184		95		173		163		164		171		175		177		179		181		171		80		173		194		175		177		190		92		117		119		121		123		125		127		129		131		133		135		137		139		179		208		181		204		94		208		204
67		41		99		39		37		35		33		20		84		10		18		16		10		19		43		60		14		10		12		82		26		29		50		71		10		0		121		10		12		127		63		14		65		127		16		53		67		18		69		20		48		65		71		22		63		49		73		75		27		63		77		54		79		40		83		81		83		94		85		96		96		98		64		87		98		98		89		52		91		113		93		95		97		127		99		101		62		105		147		65		68		71		103		71		149		105		127		151		107		127		140		153		109		155		85		111		157		113		147		154		159		66		161		174		85		163		153		154		161		165		167		169		171		161		88		163		184		165		167		180		88		107		109		111		113		115		117		119		121		123		125		127		129		169		198		171		194		102		198		194
116		162		74		160		158		156		154		141		59		131		139		137		131		114		90		73		135		121		133		45		99		96		75		54		131		121		0		131		133		6		66		135		68		6		137		84		70		139		72		141		95		78		74		143		84		100		76		78		148		94		80		105		82		123		80		84		86		77		88		77		79		77		113		90		79		81		92		131		94		72		96		98		100		72		102		104		145		102		60		144		141		138		106		140		62		108		86		64		110		90		77		66		112		68		140		114		70		116		82		75		72		187		74		63		154		76		90		89		82		78		80		82		84		114		209		116		95		118		120		107		209		184		182		180		178		176		174		172		170		168		166		164		162		122		95		124		107		223		109		121
77		33		109		31		29		27		25		12		94		20		10		8		12		29		53		70		6		20		4		92		36		39		60		81		2		10		131		0		2		135		71		4		73		135		6		61		75		8		77		10		56		73		79		12		71		57		81		83		17		71		85		62		87		48		91		89		91		102		93		104		104		106		72		95		106		106		97		60		99		121		101		103		105		135		107		109		70		113		155		73		76		79		111		79		157		113		135		159		115		135		148		161		117		163		93		119		165		121		155		162		167		56		169		182		93		171		161		162		169		173		175		177		179		169		78		171		192		173		175		188		90		115		117		119		121		123		125		127		129		131		133		135		137		177		206		179		202		92		206		202
79		35		111		33		31		29		27		14		96		22		12		10		14		31		55		72		8		22		6		94		38		41		62		83		4		12		133		2		0		133		69		2		71		133		4		59		73		6		75		8		54		71		77		10		69		55		79		81		15		69		83		60		85		46		89		87		89		100		91		102		102		104		70		93		104		104		95		58		97		119		99		101		103		133		105		107		68		111		153		71		74		77		109		77		155		111		133		157		113		133		146		159		115		161		91		117		163		119		153		160		165		54		167		180		91		169		159		160		167		171		173		175		177		167		76		169		190		171		173		186		88		113		115		117		119		121		123		125		127		129		131		133		135		175		204		177		200		90		204		200
122		168		80		166		164		162		160		147		65		137		145		143		137		120		96		79		141		127		139		51		105		102		81		60		137		127		6		135		133		0		66		135		68		6		137		84		70		139		72		141		95		78		74		143		84		100		76		78		148		94		80		105		82		123		80		84		86		77		88		77		79		77		113		90		79		81		92		131		94		72		96		98		100		72		102		104		145		102		60		144		141		138		106		140		62		108		86		64		110		90		77		66		112		68		140		114		70		116		82		75		72		187		74		63		154		76		90		89		82		78		80		82		84		114		209		116		95		118		120		107		209		184		182		180		178		176		174		172		170		168		166		164		162		122		95		124		107		223		109		121
58		104		44		102		100		98		96		83		29		73		81		79		73		56		32		15		77		63		75		27		41		38		17		16		73		63		66		71		69		66		0		69		2		64		71		18		4		73		6		75		29		12		8		77		18		34		10		12		82		28		14		39		16		57		20		18		20		31		22		33		33		35		47		24		35		35		26		65		28		50		30		32		34		64		36		38		79		42		84		78		75		72		40		74		86		42		64		88		44		64		77		90		46		92		74		48		94		50		84		91		96		121		98		111		88		100		90		91		98		102		104		106		108		98		143		100		121		102		104		117		143		118		116		114		112		110		108		106		104		102		100		98		96		106		135		108		131		157		135		131
81		37		113		35		33		31		29		16		98		24		14		12		16		33		57		74		10		24		8		96		40		43		64		85		6		14		135		4		2		135		69		0		69		131		2		57		71		4		73		6		52		69		75		8		67		53		77		79		13		67		81		58		83		44		87		85		87		98		89		100		100		102		68		91		102		102		93		56		95		117		97		99		101		131		103		105		66		109		151		69		72		75		107		75		153		109		131		155		111		131		144		157		113		159		89		115		161		117		151		158		163		52		165		178		89		167		157		158		165		169		171		173		175		165		74		167		188		169		171		184		86		111		113		115		117		119		121		123		125		127		129		131		133		173		202		175		198		88		202		198
60		106		46		104		102		100		98		85		31		75		83		81		75		58		34		17		79		65		77		29		43		40		19		18		75		65		68		73		71		68		2		69		0		62		69		16		2		71		4		73		27		10		6		75		16		32		8		10		80		26		12		37		14		55		18		16		18		29		20		31		31		33		45		22		33		33		24		63		26		48		28		30		32		62		34		36		77		40		82		76		73		70		38		72		84		40		62		86		42		62		75		88		44		90		72		46		92		48		82		89		94		119		96		109		86		98		88		89		96		100		102		104		106		96		141		98		119		100		102		115		141		116		114		112		110		108		106		104		102		100		98		96		94		104		133		106		129		155		133		129
122		168		80		166		164		162		160		147		65		137		145		143		137		120		96		79		141		127		139		51		105		102		81		60		137		127		6		135		133		6		64		131		62		0		131		78		64		133		66		135		89		72		68		137		78		94		70		72		142		88		74		99		76		117		74		78		80		71		82		71		73		71		107		84		73		75		86		125		88		66		90		92		94		66		96		98		139		96		54		138		135		132		100		134		56		102		80		58		104		84		71		60		106		62		134		108		64		110		76		69		66		181		68		57		148		70		84		83		76		72		74		76		78		108		203		110		89		112		114		101		203		178		176		174		172		170		168		166		164		162		160		158		156		116		89		118		101		217		103		115
83		39		115		37		35		33		31		18		100		26		16		14		18		35		59		76		12		26		10		98		42		45		66		87		8		16		137		6		4		137		71		2		69		131		0		55		69		2		71		4		50		67		73		6		65		51		75		77		11		65		79		56		81		42		85		83		85		96		87		98		98		100		66		89		100		100		91		54		93		115		95		97		99		129		101		103		64		107		149		67		70		73		105		73		151		107		129		153		109		129		142		155		111		157		87		113		159		115		149		156		161		50		163		176		87		165		155		156		163		167		169		171		173		163		72		165		186		167		169		182		84		109		111		113		115		117		119		121		123		125		127		129		131		171		200		173		196		86		200		196
48		94		62		92		90		88		86		73		47		63		71		69		63		46		22		23		67		53		65		45		31		28		13		34		63		53		84		61		59		84		18		57		16		78		55		0		14		55		16		57		11		12		18		59		10		16		20		22		64		10		24		21		26		39		30		28		30		41		32		43		43		45		29		34		45		45		36		47		38		60		40		42		44		74		46		48		61		52		94		60		57		54		50		56		96		52		74		98		54		74		87		100		56		102		56		58		104		60		94		101		106		103		108		121		70		110		100		101		108		112		114		116		118		108		125		110		131		112		114		127		125		100		98		96		94		92		90		88		86		84		82		80		78		116		145		118		141		139		145		141
62		108		48		106		104		102		100		87		33		77		85		83		77		60		36		19		81		67		79		31		45		42		21		20		77		67		70		75		73		70		4		71		2		64		69		14		0		69		2		71		25		8		4		73		14		30		6		8		78		24		10		35		12		53		16		14		16		27		18		29		29		31		43		20		31		31		22		61		24		46		26		28		30		60		32		34		75		38		80		74		71		68		36		70		82		38		60		84		40		60		73		86		42		88		70		44		90		46		80		87		92		117		94		107		84		96		86		87		94		98		100		102		104		94		139		96		117		98		100		113		139		114		112		110		108		106		104		102		100		98		96		94		92		102		131		104		127		153		131		127
85		41		117		39		37		35		33		20		102		28		18		16		20		37		61		78		14		28		12		100		44		47		68		89		10		18		139		8		6		139		73		4		71		133		2		55		69		0		69		2		48		65		71		4		63		49		73		75		9		63		77		54		79		40		83		81		83		94		85		96		96		98		64		87		98		98		89		52		91		113		93		95		97		127		99		101		62		105		147		65		68		71		103		71		149		105		127		151		107		127		140		153		109		155		85		111		157		113		147		154		159		48		161		174		85		163		153		154		161		165		167		169		171		161		70		163		184		165		167		180		82		107		109		111		113		115		117		119		121		123		125		127		129		169		198		171		194		84		198		194
64		110		50		108		106		104		102		89		35		79		87		85		79		62		38		21		83		69		81		33		47		44		23		22		79		69		72		77		75		72		6		73		4		66		71		16		2		69		0		69		23		6		2		71		12		28		4		6		76		22		8		33		10		51		14		12		14		25		16		27		27		29		41		18		29		29		20		59		22		44		24		26		28		58		30		32		73		36		78		72		69		66		34		68		80		36		58		82		38		58		71		84		40		86		68		42		88		44		78		85		90		115		92		105		82		94		84		85		92		96		98		100		102		92		137		94		115		96		98		111		137		112		110		108		106		104		102		100		98		96		94		92		90		100		129		102		125		151		129		125
87		43		119		41		39		37		35		22		104		30		20		18		22		39		63		80		16		30		14		102		46		49		70		91		12		20		141		10		8		141		75		6		73		135		4		57		71		2		69		0		46		63		69		2		61		47		71		73		7		61		75		52		77		38		81		79		81		92		83		94		94		96		62		85		96		96		87		50		89		111		91		93		95		125		97		99		60		103		145		63		66		69		101		69		147		103		125		149		105		125		138		151		107		153		83		109		155		111		145		152		157		46		159		172		83		161		151		152		159		163		165		167		169		159		68		161		182		163		165		178		80		105		107		109		111		113		115		117		119		121		123		125		127		167		196		169		192		82		196		192
43		89		73		87		85		83		81		68		58		58		66		64		58		41		17		34		62		48		60		56		26		23		24		45		58		48		95		56		54		95		29		52		27		89		50		11		25		48		23		46		0		17		23		48		15		5		25		27		53		15		29		10		31		28		35		33		35		46		37		48		48		50		18		39		50		50		41		36		43		65		45		47		49		79		51		53		50		57		99		49		46		43		55		45		101		57		79		103		59		79		92		105		61		107		45		63		109		65		99		106		111		92		113		126		59		115		105		106		113		117		119		121		123		113		114		115		136		117		119		132		114		89		87		85		83		81		79		77		75		75		77		79		81		121		150		123		146		128		150		146
60		106		56		104		102		100		98		85		41		75		83		81		75		58		34		17		79		65		77		39		43		40		19		28		75		65		78		73		71		78		12		69		10		72		67		12		8		65		6		63		17		0		6		65		6		22		8		10		70		16		12		27		14		45		18		16		18		29		20		31		31		33		35		22		33		33		24		53		26		48		28		30		32		62		34		36		67		40		82		66		63		60		38		62		84		40		62		86		42		62		75		88		44		90		62		46		92		48		82		89		94		109		96		109		76		98		88		89		96		100		102		104		106		96		131		98		119		100		102		115		131		106		104		102		100		98		96		94		92		90		88		86		84		104		133		106		129		145		133		129
66		112		52		110		108		106		104		91		37		81		89		87		81		64		40		23		85		71		83		35		49		46		25		24		81		71		74		79		77		74		8		75		6		68		73		18		4		71		2		69		23		6		0		69		10		26		2		4		74		20		6		31		8		49		12		10		12		23		14		25		25		27		39		16		27		27		18		57		20		42		22		24		26		56		28		30		71		34		76		70		67		64		32		66		78		34		56		80		36		56		69		82		38		84		66		40		86		42		76		83		88		113		90		103		80		92		82		83		90		94		96		98		100		90		135		92		113		94		96		109		135		110		108		106		104		102		100		98		96		94		92		90		88		98		127		100		123		149		127		123
89		45		121		43		41		39		37		24		106		32		22		20		24		41		65		82		18		32		16		104		48		51		72		93		14		22		143		12		10		143		77		8		75		137		6		59		73		4		71		2		48		65		69		0		59		45		69		71		5		59		73		50		75		36		79		77		79		90		81		92		92		94		60		83		94		94		85		48		87		109		89		91		93		123		95		97		58		101		143		61		64		67		99		67		145		101		123		147		103		123		136		149		105		151		81		107		153		109		143		150		155		44		157		170		81		159		149		150		157		161		163		165		167		157		66		159		180		161		163		176		78		103		105		107		109		111		113		115		117		119		121		123		125		165		194		167		190		80		194		190
58		104		62		102		100		98		96		83		47		73		81		79		73		56		32		23		77		63		75		45		41		38		17		34		73		63		84		71		69		84		18		67		16		78		65		10		14		63		12		61		15		6		10		59		0		16		10		12		64		10		14		21		16		39		20		18		20		31		22		33		33		35		29		24		35		35		26		47		28		50		30		32		34		64		36		38		61		42		84		60		57		54		40		56		86		42		64		88		44		64		77		90		46		92		56		48		94		50		84		91		96		103		98		111		70		100		90		91		98		102		104		106		108		98		125		100		121		102		104		117		125		100		98		96		94		92		90		88		86		84		82		80		78		106		135		108		131		139		135		131
46		90		78		88		86		84		82		69		63		59		67		65		59		42		22		39		63		49		61		61		27		24		29		50		59		49		100		57		55		100		34		53		32		94		51		16		30		49		28		47		5		22		26		45		16		0		24		26		48		14		28		5		30		23		34		32		34		45		36		47		47		49		15		38		49		49		40		31		42		64		44		46		48		78		50		52		45		56		98		44		41		38		54		40		100		56		78		102		58		78		91		104		60		106		40		62		108		64		98		105		110		87		112		125		54		114		104		105		112		116		118		120		122		112		109		114		135		116		118		131		109		84		82		80		78		76		74		72		72		74		76		78		80		120		149		122		145		123		149		145
68		114		54		112		110		108		106		93		39		83		91		89		83		66		42		25		87		73		85		37		51		48		27		26		83		73		76		81		79		76		10		77		8		70		75		20		6		73		4		71		25		8		2		69		10		24		0		2		72		18		4		29		6		47		10		8		10		21		12		23		23		25		37		14		25		25		16		55		18		40		20		22		24		54		26		28		69		32		74		68		65		62		30		64		76		32		54		78		34		54		67		80		36		82		64		38		84		40		74		81		86		111		88		101		78		90		80		81		88		92		94		96		98		88		133		90		111		92		94		107		133		108		106		104		102		100		98		96		94		92		90		88		86		96		125		98		121		147		125		121
70		116		56		114		112		110		108		95		41		85		93		91		85		68		44		27		89		75		87		39		53		50		29		28		85		75		78		83		81		78		12		79		10		72		77		22		8		75		6		73		27		10		4		71		12		26		2		0		70		16		2		27		4		45		8		6		8		19		10		21		21		23		35		12		23		23		14		53		16		38		18		20		22		52		24		26		67		30		72		66		63		60		28		62		74		30		52		76		32		52		65		78		34		80		62		36		82		38		72		79		84		109		86		99		76		88		78		79		86		90		92		94		96		86		131		88		109		90		92		105		131		106		104		102		100		98		96		94		92		90		88		86		84		94		123		96		119		145		123		119
94		48		126		46		44		42		40		29		111		37		27		25		29		46		70		87		23		37		21		109		53		56		77		98		19		27		148		17		15		148		82		13		80		142		11		64		78		9		76		7		53		70		74		5		64		48		72		70		0		56		70		47		72		33		76		74		76		87		78		89		89		91		57		80		91		91		82		45		84		106		86		88		90		120		92		94		55		98		140		58		61		64		96		64		142		98		120		144		100		120		133		146		102		148		78		104		150		106		140		147		152		39		154		167		78		156		146		147		154		158		160		162		164		154		61		156		177		158		160		173		75		100		102		104		106		108		110		112		114		116		118		120		122		162		191		164		187		75		191		187
58		104		72		102		100		98		96		83		57		73		81		79		73		56		32		33		77		63		75		55		41		38		23		44		73		63		94		71		69		94		28		67		26		88		65		10		24		63		22		61		15		16		20		59		10		14		18		16		56		0		14		11		16		29		20		18		20		31		22		33		33		35		19		24		35		35		26		37		28		50		30		32		34		64		36		38		51		42		84		50		47		44		40		46		86		42		64		88		44		64		77		90		46		92		46		48		94		50		84		91		96		93		98		111		60		100		90		91		98		102		104		106		108		98		115		100		121		102		104		117		115		90		88		86		84		82		80		78		76		74		72		70		68		106		135		108		131		129		135		131
72		118		58		116		114		112		110		97		43		87		95		93		87		70		46		29		91		77		89		41		55		52		31		30		87		77		80		85		83		80		14		81		12		74		79		24		10		77		8		75		29		12		6		73		14		28		4		2		70		14		0		25		2		43		6		4		6		17		8		19		19		21		33		10		21		21		12		51		14		36		16		18		20		50		22		24		65		28		70		64		61		58		26		60		72		28		50		74		30		50		63		76		32		78		60		34		80		36		70		77		82		107		84		97		74		86		76		77		84		88		90		92		94		84		129		86		107		88		90		103		129		104		102		100		98		96		94		92		90		88		86		84		82		92		121		94		117		143		121		117
51		95		83		93		91		89		87		74		68		64		72		70		64		47		27		44		68		54		66		66		32		29		34		55		64		54		105		62		60		105		39		58		37		99		56		21		35		54		33		52		10		27		31		50		21		5		29		27		47		11		25		0		25		18		29		27		29		40		31		42		42		44		10		33		44		44		35		26		37		59		39		41		43		73		45		47		40		51		93		39		36		33		49		35		95		51		73		97		53		73		86		99		55		101		35		57		103		59		93		100		105		82		107		120		49		109		99		100		107		111		113		115		117		107		104		109		130		111		113		126		104		79		77		75		73		71		69		67		67		69		71		73		75		115		144		117		140		118		144		140
74		120		60		118		116		114		112		99		45		89		97		95		89		72		48		31		93		79		91		43		57		54		33		32		89		79		82		87		85		82		16		83		14		76		81		26		12		79		10		77		31		14		8		75		16		30		6		4		72		16		2		25		0		41		4		2		4		15		6		17		17		19		31		8		19		19		10		49		12		34		14		16		18		48		20		22		63		26		68		62		59		56		24		58		70		26		48		72		28		48		61		74		30		76		58		32		78		34		68		75		80		105		82		95		72		84		74		75		82		86		88		90		92		82		127		84		105		86		88		101		127		102		100		98		96		94		92		90		88		86		84		82		80		90		119		92		115		141		119		115
69		81		101		79		77		75		73		60		86		50		58		56		50		33		45		62		54		40		52		84		28		31		52		73		50		40		123		48		46		123		57		44		55		117		42		39		53		40		51		38		28		45		49		36		39		23		47		45		33		29		43		18		41		0		43		41		43		54		45		56		56		58		24		47		58		58		49		12		51		73		53		55		57		87		59		61		22		65		107		25		28		31		63		31		109		65		87		111		67		87		100		113		69		115		45		71		117		73		107		114		119		64		121		134		45		123		113		114		121		125		127		129		131		121		86		123		144		125		127		140		86		67		69		71		73		75		77		79		81		83		85		87		89		129		158		131		154		100		158		154
78		124		58		122		120		118		116		103		43		93		101		99		93		76		52		35		97		83		95		41		61		58		37		30		93		83		80		91		89		80		20		87		18		74		85		30		16		83		14		81		35		18		12		79		20		34		10		8		76		20		6		29		4		43		0		4		6		11		8		13		13		15		33		10		15		15		12		51		14		30		16		18		20		44		22		24		65		22		64		64		61		58		26		60		66		28		44		68		30		44		57		70		32		72		60		34		74		36		64		71		76		107		78		91		74		80		70		71		78		82		84		86		88		78		129		80		101		82		84		97		129		104		102		100		98		96		94		92		90		88		86		84		82		86		115		88		111		143		115		111
76		122		62		120		118		116		114		101		47		91		99		97		91		74		50		33		95		81		93		45		59		56		35		34		91		81		84		89		87		84		18		85		16		78		83		28		14		81		12		79		33		16		10		77		18		32		8		6		74		18		4		27		2		41		4		0		2		13		4		15		15		17		29		6		17		17		8		47		10		32		12		14		16		46		18		20		61		24		66		60		57		54		22		56		68		24		46		70		26		46		59		72		28		74		56		30		76		32		66		73		78		103		80		93		70		82		72		73		80		84		86		88		90		80		125		82		103		84		86		99		125		100		98		96		94		92		90		88		86		84		82		80		78		88		117		90		113		139		117		113
78		124		64		122		120		118		116		103		49		93		101		99		93		76		52		35		97		83		95		47		61		58		37		36		93		83		86		91		89		86		20		87		18		80		85		30		16		83		14		81		35		18		12		79		20		34		10		8		76		20		6		29		4		43		6		2		0		11		2		13		13		15		27		4		15		15		6		45		8		30		10		12		14		44		16		18		59		22		64		58		55		52		20		54		66		22		44		68		24		44		57		70		26		72		54		28		74		30		64		71		76		101		78		91		68		80		70		71		78		82		84		86		88		78		123		80		101		82		84		97		123		98		96		94		92		90		88		86		84		82		80		78		76		86		115		88		111		137		115		111
89		135		55		133		131		129		127		114		40		104		112		110		104		87		63		46		108		94		106		38		72		69		48		27		104		94		77		102		100		77		31		98		29		71		96		41		27		94		25		92		46		29		23		90		31		45		21		19		87		31		17		40		15		54		11		13		11		0		11		2		2		4		36		13		4		4		15		54		17		19		19		21		23		33		25		27		68		25		53		67		64		61		29		63		55		31		33		57		33		33		46		59		35		61		63		37		63		39		53		60		65		110		67		80		77		69		59		60		67		71		73		75		77		67		132		69		90		71		73		86		132		107		105		103		101		99		97		95		93		91		89		87		85		75		104		77		100		146		104		100
80		126		66		124		122		120		118		105		51		95		103		101		95		78		54		37		99		85		97		49		63		60		39		38		95		85		88		93		91		88		22		89		20		82		87		32		18		85		16		83		37		20		14		81		22		36		12		10		78		22		8		31		6		45		8		4		2		11		0		11		11		13		25		2		13		13		4		43		6		28		8		10		12		42		14		16		57		20		62		56		53		50		18		52		64		20		42		66		22		42		55		68		24		70		52		26		72		28		62		69		74		99		76		89		66		78		68		69		76		80		82		84		86		76		121		78		99		80		82		95		121		96		94		92		90		88		86		84		82		80		78		76		74		84		113		86		109		135		113		109
91		137		55		135		133		131		129		116		40		106		114		112		106		89		65		48		110		96		108		38		74		71		50		29		106		96		77		104		102		77		33		100		31		71		98		43		29		96		27		94		48		31		25		92		33		47		23		21		89		33		19		42		17		56		13		15		13		2		11		0		2		2		36		13		2		4		15		54		17		17		19		21		23		31		25		27		68		25		51		67		64		61		29		63		53		31		31		55		33		31		44		57		35		59		63		37		61		39		51		58		63		110		65		78		77		67		57		58		65		69		71		73		75		65		132		67		88		69		71		84		132		107		105		103		101		99		97		95		93		91		89		87		85		73		102		75		98		146		102		98
91		137		57		135		133		131		129		116		42		106		114		112		106		89		65		48		110		96		108		40		74		71		50		29		106		96		79		104		102		79		33		100		31		73		98		43		29		96		27		94		48		31		25		92		33		47		23		21		89		33		19		42		17		56		13		15		13		2		11		2		0		2		34		11		2		2		13		52		15		17		17		19		21		31		23		25		66		23		51		65		62		59		27		61		53		29		31		55		31		31		44		57		33		59		61		35		61		37		51		58		63		108		65		78		75		67		57		58		65		69		71		73		75		65		130		67		88		69		71		84		130		105		103		101		99		97		95		93		91		89		87		85		83		73		102		75		98		144		102		98
93		139		55		137		135		133		131		118		40		108		116		114		108		91		67		50		112		98		110		38		76		73		52		31		108		98		77		106		104		77		35		102		33		71		100		45		31		98		29		96		50		33		27		94		35		49		25		23		91		35		21		44		19		58		15		17		15		4		13		2		2		0		36		13		2		4		15		54		17		15		19		21		23		29		25		27		68		25		49		67		64		61		29		63		51		31		29		53		33		29		42		55		35		57		63		37		59		39		49		56		61		110		63		76		77		65		55		56		63		67		69		71		73		63		132		65		86		67		69		82		132		107		105		103		101		99		97		95		93		91		89		87		85		71		100		73		96		146		100		96
59		105		91		103		101		99		97		84		76		74		82		80		74		57		35		52		78		64		76		74		42		39		42		63		74		64		113		72		70		113		47		68		45		107		66		29		43		64		41		62		18		35		39		60		29		15		37		35		57		19		33		10		31		24		33		29		27		36		25		36		34		36		0		23		34		34		25		18		27		49		29		31		33		63		35		37		32		41		83		31		28		25		39		27		85		41		63		87		43		63		76		89		45		91		27		47		93		49		83		90		95		74		97		110		41		99		89		90		97		101		103		105		107		97		96		99		120		101		103		116		96		71		69		67		65		63		61		59		57		59		61		63		65		105		134		107		130		110		134		130
82		128		68		126		124		122		120		107		53		97		105		103		97		80		56		39		101		87		99		51		65		62		41		40		97		87		90		95		93		90		24		91		22		84		89		34		20		87		18		85		39		22		16		83		24		38		14		12		80		24		10		33		8		47		10		6		4		13		2		13		11		13		23		0		11		11		2		41		4		26		6		8		10		40		12		14		55		18		60		54		51		48		16		50		62		18		40		64		20		40		53		66		22		68		50		24		70		26		60		67		72		97		74		87		64		76		66		67		74		78		80		82		84		74		119		76		97		78		80		93		119		94		92		90		88		86		84		82		80		78		76		74		72		82		111		84		107		133		111		107
93		139		57		137		135		133		131		118		42		108		116		114		108		91		67		50		112		98		110		40		76		73		52		31		108		98		79		106		104		79		35		102		33		73		100		45		31		98		29		96		50		33		27		94		35		49		25		23		91		35		21		44		19		58		15		17		15		4		13		2		2		2		34		11		0		2		13		52		15		15		17		19		21		29		23		25		66		23		49		65		62		59		27		61		51		29		29		53		31		29		42		55		33		57		61		35		59		37		49		56		61		108		63		76		75		65		55		56		63		67		69		71		73		63		130		65		86		67		69		82		130		105		103		101		99		97		95		93		91		89		87		85		83		71		100		73		96		144		100		96
93		139		59		137		135		133		131		118		44		108		116		114		108		91		67		50		112		98		110		42		76		73		52		31		108		98		81		106		104		81		35		102		33		75		100		45		31		98		29		96		50		33		27		94		35		49		25		23		91		35		21		44		19		58		15		17		15		4		13		4		2		4		34		11		2		0		11		50		13		15		15		17		19		29		21		23		64		21		49		63		60		57		25		59		51		27		29		53		29		29		42		55		31		57		59		33		59		35		49		56		61		106		63		76		73		65		55		56		63		67		69		71		73		63		128		65		86		67		69		82		128		103		101		99		97		95		93		91		89		87		85		83		81		71		100		73		96		142		100		96
84		130		70		128		126		124		122		109		55		99		107		105		99		82		58		41		103		89		101		53		67		64		43		42		99		89		92		97		95		92		26		93		24		86		91		36		22		89		20		87		41		24		18		85		26		40		16		14		82		26		12		35		10		49		12		8		6		15		4		15		13		15		25		2		13		11		0		39		2		24		4		6		8		38		10		12		53		16		58		52		49		46		14		48		60		16		38		62		18		38		51		64		20		66		48		22		68		24		58		65		70		95		72		85		62		74		64		65		72		76		78		80		82		72		117		74		95		76		78		91		117		92		90		88		86		84		82		80		78		76		74		72		70		80		109		82		105		131		109		105
77		93		109		91		89		87		85		72		94		62		70		68		62		45		53		70		66		52		64		92		36		39		60		81		62		52		131		60		58		131		65		56		63		125		54		47		61		52		59		50		36		53		57		48		47		31		55		53		45		37		51		26		49		12		51		47		45		54		43		54		52		54		18		41		52		50		39		0		39		61		41		43		45		75		47		49		14		53		95		13		16		19		51		19		97		53		75		99		55		75		88		101		57		103		33		59		105		61		95		102		107		56		109		122		33		111		101		102		109		113		115		117		119		109		78		111		132		113		115		128		78		55		57		59		61		63		65		67		69		71		73		75		77		117		146		119		142		92		146		142
86		132		72		130		128		126		124		111		57		101		109		107		101		84		60		43		105		91		103		55		69		66		45		44		101		91		94		99		97		94		28		95		26		88		93		38		24		91		22		89		43		26		20		87		28		42		18		16		84		28		14		37		12		51		14		10		8		17		6		17		15		17		27		4		15		13		2		39		0		22		2		4		6		36		8		10		51		14		56		50		47		44		12		46		58		14		36		60		16		36		49		62		18		64		46		20		66		22		56		63		68		93		70		83		60		72		62		63		70		74		76		78		80		70		115		72		93		74		76		89		115		90		88		86		84		82		80		78		76		74		72		70		68		78		107		80		103		129		107		103
108		154		66		152		150		148		146		133		51		123		131		129		123		106		82		65		127		113		125		37		91		88		67		46		123		113		72		121		119		72		50		117		48		66		115		60		46		113		44		111		65		48		42		109		50		64		40		38		106		50		36		59		34		73		30		32		30		19		28		17		17		15		49		26		15		15		24		61		22		0		24		26		28		14		30		32		73		30		34		72		69		66		34		68		36		36		14		38		38		18		27		40		40		42		68		42		44		44		34		41		46		115		48		61		82		50		40		41		48		52		54		56		58		48		137		50		71		52		54		67		137		112		110		108		106		104		102		100		98		96		94		92		90		56		85		58		81		151		85		81
88		134		74		132		130		128		126		113		59		103		111		109		103		86		62		45		107		93		105		57		71		68		47		46		103		93		96		101		99		96		30		97		28		90		95		40		26		93		24		91		45		28		22		89		30		44		20		18		86		30		16		39		14		53		16		12		10		19		8		19		17		19		29		6		17		15		4		41		2		24		0		2		4		34		6		8		49		12		54		48		45		42		10		44		56		12		34		58		14		34		47		60		16		62		44		18		64		20		54		61		66		91		68		81		58		70		60		61		68		72		74		76		78		68		113		70		91		72		74		87		113		88		86		84		82		80		78		76		74		72		70		68		66		76		105		78		101		127		105		101
90		136		76		134		132		130		128		115		61		105		113		111		105		88		64		47		109		95		107		59		73		70		49		48		105		95		98		103		101		98		32		99		30		92		97		42		28		95		26		93		47		30		24		91		32		46		22		20		88		32		18		41		16		55		18		14		12		21		10		21		19		21		31		8		19		17		6		43		4		26		2		0		2		32		4		6		47		10		52		46		43		40		8		42		54		10		32		56		12		32		45		58		14		60		42		16		62		18		52		59		64		89		66		79		56		68		58		59		66		70		72		74		76		66		111		68		89		70		72		85		111		86		84		82		80		78		76		74		72		70		68		66		64		74		103		76		99		125		103		99
92		138		78		136		134		132		130		117		63		107		115		113		107		90		66		49		111		97		109		61		75		72		51		50		107		97		100		105		103		100		34		101		32		94		99		44		30		97		28		95		49		32		26		93		34		48		24		22		90		34		20		43		18		57		20		16		14		23		12		23		21		23		33		10		21		19		8		45		6		28		4		2		0		30		2		4		45		8		50		44		41		38		6		40		52		8		30		54		10		30		43		56		12		58		40		14		60		16		50		57		62		87		64		77		54		66		56		57		64		68		70		72		74		64		109		66		87		68		70		83		109		84		82		80		78		76		74		72		70		68		66		64		62		72		101		74		97		123		101		97
122		168		80		166		164		162		160		147		65		137		145		143		137		120		96		79		141		127		139		51		105		102		81		60		137		127		72		135		133		72		64		131		62		66		129		74		60		127		58		125		79		62		56		123		64		78		54		52		120		64		50		73		48		87		44		46		44		33		42		31		31		29		63		40		29		29		38		75		36		14		34		32		30		0		30		32		73		30		20		72		69		66		34		68		22		36		14		24		38		18		13		26		40		28		68		42		30		44		20		27		32		115		34		47		82		36		26		27		34		38		40		42		44		42		137		44		57		46		48		53		137		112		110		108		106		104		102		100		98		96		94		92		90		50		71		52		67		151		71		67
94		140		80		138		136		134		132		119		65		109		117		115		109		92		68		51		113		99		111		63		77		74		53		52		109		99		102		107		105		102		36		103		34		96		101		46		32		99		30		97		51		34		28		95		36		50		26		24		92		36		22		45		20		59		22		18		16		25		14		25		23		25		35		12		23		21		10		47		8		30		6		4		2		30		0		2		43		6		48		42		39		36		4		38		50		6		28		52		8		28		41		54		10		56		38		12		58		14		48		55		60		85		62		75		52		64		54		55		62		66		68		70		72		62		107		64		85		66		68		81		107		82		80		78		76		74		72		70		68		66		64		62		60		70		99		72		95		121		99		95
96		142		82		140		138		136		134		121		67		111		119		117		111		94		70		53		115		101		113		65		79		76		55		54		111		101		104		109		107		104		38		105		36		98		103		48		34		101		32		99		53		36		30		97		38		52		28		26		94		38		24		47		22		61		24		20		18		27		16		27		25		27		37		14		25		23		12		49		10		32		8		6		4		32		2		0		41		4		46		40		37		34		2		36		48		4		26		50		6		26		39		52		8		54		36		10		56		12		46		53		58		83		60		73		50		62		52		53		60		64		66		68		70		60		105		62		83		64		66		79		105		80		78		76		74		72		70		68		66		64		62		60		58		68		97		70		93		119		97		93
91		103		123		101		99		97		95		82		108		72		80		78		72		55		67		84		76		62		74		106		50		53		74		95		72		62		145		70		68		145		79		66		77		139		64		61		75		62		73		60		50		67		71		58		61		45		69		67		55		51		65		40		63		22		65		61		59		68		57		68		66		68		32		55		66		64		53		14		51		73		49		47		45		73		43		41		0		43		85		3		6		9		41		9		87		43		65		89		45		65		78		91		47		93		23		49		95		51		85		92		97		42		99		112		23		101		91		92		99		103		105		107		109		99		64		101		122		103		105		118		64		45		47		49		51		53		55		57		59		61		63		65		67		107		136		109		132		78		136		132
100		146		80		144		142		140		138		125		65		115		123		121		115		98		74		57		119		105		117		63		83		80		59		52		115		105		102		113		111		102		42		109		40		96		107		52		38		105		36		103		57		40		34		101		42		56		32		30		98		42		28		51		26		65		22		24		22		25		20		25		23		25		41		18		23		21		16		53		14		30		12		10		8		30		6		4		43		0		42		42		39		36		4		38		44		6		22		46		8		22		35		48		10		50		38		12		52		14		42		49		54		85		56		69		52		58		48		49		56		60		62		64		66		56		107		58		79		60		62		75		107		82		80		78		76		74		72		70		68		66		64		62		60		64		93		66		89		121		93		89
142		188		100		186		184		182		180		167		85		157		165		163		157		140		116		99		161		147		159		71		125		122		101		80		157		147		60		155		153		60		84		151		82		54		149		94		80		147		78		145		99		82		76		143		84		98		74		72		140		84		70		93		68		107		64		66		64		53		62		51		51		49		83		60		49		49		58		95		56		34		54		52		50		20		48		46		85		42		0		84		81		78		46		80		2		48		26		4		50		30		17		6		52		8		80		54		10		56		22		15		12		127		14		27		94		16		30		29		22		18		20		22		24		54		149		56		37		58		60		47		149		124		122		120		118		116		114		112		110		108		106		104		102		62		51		64		47		163		51		61
90		106		122		104		102		100		98		85		107		75		83		81		75		58		66		83		79		65		77		105		49		52		73		94		75		65		144		73		71		144		78		69		76		138		67		60		74		65		72		63		49		66		70		61		60		44		68		66		58		50		64		39		62		25		64		60		58		67		56		67		65		67		31		54		65		63		52		13		50		72		48		46		44		72		42		40		3		42		84		0		3		6		38		6		84		40		62		86		42		62		75		88		44		90		20		46		92		48		82		89		94		43		96		109		20		98		88		89		96		100		102		104		106		96		65		98		119		100		102		115		65		42		44		46		48		50		52		54		56		58		60		62		64		104		133		106		129		79		133		129
87		109		119		107		105		103		101		88		104		78		86		84		78		61		63		80		82		68		80		102		46		49		70		91		78		68		141		76		74		141		75		72		73		135		70		57		71		68		69		66		46		63		67		64		57		41		65		63		61		47		61		36		59		28		61		57		55		64		53		64		62		64		28		51		62		60		49		16		47		69		45		43		41		69		39		37		6		39		81		3		0		3		35		3		81		37		59		83		39		59		72		85		41		87		17		43		89		45		79		86		91		46		93		106		17		95		85		86		93		97		99		101		103		93		68		95		116		97		99		112		68		43		41		43		45		47		49		51		53		55		57		59		61		101		130		103		126		82		130		126
84		112		116		110		108		106		104		91		101		81		89		87		81		64		60		77		85		71		83		99		49		46		67		88		81		71		138		79		77		138		72		75		70		132		73		54		68		71		66		69		43		60		64		67		54		38		62		60		64		44		58		33		56		31		58		54		52		61		50		61		59		61		25		48		59		57		46		19		44		66		42		40		38		66		36		34		9		36		78		6		3		0		32		2		78		34		56		80		36		56		69		82		38		84		14		40		86		42		76		83		88		49		90		103		16		92		82		83		90		94		96		98		100		90		71		92		113		94		96		109		71		46		44		42		42		44		46		48		50		52		54		56		58		98		127		100		123		85		127		123
98		144		84		142		140		138		136		123		69		113		121		119		113		96		72		55		117		103		115		67		81		78		57		56		113		103		106		111		109		106		40		107		38		100		105		50		36		103		34		101		55		38		32		99		40		54		30		28		96		40		26		49		24		63		26		22		20		29		18		29		27		29		39		16		27		25		14		51		12		34		10		8		6		34		4		2		41		4		46		38		35		32		0		34		46		2		24		48		4		24		37		50		6		52		34		8		54		10		44		51		56		81		58		71		48		60		50		51		58		62		64		66		68		58		103		60		81		62		64		77		103		78		76		74		72		70		68		66		64		62		60		58		56		66		95		68		91		117		95		91
86		112		118		110		108		106		104		91		103		81		89		87		81		64		62		79		85		71		83		101		49		48		69		90		81		71		140		79		77		140		74		75		72		134		73		56		70		71		68		69		45		62		66		67		56		40		64		62		64		46		60		35		58		31		60		56		54		63		52		63		61		63		27		50		61		59		48		19		46		68		44		42		40		68		38		36		9		38		80		6		3		2		34		0		78		34		56		80		36		56		69		82		38		84		14		40		86		42		76		83		88		47		90		103		14		92		82		83		90		94		96		98		100		90		69		92		113		94		96		109		69		44		42		40		42		44		46		48		50		52		54		56		58		98		127		100		123		83		127		123
144		190		102		188		186		184		182		169		87		159		167		165		159		142		118		101		163		149		161		73		127		124		103		82		159		149		62		157		155		62		86		153		84		56		151		96		82		149		80		147		101		84		78		145		86		100		76		74		142		86		72		95		70		109		66		68		66		55		64		53		53		51		85		62		51		51		60		97		58		36		56		54		52		22		50		48		87		44		2		84		81		78		46		78		0		46		24		2		48		28		15		4		50		6		78		52		8		54		20		13		10		125		12		25		92		14		28		27		20		16		18		20		22		52		147		54		35		56		58		45		147		122		120		118		116		114		112		110		108		106		104		102		100		60		49		62		45		161		49		59
100		146		86		144		142		140		138		125		71		115		123		121		115		98		74		57		119		105		117		69		83		80		59		58		115		105		108		113		111		108		42		109		40		102		107		52		38		105		36		103		57		40		34		101		42		56		32		30		98		42		28		51		26		65		28		24		22		31		20		31		29		31		41		18		29		27		16		53		14		36		12		10		8		36		6		4		43		6		48		40		37		34		2		34		46		0		22		46		2		22		35		48		4		50		32		6		52		8		42		49		54		79		56		69		46		58		48		49		56		60		62		64		66		56		101		58		79		60		62		75		101		76		74		72		70		68		66		64		62		60		58		56		54		64		93		66		89		115		93		89
122		168		80		166		164		162		160		147		65		137		145		143		137		120		96		79		141		127		139		51		105		102		81		60		137		127		86		135		133		86		64		131		62		80		129		74		60		127		58		125		79		62		56		123		64		78		54		52		120		64		50		73		48		87		44		46		44		33		42		31		31		29		63		40		29		29		38		75		36		14		34		32		30		14		28		26		65		22		26		62		59		56		24		56		24		22		0		24		24		4		13		26		26		28		54		28		30		30		20		27		32		101		34		47		68		36		26		27		34		38		40		42		44		34		123		36		57		38		40		53		123		98		96		94		92		90		88		86		84		82		80		78		76		42		71		44		67		137		71		67
146		192		104		190		188		186		184		171		89		161		169		167		161		144		120		103		165		151		163		75		129		126		105		84		161		151		64		159		157		64		88		155		86		58		153		98		84		151		82		149		103		86		80		147		88		102		78		76		144		88		74		97		72		111		68		70		68		57		66		55		55		53		87		64		53		53		62		99		60		38		58		56		54		24		52		50		89		46		4		86		83		80		48		80		2		46		24		0		46		26		13		2		48		4		76		50		6		52		18		11		8		123		10		23		90		12		26		25		18		14		16		18		20		50		145		52		33		54		56		43		145		120		118		116		114		112		110		108		106		104		102		100		98		58		47		60		43		159		47		57
102		148		88		146		144		142		140		127		73		117		125		123		117		100		76		59		121		107		119		71		85		82		61		60		117		107		110		115		113		110		44		111		42		104		109		54		40		107		38		105		59		42		36		103		44		58		34		32		100		44		30		53		28		67		30		26		24		33		22		33		31		33		43		20		31		29		18		55		16		38		14		12		10		38		8		6		45		8		50		42		39		36		4		36		48		2		24		46		0		20		33		46		2		48		30		4		50		6		40		47		52		77		54		67		44		56		46		47		54		58		60		62		64		54		99		56		77		58		60		73		99		74		72		70		68		66		64		62		60		58		56		54		52		62		91		64		87		113		91		87
122		168		80		166		164		162		160		147		65		137		145		143		137		120		96		79		141		127		139		51		105		102		81		60		137		127		90		135		133		90		64		131		62		84		129		74		60		127		58		125		79		62		56		123		64		78		54		52		120		64		50		73		48		87		44		46		44		33		42		31		31		29		63		40		29		29		38		75		36		18		34		32		30		18		28		26		65		22		30		62		59		56		24		56		28		22		4		26		20		0		13		26		22		28		50		24		30		26		20		27		32		97		34		47		64		36		26		27		34		38		40		42		44		34		119		36		57		38		40		53		119		94		92		90		88		86		84		82		80		78		76		74		72		42		71		44		67		133		71		67
135		181		93		179		177		175		173		160		78		150		158		156		150		133		109		92		154		140		152		64		118		115		94		73		150		140		77		148		146		77		77		144		75		71		142		87		73		140		71		138		92		75		69		136		77		91		67		65		133		77		63		86		61		100		57		59		57		46		55		44		44		42		76		53		42		42		51		88		49		27		47		45		43		13		41		39		78		35		17		75		72		69		37		69		15		35		13		13		33		13		0		13		35		15		63		37		17		39		7		14		19		110		21		34		77		23		13		14		21		25		27		29		31		37		132		39		44		41		43		40		132		107		105		103		101		99		97		95		93		91		89		87		85		45		58		47		54		146		58		54
148		194		106		192		190		188		186		173		91		163		171		169		163		146		122		105		167		153		165		77		131		128		107		86		163		153		66		161		159		66		90		157		88		60		155		100		86		153		84		151		105		88		82		149		90		104		80		78		146		90		76		99		74		113		70		72		70		59		68		57		57		55		89		66		55		55		64		101		62		40		60		58		56		26		54		52		91		48		6		88		85		82		50		82		4		48		26		2		46		26		13		0		46		2		74		48		4		50		16		9		6		121		8		21		88		10		24		23		16		12		14		16		18		48		143		50		31		52		54		41		143		118		116		114		112		110		108		106		104		102		100		98		96		56		45		58		41		157		45		55
104		150		90		148		146		144		142		129		75		119		127		125		119		102		78		61		123		109		121		73		87		84		63		62		119		109		112		117		115		112		46		113		44		106		111		56		42		109		40		107		61		44		38		105		46		60		36		34		102		46		32		55		30		69		32		28		26		35		24		35		33		35		45		22		33		31		20		57		18		40		16		14		12		40		10		8		47		10		52		44		41		38		6		38		50		4		26		48		2		22		35		46		0		46		28		2		48		4		38		45		50		75		52		65		42		54		44		45		52		56		58		60		62		52		97		54		75		56		58		71		97		72		70		68		66		64		62		60		58		56		54		52		50		60		89		62		85		111		89		85
150		196		108		194		192		190		188		175		93		165		173		171		165		148		124		107		169		155		167		79		133		130		109		88		165		155		68		163		161		68		92		159		90		62		157		102		88		155		86		153		107		90		84		151		92		106		82		80		148		92		78		101		76		115		72		74		72		61		70		59		59		57		91		68		57		57		66		103		64		42		62		60		58		28		56		54		93		50		8		90		87		84		52		84		6		50		28		4		48		28		15		2		46		0		72		46		2		48		14		7		4		119		6		19		86		8		22		21		14		10		12		14		16		46		141		48		29		50		52		39		141		116		114		112		110		108		106		104		102		100		98		96		94		54		43		56		39		155		43		53
86		126		118		124		122		120		118		105		103		95		103		101		95		78		62		79		99		85		97		101		63		60		69		90		95		85		140		93		91		140		74		89		72		134		87		56		70		85		68		83		45		62		66		81		56		40		64		62		78		46		60		35		58		45		60		56		54		63		52		63		61		63		27		50		61		59		48		33		46		68		44		42		40		68		38		36		23		38		80		20		17		14		34		14		78		32		54		76		30		50		63		74		28		72		0		26		72		28		62		69		74		47		76		89		14		78		68		69		76		80		82		84		86		76		69		78		99		80		82		95		69		44		42		40		38		36		34		34		36		38		40		42		44		84		113		86		109		83		113		109
106		152		92		150		148		146		144		131		77		121		129		127		121		104		80		63		125		111		123		75		89		86		65		64		121		111		114		119		117		114		48		115		46		108		113		58		44		111		42		109		63		46		40		107		48		62		38		36		104		48		34		57		32		71		34		30		28		37		26		37		35		37		47		24		35		33		22		59		20		42		18		16		14		42		12		10		49		12		54		46		43		40		8		40		52		6		28		50		4		24		37		48		2		46		26		0		46		2		36		43		48		73		50		63		40		52		42		43		50		54		56		58		60		50		95		52		73		54		56		69		95		70		68		66		64		62		60		58		56		54		52		50		48		58		87		60		83		109		87		83
152		198		110		196		194		192		190		177		95		167		175		173		167		150		126		109		171		157		169		81		135		132		111		90		167		157		70		165		163		70		94		161		92		64		159		104		90		157		88		155		109		92		86		153		94		108		84		82		150		94		80		103		78		117		74		76		74		63		72		61		61		59		93		70		59		59		68		105		66		44		64		62		60		30		58		56		95		52		10		92		89		86		54		86		8		52		30		6		50		30		17		4		48		2		72		46		0		46		12		5		2		117		4		17		84		6		20		19		12		8		10		12		14		44		139		46		27		48		50		37		139		114		112		110		108		106		104		102		100		98		96		94		92		52		41		54		37		153		41		51
108		154		94		152		150		148		146		133		79		123		131		129		123		106		82		65		127		113		125		77		91		88		67		66		123		113		116		121		119		116		50		117		48		110		115		60		46		113		44		111		65		48		42		109		50		64		40		38		106		50		36		59		34		73		36		32		30		39		28		39		37		39		49		26		37		35		24		61		22		44		20		18		16		44		14		12		51		14		56		48		45		42		10		42		54		8		30		52		6		26		39		50		4		48		28		2		46		0		34		41		46		71		48		61		38		50		40		41		48		52		54		56		58		48		93		50		71		52		54		67		93		68		66		64		62		60		58		56		54		52		50		48		46		56		85		58		81		107		85		81
142		188		100		186		184		182		180		167		85		157		165		163		157		140		116		99		161		147		159		71		125		122		101		80		157		147		82		155		153		82		84		151		82		76		149		94		80		147		78		145		99		82		76		143		84		98		74		72		140		84		70		93		68		107		64		66		64		53		62		51		51		49		83		60		49		49		58		95		56		34		54		52		50		20		48		46		85		42		22		82		79		76		44		76		20		42		20		18		40		20		7		16		38		14		62		36		12		34		0		7		12		105		14		27		72		16		8		7		14		18		20		22		24		32		127		34		37		36		38		33		127		102		100		98		96		94		92		90		88		86		84		82		80		40		51		42		47		141		51		47
149		195		107		193		191		189		187		174		92		164		172		170		164		147		123		106		168		154		166		78		132		129		108		87		164		154		75		162		160		75		91		158		89		69		156		101		87		154		85		152		106		89		83		150		91		105		81		79		147		91		77		100		75		114		71		73		71		60		69		58		58		56		90		67		56		56		65		102		63		41		61		59		57		27		55		53		92		49		15		89		86		83		51		83		13		49		27		11		47		27		14		9		45		7		69		43		5		41		7		0		5		112		7		20		79		9		15		14		7		11		13		15		17		39		134		41		30		43		45		32		134		109		107		105		103		101		99		97		95		93		91		89		87		47		44		49		40		148		44		46
154		200		112		198		196		194		192		179		97		169		177		175		169		152		128		111		173		159		171		83		137		134		113		92		169		159		72		167		165		72		96		163		94		66		161		106		92		159		90		157		111		94		88		155		96		110		86		84		152		96		82		105		80		119		76		78		76		65		74		63		63		61		95		72		61		61		70		107		68		46		66		64		62		32		60		58		97		54		12		94		91		88		56		88		10		54		32		8		52		32		19		6		50		4		74		48		2		46		12		5		0		115		2		15		82		4		18		17		10		6		8		10		12		42		137		44		25		46		48		35		137		112		110		108		106		104		102		100		98		96		94		92		90		50		39		52		35		151		39		49
133		87		165		85		83		81		79		68		150		76		66		64		68		85		109		126		62		76		60		148		92		95		116		137		58		66		187		56		54		187		121		52		119		181		50		103		117		48		115		46		92		109		113		44		103		87		111		109		39		93		107		82		105		64		107		103		101		110		99		110		108		110		74		97		108		106		95		56		93		115		91		89		87		115		85		83		42		85		127		43		46		49		81		47		125		79		101		123		77		97		110		121		75		119		47		73		117		71		105		112		115		0		115		128		39		117		107		108		115		119		121		123		125		115		22		117		138		119		121		134		36		61		63		65		67		69		71		73		75		77		79		81		83		123		152		125		148		36		152		148
156		202		114		200		198		196		194		181		99		171		179		177		171		154		130		113		175		161		173		85		139		136		115		94		171		161		74		169		167		74		98		165		96		68		163		108		94		161		92		159		113		96		90		157		98		112		88		86		154		98		84		107		82		121		78		80		78		67		76		65		65		63		97		74		63		63		72		109		70		48		68		66		64		34		62		60		99		56		14		96		93		90		58		90		12		56		34		10		54		34		21		8		52		6		76		50		4		48		14		7		2		115		0		13		80		2		16		15		8		4		6		8		10		40		135		42		23		44		46		33		135		110		108		106		104		102		100		98		96		94		92		90		88		48		37		50		33		149		37		47
169		215		127		213		211		209		207		194		112		184		192		190		184		167		143		126		188		174		186		98		152		149		128		107		184		174		63		182		180		63		111		178		109		57		176		121		107		174		105		172		126		109		103		170		111		125		101		99		167		111		97		120		95		134		91		93		91		80		89		78		78		76		110		87		76		76		85		122		83		61		81		79		77		47		75		73		112		69		27		109		106		103		71		103		25		69		47		23		67		47		34		21		65		19		89		63		17		61		27		20		15		128		13		0		91		13		27		26		19		15		17		19		21		51		146		53		32		55		57		44		146		121		119		117		115		113		111		109		107		105		103		101		99		59		32		61		44		160		46		58
100		126		132		124		122		120		118		105		117		95		103		101		95		78		76		93		99		85		97		115		63		62		83		104		95		85		154		93		91		154		88		89		86		148		87		70		84		85		82		83		59		76		80		81		70		54		78		76		78		60		74		49		72		45		74		70		68		77		66		77		75		77		41		64		75		73		62		33		60		82		58		56		54		82		52		50		23		52		94		20		17		16		48		14		92		46		68		90		44		64		77		88		42		86		14		40		84		38		72		79		82		39		80		91		0		78		68		69		76		80		82		84		86		76		55		78		99		80		82		95		55		30		28		26		28		30		32		34		36		38		40		42		44		84		113		86		109		69		113		109
158		204		116		202		200		198		196		183		101		173		181		179		173		156		132		115		177		163		175		87		141		138		117		96		173		163		76		171		169		76		100		167		98		70		165		110		96		163		94		161		115		98		92		159		100		114		90		88		156		100		86		109		84		123		80		82		80		69		78		67		67		65		99		76		65		65		74		111		72		50		70		68		66		36		64		62		101		58		16		98		95		92		60		92		14		58		36		12		56		36		23		10		54		8		78		52		6		50		16		9		4		117		2		13		78		0		14		13		6		2		4		6		8		38		133		40		21		42		44		31		133		108		106		104		102		100		98		96		94		92		90		88		86		46		35		48		31		147		35		45
148		194		106		192		190		188		186		173		91		163		171		169		163		146		122		105		167		153		165		77		131		128		107		86		163		153		90		161		159		90		90		157		88		84		155		100		86		153		84		151		105		88		82		149		90		104		80		78		146		90		76		99		74		113		70		72		70		59		68		57		57		55		89		66		55		55		64		101		62		40		60		58		56		26		54		52		91		48		30		88		85		82		50		82		28		48		26		26		46		26		13		24		44		22		68		42		20		40		8		15		18		107		16		27		68		14		0		1		8		12		14		16		18		24		119		26		31		28		30		27		119		94		92		90		88		86		84		82		80		78		76		74		72		32		45		34		41		133		45		41
149		195		107		193		191		189		187		174		92		164		172		170		164		147		123		106		168		154		166		78		132		129		108		87		164		154		89		162		160		89		91		158		89		83		156		101		87		154		85		152		106		89		83		150		91		105		81		79		147		91		77		100		75		114		71		73		71		60		69		58		58		56		90		67		56		56		65		102		63		41		61		59		57		27		55		53		92		49		29		89		86		83		51		83		27		49		27		25		47		27		14		23		45		21		69		43		19		41		7		14		17		108		15		26		69		13		1		0		7		11		13		15		17		25		120		27		30		29		31		26		120		95		93		91		89		87		85		83		81		79		77		75		73		33		44		35		40		134		44		40
156		202		114		200		198		196		194		181		99		171		179		177		171		154		130		113		175		161		173		85		139		136		115		94		171		161		82		169		167		82		98		165		96		76		163		108		94		161		92		159		113		96		90		157		98		112		88		86		154		98		84		107		82		121		78		80		78		67		76		65		65		63		97		74		63		63		72		109		70		48		68		66		64		34		62		60		99		56		22		96		93		90		58		90		20		56		34		18		54		34		21		16		52		14		76		50		12		48		14		7		10		115		8		19		76		6		8		7		0		4		6		8		10		32		127		34		23		36		38		25		127		102		100		98		96		94		92		90		88		86		84		82		80		40		37		42		33		141		37		39
160		206		118		204		202		200		198		185		103		175		183		181		175		158		134		117		179		165		177		89		143		140		119		98		175		165		78		173		171		78		102		169		100		72		167		112		98		165		96		163		117		100		94		161		102		116		92		90		158		102		88		111		86		125		82		84		82		71		80		69		69		67		101		78		67		67		76		113		74		52		72		70		68		38		66		64		103		60		18		100		97		94		62		94		16		60		38		14		58		38		25		12		56		10		80		54		8		52		18		11		6		119		4		15		80		2		12		11		4		0		2		4		6		36		131		38		19		40		42		29		131		106		104		102		100		98		96		94		92		90		88		86		84		44		33		46		29		145		33		43
162		208		120		206		204		202		200		187		105		177		185		183		177		160		136		119		181		167		179		91		145		142		121		100		177		167		80		175		173		80		104		171		102		74		169		114		100		167		98		165		119		102		96		163		104		118		94		92		160		104		90		113		88		127		84		86		84		73		82		71		71		69		103		80		69		69		78		115		76		54		74		72		70		40		68		66		105		62		20		102		99		96		64		96		18		62		40		16		60		40		27		14		58		12		82		56		10		54		20		13		8		121		6		17		82		4		14		13		6		2		0		2		4		34		129		36		17		38		40		27		129		104		102		100		98		96		94		92		90		88		86		84		82		42		31		44		27		143		31		41
164		210		122		208		206		204		202		189		107		179		187		185		179		162		138		121		183		169		181		93		147		144		123		102		179		169		82		177		175		82		106		173		104		76		171		116		102		169		100		167		121		104		98		165		106		120		96		94		162		106		92		115		90		129		86		88		86		75		84		73		73		71		105		82		71		71		80		117		78		56		76		74		72		42		70		68		107		64		22		104		101		98		66		98		20		64		42		18		62		42		29		16		60		14		84		58		12		56		22		15		10		123		8		19		84		6		16		15		8		4		2		0		2		32		127		34		15		36		38		25		127		102		100		98		96		94		92		90		88		86		84		82		80		40		29		42		25		141		29		39
166		212		124		210		208		206		204		191		109		181		189		187		181		164		140		123		185		171		183		95		149		146		125		104		181		171		84		179		177		84		108		175		106		78		173		118		104		171		102		169		123		106		100		167		108		122		98		96		164		108		94		117		92		131		88		90		88		77		86		75		75		73		107		84		73		73		82		119		80		58		78		76		74		44		72		70		109		66		24		106		103		100		68		100		22		66		44		20		64		44		31		18		62		16		86		60		14		58		24		17		12		125		10		21		86		8		18		17		10		6		4		2		0		30		125		32		13		34		36		23		125		100		98		96		94		92		90		88		86		84		82		80		78		38		27		40		23		139		27		37
156		202		114		200		198		196		194		181		99		171		179		177		171		154		130		113		175		161		173		85		139		136		115		94		171		161		114		169		167		114		98		165		96		108		163		108		94		161		92		159		113		96		90		157		98		112		88		86		154		98		84		107		82		121		78		80		78		67		76		65		65		63		97		74		63		63		72		109		70		48		68		66		64		42		62		60		99		56		54		96		93		90		58		90		52		56		34		50		54		34		37		48		52		46		76		50		44		48		32		39		42		115		40		51		76		38		24		25		32		36		34		32		30		0		95		2		23		4		6		19		95		70		68		66		64		62		60		58		56		54		52		50		48		8		37		10		33		109		37		33
155		109		187		107		105		103		101		90		172		98		88		86		90		107		131		148		84		98		82		170		114		117		138		159		80		88		209		78		76		209		143		74		141		203		72		125		139		70		137		68		114		131		135		66		125		109		133		131		61		115		129		104		127		86		129		125		123		132		121		132		130		132		96		119		130		128		117		78		115		137		113		111		109		137		107		105		64		107		149		65		68		71		103		69		147		101		123		145		99		119		132		143		97		141		69		95		139		93		127		134		137		22		135		146		55		133		119		120		127		131		129		127		125		95		0		95		116		97		99		112		14		39		41		43		45		47		49		51		53		55		57		59		61		101		130		103		126		14		130		126
158		204		116		202		200		198		196		183		101		173		181		179		173		156		132		115		177		163		175		87		141		138		117		96		173		163		116		171		169		116		100		167		98		110		165		110		96		163		94		161		115		98		92		159		100		114		90		88		156		100		86		109		84		123		80		82		80		69		78		67		67		65		99		76		65		65		74		111		72		50		70		68		66		44		64		62		101		58		56		98		95		92		60		92		54		58		36		52		56		36		39		50		54		48		78		52		46		50		34		41		44		117		42		53		78		40		26		27		34		38		36		34		32		2		95		0		21		2		4		17		93		68		66		64		62		60		58		56		54		52		50		48		46		6		35		8		31		107		35		31
179		225		137		223		221		219		217		204		122		194		202		200		194		177		153		136		198		184		196		108		162		159		138		117		194		184		95		192		190		95		121		188		119		89		186		131		117		184		115		182		136		119		113		180		121		135		111		109		177		121		107		130		105		144		101		103		101		90		99		88		88		86		120		97		86		86		95		132		93		71		91		89		87		57		85		83		122		79		37		119		116		113		81		113		35		79		57		33		77		57		44		31		75		29		99		73		27		71		37		30		25		138		23		32		99		21		31		30		23		19		17		15		13		23		116		21		0		23		25		12		114		89		87		85		83		81		79		77		75		73		71		69		67		27		14		29		12		128		14		26
160		206		118		204		202		200		198		185		103		175		183		181		175		158		134		117		179		165		177		89		143		140		119		98		175		165		118		173		171		118		102		169		100		112		167		112		98		165		96		163		117		100		94		161		102		116		92		90		158		102		88		111		86		125		82		84		82		71		80		69		69		67		101		78		67		67		76		113		74		52		72		70		68		46		66		64		103		60		58		100		97		94		62		94		56		60		38		54		58		38		41		52		56		50		80		54		48		52		36		43		46		119		44		55		80		42		28		29		36		40		38		36		34		4		97		2		23		0		2		15		91		66		64		62		60		58		56		54		52		50		48		46		44		4		33		6		29		105		33		29
162		208		120		206		204		202		200		187		105		177		185		183		177		160		136		119		181		167		179		91		145		142		121		100		177		167		120		175		173		120		104		171		102		114		169		114		100		167		98		165		119		102		96		163		104		118		94		92		160		104		90		113		88		127		84		86		84		73		82		71		71		69		103		80		69		69		78		115		76		54		74		72		70		48		68		66		105		62		60		102		99		96		64		96		58		62		40		56		60		40		43		54		58		52		82		56		50		54		38		45		48		121		46		57		82		44		30		31		38		42		40		38		36		6		99		4		25		2		0		13		89		64		62		60		58		56		54		52		50		48		46		44		42		2		31		4		27		103		31		27
175		221		133		219		217		215		213		200		118		190		198		196		190		173		149		132		194		180		192		104		158		155		134		113		190		180		107		188		186		107		117		184		115		101		182		127		113		180		111		178		132		115		109		176		117		131		107		105		173		117		103		126		101		140		97		99		97		86		95		84		84		82		116		93		82		82		91		128		89		67		87		85		83		53		81		79		118		75		47		115		112		109		77		109		45		75		53		43		73		53		40		41		71		39		95		69		37		67		33		32		35		134		33		44		95		31		27		26		25		29		27		25		23		19		112		17		12		15		13		0		102		77		75		73		71		69		67		65		63		61		59		57		55		15		18		17		14		116		18		14
155		123		187		121		119		117		115		102		172		98		100		98		92		107		131		148		96		98		94		170		114		117		138		159		92		88		209		90		88		209		143		86		141		203		84		125		139		82		137		80		114		131		135		78		125		109		133		131		75		115		129		104		127		86		129		125		123		132		121		132		130		132		96		119		130		128		117		78		115		137		113		111		109		137		107		105		64		107		149		65		68		71		103		69		147		101		123		145		99		119		132		143		97		141		69		95		139		93		127		134		137		36		135		146		55		133		119		120		127		131		129		127		125		95		14		93		114		91		89		102		0		25		27		29		31		33		35		37		39		41		43		45		47		87		116		89		112		14		116		112
130		148		162		146		144		142		140		127		147		117		125		123		117		100		106		123		121		107		119		145		89		92		113		134		117		107		184		115		113		184		118		111		116		178		109		100		114		107		112		105		89		106		110		103		100		84		108		106		100		90		104		79		102		67		104		100		98		107		96		107		105		107		71		94		105		103		92		55		90		112		88		86		84		112		82		80		45		82		124		42		43		46		78		44		122		76		98		120		74		94		107		118		72		116		44		70		114		68		102		109		112		61		110		121		30		108		94		95		102		106		104		102		100		70		39		68		89		66		64		77		25		0		2		4		6		8		10		12		14		16		18		20		22		62		91		64		87		39		91		87
128		150		160		148		146		144		142		129		145		119		127		125		119		102		104		121		123		109		121		143		87		90		111		132		119		109		182		117		115		182		116		113		114		176		111		98		112		109		110		107		87		104		108		105		98		82		106		104		102		88		102		77		100		69		102		98		96		105		94		105		103		105		69		92		103		101		90		57		88		110		86		84		82		110		80		78		47		80		122		44		41		44		76		42		120		74		96		118		72		92		105		116		70		114		42		68		112		66		100		107		110		63		108		119		28		106		92		93		100		104		102		100		98		68		41		66		87		64		62		75		27		2		0		2		4		6		8		10		12		14		16		18		20		60		89		62		85		41		89		85
126		152		158		150		148		146		144		131		143		121		129		127		121		104		102		119		125		111		123		141		89		88		109		130		121		111		180		119		117		180		114		115		112		174		113		96		110		111		108		109		85		102		106		107		96		80		104		102		104		86		100		75		98		71		100		96		94		103		92		103		101		103		67		90		101		99		88		59		86		108		84		82		80		108		78		76		49		78		120		46		43		42		74		40		118		72		94		116		70		90		103		114		68		112		40		66		110		64		98		105		108		65		106		117		26		104		90		91		98		102		100		98		96		66		43		64		85		62		60		73		29		4		2		0		2		4		6		8		10		12		14		16		18		58		87		60		83		43		87		83
124		154		156		152		150		148		146		133		141		123		131		129		123		106		100		117		127		113		125		139		91		88		107		128		123		113		178		121		119		178		112		117		110		172		115		94		108		113		106		111		83		100		104		109		94		78		102		100		106		84		98		73		96		73		98		94		92		101		90		101		99		101		65		88		99		97		86		61		84		106		82		80		78		106		76		74		51		76		118		48		45		42		72		42		116		70		92		114		68		88		101		112		66		110		38		64		108		62		96		103		106		67		104		115		28		102		88		89		96		100		98		96		94		64		45		62		83		60		58		71		31		6		4		2		0		2		4		6		8		10		12		14		16		56		85		58		81		45		85		81
122		156		154		154		152		150		148		135		139		125		133		131		125		108		98		115		129		115		127		137		93		90		105		126		125		115		176		123		121		176		110		119		108		170		117		92		106		115		104		113		81		98		102		111		92		76		100		98		108		82		96		71		94		75		96		92		90		99		88		99		97		99		63		86		97		95		84		63		82		104		80		78		76		104		74		72		53		74		116		50		47		44		70		44		114		68		90		112		66		86		99		110		64		108		36		62		106		60		94		101		104		69		102		113		30		100		86		87		94		98		96		94		92		62		47		60		81		58		56		69		33		8		6		4		2		0		2		4		6		8		10		12		14		54		83		56		79		47		83		79
120		158		152		156		154		152		150		137		137		127		135		133		127		110		96		113		131		117		129		135		95		92		103		124		127		117		174		125		123		174		108		121		106		168		119		90		104		117		102		115		79		96		100		113		90		74		98		96		110		80		94		69		92		77		94		90		88		97		86		97		95		97		61		84		95		93		82		65		80		102		78		76		74		102		72		70		55		72		114		52		49		46		68		46		112		66		88		110		64		84		97		108		62		106		34		60		104		58		92		99		102		71		100		111		32		98		84		85		92		96		94		92		90		60		49		58		79		56		54		67		35		10		8		6		4		2		0		2		4		6		8		10		12		52		81		54		77		49		81		77
118		160		150		158		156		154		152		139		135		129		137		135		129		112		94		111		133		119		131		133		97		94		101		122		129		119		172		127		125		172		106		123		104		166		121		88		102		119		100		117		77		94		98		115		88		72		96		94		112		78		92		67		90		79		92		88		86		95		84		95		93		95		59		82		93		91		80		67		78		100		76		74		72		100		70		68		57		70		112		54		51		48		66		48		110		64		86		108		62		82		95		106		60		104		34		58		102		56		90		97		100		73		98		109		34		96		82		83		90		94		92		90		88		58		51		56		77		54		52		65		37		12		10		8		6		4		2		0		2		4		6		8		10		50		79		52		75		51		79		75
116		162		148		160		158		156		154		141		133		131		139		137		131		114		92		109		135		121		133		131		99		96		99		120		131		121		170		129		127		170		104		125		102		164		123		86		100		121		98		119		75		92		96		117		86		72		94		92		114		76		90		67		88		81		90		86		84		93		82		93		91		93		57		80		91		89		78		69		76		98		74		72		70		98		68		66		59		68		110		56		53		50		64		50		108		62		84		106		60		80		93		104		58		102		36		56		100		54		88		95		98		75		96		107		36		94		80		81		88		92		90		88		86		56		53		54		75		52		50		63		39		14		12		10		8		6		4		2		0		2		4		6		8		48		77		50		73		53		77		73
118		164		146		162		160		158		156		143		131		133		141		139		133		116		92		107		137		123		135		129		101		98		97		118		133		123		168		131		129		168		102		127		100		162		125		84		98		123		96		121		75		90		94		119		84		74		92		90		116		74		88		69		86		83		88		84		82		91		80		91		89		91		59		78		89		87		76		71		74		96		72		70		68		96		66		64		61		66		108		58		55		52		62		52		106		60		82		104		58		78		91		102		56		100		38		54		98		52		86		93		96		77		94		105		38		92		78		79		86		90		88		86		84		54		55		52		73		50		48		61		41		16		14		12		10		8		6		4		2		0		2		4		6		46		75		48		71		55		75		71
120		166		144		164		162		160		158		145		129		135		143		141		135		118		94		105		139		125		137		127		103		100		95		116		135		125		166		133		131		166		100		129		98		160		127		82		96		125		94		123		77		88		92		121		82		76		90		88		118		72		86		71		84		85		86		82		80		89		78		89		87		89		61		76		87		85		74		73		72		94		70		68		66		94		64		62		63		64		106		60		57		54		60		54		104		58		80		102		56		76		89		100		54		98		40		52		96		50		84		91		94		79		92		103		40		90		76		77		84		88		86		84		82		52		57		50		71		48		46		59		43		18		16		14		12		10		8		6		4		2		0		2		4		44		73		46		69		57		73		69
122		168		142		166		164		162		160		147		127		137		145		143		137		120		96		103		141		127		139		125		105		102		93		114		137		127		164		135		133		164		98		131		96		158		129		80		94		127		92		125		79		86		90		123		80		78		88		86		120		70		84		73		82		87		84		80		78		87		76		87		85		87		63		74		85		83		72		75		70		92		68		66		64		92		62		60		65		62		104		62		59		56		58		56		102		56		78		100		54		74		87		98		52		96		42		50		94		48		82		89		92		81		90		101		42		88		74		75		82		86		84		82		80		50		59		48		69		46		44		57		45		20		18		16		14		12		10		8		6		4		2		0		2		42		71		44		67		59		71		67
124		170		140		168		166		164		162		149		125		139		147		145		139		122		98		101		143		129		141		123		107		104		91		112		139		129		162		137		135		162		96		133		94		156		131		78		92		129		90		127		81		84		88		125		78		80		86		84		122		68		82		75		80		89		82		78		76		85		74		85		83		85		65		72		83		81		70		77		68		90		66		64		62		90		60		58		67		60		102		64		61		58		56		58		100		54		76		98		52		72		85		96		50		94		44		48		92		46		80		87		90		83		88		99		44		86		72		73		80		84		82		80		78		48		61		46		67		44		42		55		47		22		20		18		16		14		12		10		8		6		4		2		0		40		69		42		65		61		69		65
164		210		122		208		206		204		202		189		107		179		187		185		179		162		138		121		183		169		181		93		147		144		123		102		179		169		122		177		175		122		106		173		104		116		171		116		102		169		100		167		121		104		98		165		106		120		96		94		162		106		92		115		90		129		86		88		86		75		84		73		73		71		105		82		71		71		80		117		78		56		76		74		72		50		70		68		107		64		62		104		101		98		66		98		60		64		42		58		62		42		45		56		60		54		84		58		52		56		40		47		50		123		48		59		84		46		32		33		40		44		42		40		38		8		101		6		27		4		2		15		87		62		60		58		56		54		52		50		48		46		44		42		40		0		29		2		25		101		29		25
193		239		151		237		235		233		231		218		136		208		216		214		208		191		167		150		212		198		210		122		176		173		152		131		208		198		95		206		204		95		135		202		133		89		200		145		131		198		129		196		150		133		127		194		135		149		125		123		191		135		121		144		119		158		115		117		115		104		113		102		102		100		134		111		100		100		109		146		107		85		105		103		101		71		99		97		136		93		51		133		130		127		95		127		49		93		71		47		91		71		58		45		89		43		113		87		41		85		51		44		39		152		37		32		113		35		45		44		37		33		31		29		27		37		130		35		14		33		31		18		116		91		89		87		85		83		81		79		77		75		73		71		69		29		0		29		12		128		14		26
166		212		124		210		208		206		204		191		109		181		189		187		181		164		140		123		185		171		183		95		149		146		125		104		181		171		124		179		177		124		108		175		106		118		173		118		104		171		102		169		123		106		100		167		108		122		98		96		164		108		94		117		92		131		88		90		88		77		86		75		75		73		107		84		73		73		82		119		80		58		78		76		74		52		72		70		109		66		64		106		103		100		68		100		62		66		44		60		64		44		47		58		62		56		86		60		54		58		42		49		52		125		50		61		86		48		34		35		42		46		44		42		40		10		103		8		29		6		4		17		89		64		62		60		58		56		54		52		50		48		46		44		42		2		29		0		23		99		27		23
189		235		147		233		231		229		227		214		132		204		212		210		204		187		163		146		208		194		206		118		172		169		148		127		204		194		107		202		200		107		131		198		129		101		196		141		127		194		125		192		146		129		123		190		131		145		121		119		187		131		117		140		115		154		111		113		111		100		109		98		98		96		130		107		96		96		105		142		103		81		101		99		97		67		95		93		132		89		47		129		126		123		91		123		45		89		67		43		87		67		54		41		85		39		109		83		37		81		47		40		35		148		33		44		109		31		41		40		33		29		27		25		23		33		126		31		12		29		27		14		112		87		85		83		81		79		77		75		73		71		69		67		65		25		12		23		0		116		4		14
169		123		201		121		119		117		115		104		186		112		102		100		104		121		145		162		98		112		96		184		128		131		152		173		94		102		223		92		90		223		157		88		155		217		86		139		153		84		151		82		128		145		149		80		139		123		147		145		75		129		143		118		141		100		143		139		137		146		135		146		144		146		110		133		144		142		131		92		129		151		127		125		123		151		121		119		78		121		163		79		82		85		117		83		161		115		137		159		113		133		146		157		111		155		83		109		153		107		141		148		151		36		149		160		69		147		133		134		141		145		143		141		139		109		14		107		128		105		103		116		14		39		41		43		45		47		49		51		53		55		57		59		61		101		128		99		116		0		116		112
193		239		151		237		235		233		231		218		136		208		216		214		208		191		167		150		212		198		210		122		176		173		152		131		208		198		109		206		204		109		135		202		133		103		200		145		131		198		129		196		150		133		127		194		135		149		125		123		191		135		121		144		119		158		115		117		115		104		113		102		102		100		134		111		100		100		109		146		107		85		105		103		101		71		99		97		136		93		51		133		130		127		95		127		49		93		71		47		91		71		58		45		89		43		113		87		41		85		51		44		39		152		37		46		113		35		45		44		37		33		31		29		27		37		130		35		14		33		31		18		116		91		89		87		85		83		81		79		77		75		73		71		69		29		14		27		4		116		0		12
189		235		147		233		231		229		227		214		132		204		212		210		204		187		163		146		208		194		206		118		172		169		148		127		204		194		121		202		200		121		131		198		129		115		196		141		127		194		125		192		146		129		123		190		131		145		121		119		187		131		117		140		115		154		111		113		111		100		109		98		98		96		130		107		96		96		105		142		103		81		101		99		97		67		95		93		132		89		61		129		126		123		91		123		59		89		67		57		87		67		54		55		85		53		109		83		51		81		47		46		49		148		47		58		109		45		41		40		39		43		41		39		37		33		126		31		26		29		27		14		112		87		85		83		81		79		77		75		73		71		69		67		65		25		26		23		14		112		12		0
