140
0		20		17		15		17		19		21		23		25		27		29		31		33		35		37		39		41		43		45		47		23		20		22		16		97		99		27		21		101		103		65		105		67		107		69		109		71		111		73		27		75		119		122		102		104		123		126		104		106		106		108		106		108		110		63		58		54		55		108		110		55		56		108		110		110		110		68		63		65		65		71		97		99		101		103		105		107		109		111		113		115		65		67		69		110		67		69		71		69		71		73		102		104		106		89		104		106		108		124		106		108		110		155		164		124		162		165		176		99		97		95		93		176		184		185		126		127		145		147		120		127		128		143		182		147		149		199		120		196		165		130		199		171		196		171		150		155		149		155		160
20		0		3		23		25		27		29		31		33		35		37		39		41		43		45		47		49		51		53		55		3		6		6		12		105		107		11		17		109		111		73		113		75		115		77		117		79		119		81		35		83		127		130		110		112		131		134		112		114		114		116		114		116		118		43		38		62		63		116		118		63		64		116		118		118		118		48		43		45		45		51		105		107		109		111		113		115		117		119		121		123		73		75		77		118		75		77		79		77		79		81		110		112		114		69		112		114		116		132		114		116		118		163		172		132		170		173		184		91		93		95		97		184		192		193		134		135		153		155		100		135		136		151		190		155		157		207		102		204		173		110		207		179		204		179		158		163		157		163		168
17		3		0		20		22		24		26		28		30		32		34		36		38		40		42		44		46		48		50		52		6		3		5		9		102		104		10		14		106		108		70		110		72		112		74		114		76		116		78		32		80		124		127		107		109		128		131		109		111		111		113		111		113		115		46		41		59		60		113		115		60		61		113		115		115		115		51		46		48		48		54		102		104		106		108		110		112		114		116		118		120		70		72		74		115		72		74		76		74		76		78		107		109		111		72		109		111		113		129		111		113		115		160		169		129		167		170		181		88		90		92		94		181		189		190		131		132		150		152		103		132		133		148		187		152		154		204		103		201		170		113		204		176		201		176		155		160		154		160		165
15		23		20		0		2		4		6		8		10		12		14		16		18		20		22		24		26		28		30		32		26		23		25		19		82		84		30		24		86		88		50		90		52		92		54		94		56		96		58		30		60		104		107		87		89		108		111		89		91		91		93		91		93		95		66		61		39		40		93		95		40		41		93		95		95		95		71		66		68		68		74		82		84		86		88		90		92		94		96		98		100		58		56		54		95		60		58		56		62		60		58		87		89		91		92		89		91		93		109		91		93		95		140		149		109		147		150		161		102		100		98		96		161		169		170		111		112		130		132		123		112		113		128		167		132		134		184		123		181		150		133		184		156		181		156		135		140		134		140		145
17		25		22		2		0		2		4		6		8		10		12		14		16		18		20		22		24		26		28		30		28		25		27		21		80		82		32		26		84		86		48		88		50		90		52		92		54		94		56		32		58		102		105		85		87		106		109		87		89		89		91		89		91		93		68		63		37		38		91		93		38		39		91		93		93		93		73		68		70		70		76		80		82		84		86		88		90		92		94		96		98		60		58		56		93		62		60		58		64		62		60		85		87		89		94		87		89		91		107		89		91		93		138		147		107		145		148		159		104		102		100		98		159		167		168		109		110		128		130		125		110		111		126		165		130		132		182		125		179		148		135		182		154		179		154		133		138		132		138		143
19		27		24		4		2		0		2		4		6		8		10		12		14		16		18		20		22		24		26		28		30		27		29		23		78		80		34		28		82		84		46		86		48		88		50		90		52		92		54		34		56		100		103		83		85		104		107		85		87		87		89		87		89		91		70		65		35		36		89		91		36		37		89		91		91		91		75		70		72		72		78		78		80		82		84		86		88		90		92		94		96		62		60		58		91		64		62		60		66		64		62		83		85		87		96		85		87		89		105		87		89		91		136		145		105		143		146		157		106		104		102		100		157		165		166		107		108		126		128		127		108		109		124		163		128		130		180		127		177		146		137		180		152		177		152		131		136		130		136		141
21		29		26		6		4		2		0		2		4		6		8		10		12		14		16		18		20		22		24		26		32		29		31		25		76		78		36		30		80		82		44		84		46		86		48		88		50		90		52		36		54		98		101		81		83		102		105		83		85		85		87		85		87		89		72		67		33		34		87		89		34		35		87		89		89		89		77		72		74		74		80		76		78		80		82		84		86		88		90		92		94		64		62		60		89		66		64		62		68		66		64		81		83		85		98		83		85		87		103		85		87		89		134		143		103		141		144		155		108		106		104		102		155		163		164		105		106		124		126		129		106		107		122		161		126		128		178		129		175		144		139		178		150		175		150		129		134		128		134		139
23		31		28		8		6		4		2		0		2		4		6		8		10		12		14		16		18		20		22		24		34		31		33		27		74		76		38		32		78		80		42		82		44		84		46		86		48		88		50		38		52		96		99		79		81		100		103		81		83		83		85		83		85		87		74		69		31		32		85		87		32		33		85		87		87		87		79		74		76		76		82		74		76		78		80		82		84		86		88		90		92		66		64		62		87		68		66		64		70		68		66		79		81		83		100		81		83		85		101		83		85		87		132		141		101		139		142		153		110		108		106		104		153		161		162		103		104		122		124		131		104		105		120		159		124		126		176		131		173		142		141		176		148		173		148		127		132		126		132		137
25		33		30		10		8		6		4		2		0		2		4		6		8		10		12		14		16		18		20		22		36		33		35		29		72		74		40		34		76		78		40		80		42		82		44		84		46		86		48		40		50		94		97		77		79		98		101		79		81		81		83		81		83		85		76		71		31		30		83		85		32		31		83		85		85		85		81		76		78		78		84		72		74		76		78		80		82		84		86		88		90		68		66		64		85		70		68		66		72		70		68		77		79		81		102		79		81		83		99		81		83		85		130		139		99		137		140		151		112		110		108		106		151		159		160		101		102		120		122		133		102		103		118		157		122		124		174		133		171		140		143		174		146		171		146		125		130		124		130		135
27		35		32		12		10		8		6		4		2		0		2		4		6		8		10		12		14		16		18		20		38		35		37		31		70		72		42		36		74		76		38		78		40		80		42		82		44		84		46		42		48		92		95		75		77		96		99		77		79		79		81		79		81		83		78		73		33		32		81		83		34		33		81		83		83		83		83		78		80		80		86		70		72		74		76		78		80		82		84		86		88		70		68		66		83		72		70		68		74		72		70		75		77		79		104		77		79		81		97		79		81		83		128		137		97		135		138		149		114		112		110		108		149		157		158		99		100		118		120		135		100		101		116		155		120		122		172		135		169		138		145		172		144		169		144		123		128		122		128		133
29		37		34		14		12		10		8		6		4		2		0		2		4		6		8		10		12		14		16		18		40		37		39		33		68		70		44		38		72		74		36		76		38		78		40		80		42		82		44		44		46		90		93		73		75		94		97		75		77		77		79		77		79		81		80		75		35		34		79		81		36		35		79		81		81		81		85		80		82		82		88		68		70		72		74		76		78		80		82		84		86		72		70		68		81		74		72		70		76		74		72		73		75		77		106		75		77		79		95		77		79		81		126		135		95		133		136		147		116		114		112		110		147		155		156		97		98		116		118		137		98		99		114		153		118		120		170		137		167		136		147		170		142		167		142		121		126		120		126		131
31		39		36		16		14		12		10		8		6		4		2		0		2		4		6		8		10		12		14		16		42		39		41		35		66		68		46		40		70		72		34		74		36		76		38		78		40		80		42		46		44		88		91		71		73		92		95		73		75		75		77		75		77		79		82		77		37		36		77		79		38		37		77		79		79		79		87		82		84		84		90		66		68		70		72		74		76		78		80		82		84		74		72		70		79		76		74		72		78		76		74		71		73		75		108		73		75		77		93		75		77		79		124		133		93		131		134		145		118		116		114		112		145		153		154		95		96		114		116		139		96		97		112		151		116		118		168		139		165		134		149		168		140		165		140		119		124		122		124		129
33		41		38		18		16		14		12		10		8		6		4		2		0		2		4		6		8		10		12		14		44		41		43		37		64		66		48		42		68		70		32		72		34		74		36		76		38		78		40		48		42		86		89		69		71		90		93		71		73		73		75		73		75		77		84		79		39		38		75		77		40		39		75		77		77		77		89		84		86		86		92		64		66		68		70		72		74		76		78		80		82		76		74		72		77		78		76		74		80		78		76		69		71		73		110		71		73		75		91		73		75		77		122		131		91		129		132		143		120		118		116		114		143		151		152		97		96		112		114		141		98		97		110		149		114		116		166		141		163		132		151		166		138		163		138		121		122		124		126		127
35		43		40		20		18		16		14		12		10		8		6		4		2		0		2		4		6		8		10		12		46		43		45		39		62		64		50		44		66		68		30		70		32		72		34		74		36		76		38		50		40		84		87		67		69		88		91		69		71		71		73		71		73		75		86		81		41		40		73		75		42		41		73		75		75		75		91		86		88		88		94		62		64		66		68		70		72		74		76		78		80		78		76		74		75		80		78		76		82		80		78		67		69		71		112		69		71		73		89		71		73		75		120		129		89		127		130		141		122		120		118		116		141		149		150		99		98		110		112		143		100		99		108		147		112		114		164		143		161		130		153		164		136		161		136		123		120		126		128		125
37		45		42		22		20		18		16		14		12		10		8		6		4		2		0		2		4		6		8		10		48		45		47		41		60		62		52		46		64		66		28		68		30		70		32		72		34		74		36		52		38		82		85		65		67		86		89		67		69		69		71		69		71		73		88		83		43		42		71		73		44		43		71		73		73		73		93		88		90		90		96		60		62		64		66		68		70		72		74		76		78		80		78		76		73		82		80		78		84		82		80		65		67		69		114		67		69		71		87		69		71		73		118		127		87		125		128		139		124		122		120		118		139		147		148		101		100		108		110		145		102		101		106		145		110		112		162		145		159		128		155		162		134		159		134		125		120		128		130		125
39		47		44		24		22		20		18		16		14		12		10		8		6		4		2		0		2		4		6		8		50		47		49		43		58		60		54		48		62		64		26		66		28		68		30		70		32		72		34		54		36		80		83		63		65		84		87		65		67		67		69		67		69		71		90		85		45		44		69		71		46		45		69		71		71		71		95		90		92		92		98		58		60		62		64		66		68		70		72		74		76		82		80		78		71		84		82		80		86		84		82		63		65		67		116		65		67		69		85		67		69		71		116		125		85		123		126		137		126		124		122		120		137		145		146		103		102		106		108		147		104		103		104		143		108		110		160		147		157		126		157		160		132		157		132		127		122		130		132		127
41		49		46		26		24		22		20		18		16		14		12		10		8		6		4		2		0		2		4		6		52		49		51		45		56		58		56		50		60		62		24		64		26		66		28		68		30		70		32		56		34		78		81		61		63		82		85		63		65		65		67		65		67		69		92		87		47		46		67		69		48		47		67		69		69		69		97		92		94		94		100		56		58		60		62		64		66		68		70		72		74		84		82		80		69		86		84		82		88		86		84		61		63		65		118		63		65		67		83		65		67		69		114		123		83		121		124		135		128		126		124		122		135		143		144		105		104		104		106		149		106		105		102		141		106		108		158		149		155		124		159		158		130		155		130		129		124		132		134		129
43		51		48		28		26		24		22		20		18		16		14		12		10		8		6		4		2		0		2		4		54		51		53		47		54		56		58		52		58		60		22		62		24		64		26		66		28		68		30		58		32		76		79		59		61		80		83		61		63		63		65		63		65		67		94		89		49		48		65		67		50		49		65		67		67		67		99		94		96		96		102		54		56		58		60		62		64		66		68		70		72		86		84		82		67		88		86		84		90		88		86		61		61		63		120		63		63		65		81		65		65		67		112		121		81		119		122		133		130		128		126		124		133		141		142		107		106		102		104		151		108		107		100		139		104		106		156		151		153		122		161		156		128		153		128		131		126		134		136		131
45		53		50		30		28		26		24		22		20		18		16		14		12		10		8		6		4		2		0		2		56		53		55		49		52		54		60		54		56		58		20		60		22		62		24		64		26		66		28		60		30		74		77		57		59		78		81		59		61		61		63		61		63		65		96		91		51		50		63		65		52		51		63		65		65		65		101		96		98		98		104		52		54		56		58		60		62		64		66		68		70		88		86		84		65		90		88		86		92		90		88		63		61		61		122		65		63		63		79		67		65		65		110		119		79		117		120		131		132		130		128		126		131		139		140		109		108		100		102		153		110		109		98		137		102		104		154		153		151		120		163		154		126		151		126		133		128		136		138		133
47		55		52		32		30		28		26		24		22		20		18		16		14		12		10		8		6		4		2		0		58		55		57		51		50		52		62		56		54		56		18		58		20		60		22		62		24		64		26		62		28		72		75		55		57		76		79		57		59		59		61		59		61		63		98		93		53		52		61		63		54		53		61		63		63		63		103		98		100		100		106		50		52		54		56		58		60		62		64		66		68		90		88		86		63		92		90		88		94		92		90		65		63		61		124		67		65		63		77		69		67		65		108		117		77		115		118		129		134		132		130		128		129		137		138		111		110		98		100		155		112		111		96		135		100		102		152		155		149		118		165		152		124		149		124		135		130		138		140		135
23		3		6		26		28		30		32		34		36		38		40		42		44		46		48		50		52		54		56		58		0		3		3		9		102		104		8		14		106		108		70		110		72		112		74		114		76		116		78		32		80		124		127		107		109		128		131		109		111		111		113		111		113		115		40		35		59		60		113		115		60		61		113		115		115		115		45		40		42		42		48		102		104		106		108		110		112		114		116		118		120		70		72		74		115		72		74		76		74		76		78		107		109		111		66		109		111		113		129		111		113		115		160		169		129		167		170		181		88		90		92		94		181		189		190		131		132		150		152		97		132		133		148		187		152		154		204		99		201		170		107		204		176		201		176		155		160		154		160		165
20		6		3		23		25		27		29		31		33		35		37		39		41		43		45		47		49		51		53		55		3		0		2		6		99		101		7		11		103		105		67		107		69		109		71		111		73		113		75		29		77		121		124		104		106		125		128		106		108		108		110		108		110		112		43		38		56		57		110		112		57		58		110		112		112		112		48		43		45		45		51		99		101		103		105		107		109		111		113		115		117		67		69		71		112		69		71		73		71		73		75		104		106		108		69		106		108		110		126		108		110		112		157		166		126		164		167		178		85		87		89		91		178		186		187		128		129		147		149		100		129		130		145		184		149		151		201		100		198		167		110		201		173		198		173		152		157		151		157		162
22		6		5		25		27		29		31		33		35		37		39		41		43		45		47		49		51		53		55		57		3		2		0		6		99		101		5		11		103		105		67		107		69		109		71		111		73		113		75		29		77		121		124		104		106		125		128		106		108		108		110		108		110		112		41		36		56		57		110		112		57		58		110		112		112		112		46		41		43		43		49		99		101		103		105		107		109		111		113		115		117		67		69		71		112		69		71		73		71		73		75		104		106		108		67		106		108		110		126		108		110		112		157		166		126		164		167		178		85		87		89		91		178		186		187		128		129		147		149		98		129		130		145		184		149		151		201		98		198		167		108		201		173		198		173		152		157		151		157		162
16		12		9		19		21		23		25		27		29		31		33		35		37		39		41		43		45		47		49		51		9		6		6		0		93		95		11		5		97		99		61		101		63		103		65		105		67		107		69		23		71		115		118		98		100		119		122		100		102		102		104		102		104		106		47		42		50		51		104		106		51		52		104		106		106		106		52		47		49		49		55		93		95		97		99		101		103		105		107		109		111		61		63		65		106		63		65		67		65		67		69		98		100		102		73		100		102		104		120		102		104		106		151		160		120		158		161		172		83		81		83		85		172		180		181		122		123		141		143		104		123		124		139		178		143		145		195		104		192		161		114		195		167		192		167		146		151		145		151		156
97		105		102		82		80		78		76		74		72		70		68		66		64		62		60		58		56		54		52		50		102		99		99		93		0		2		102		96		4		6		46		8		48		10		50		12		52		14		54		102		56		22		25		35		35		26		29		37		35		37		35		39		37		35		138		133		93		92		39		37		94		93		41		39		41		43		143		138		140		140		146		78		76		74		72		70		68		66		64		62		60		130		128		126		87		132		130		128		134		132		130		105		103		101		164		107		105		103		87		109		107		105		62		67		101		71		68		79		174		172		170		168		85		87		88		151		150		132		130		195		152		151		136		97		134		132		102		195		99		132		205		102		132		111		138		175		170		178		180		175
99		107		104		84		82		80		78		76		74		72		70		68		66		64		62		60		58		56		54		52		104		101		101		95		2		0		100		94		2		4		44		6		46		8		48		10		50		12		52		100		54		20		23		33		33		24		27		35		33		35		33		37		35		33		136		131		91		90		37		35		92		91		39		37		39		41		141		136		138		138		144		76		74		72		70		68		66		64		62		60		58		128		126		124		85		130		128		126		132		130		128		103		101		99		162		105		103		101		85		107		105		103		60		65		99		69		66		77		172		170		168		166		83		85		86		149		148		130		128		193		150		149		134		95		132		130		100		193		97		130		203		100		130		109		136		173		168		176		178		173
27		11		10		30		32		34		36		38		40		42		44		46		48		50		52		54		56		58		60		62		8		7		5		11		102		100		0		6		98		100		62		102		64		104		66		106		68		108		70		24		72		116		119		99		101		120		123		101		103		103		105		103		105		107		36		31		51		52		105		107		52		53		105		107		107		107		41		36		38		38		44		94		96		98		100		102		104		106		108		110		112		62		64		66		107		64		66		68		66		68		70		99		101		103		62		101		103		105		121		103		105		107		152		161		121		159		162		173		80		82		84		86		173		181		182		123		124		142		144		93		124		125		140		179		144		146		196		93		193		162		103		196		168		193		168		147		152		146		152		157
21		17		14		24		26		28		30		32		34		36		38		40		42		44		46		48		50		52		54		56		14		11		11		5		96		94		6		0		92		94		56		96		58		98		60		100		62		102		64		18		66		110		113		93		95		114		117		95		97		97		99		97		99		101		42		37		45		46		99		101		46		47		99		101		101		101		47		42		44		44		50		88		90		92		94		96		98		100		102		104		106		56		58		60		101		58		60		62		60		62		64		93		95		97		68		95		97		99		115		97		99		101		146		155		115		153		156		167		78		76		78		80		167		175		176		117		118		136		138		99		118		119		134		173		138		140		190		99		187		156		109		190		162		187		162		141		146		140		146		151
101		109		106		86		84		82		80		78		76		74		72		70		68		66		64		62		60		58		56		54		106		103		103		97		4		2		98		92		0		2		42		4		44		6		46		8		48		10		50		98		52		18		21		31		31		22		25		33		31		33		31		35		33		31		134		129		89		88		35		33		90		89		37		35		37		39		139		134		136		136		142		74		72		70		68		66		64		62		60		58		56		126		124		122		83		128		126		124		130		128		126		101		99		97		160		103		101		99		83		105		103		101		58		63		97		67		64		75		170		168		166		164		81		83		84		147		146		128		126		191		148		147		132		93		130		128		98		191		95		128		201		98		128		107		134		171		166		174		176		171
103		111		108		88		86		84		82		80		78		76		74		72		70		68		66		64		62		60		58		56		108		105		105		99		6		4		100		94		2		0		40		2		42		4		44		6		46		8		48		96		50		16		19		29		29		20		23		31		29		31		29		33		31		29		132		127		87		86		33		31		88		87		35		33		35		37		137		132		134		134		140		72		70		68		66		64		62		60		58		56		54		124		122		120		81		126		124		122		128		126		124		99		97		95		158		101		99		97		81		103		101		99		56		61		95		65		62		73		168		166		164		162		79		81		82		145		144		126		124		189		146		145		130		91		128		126		96		189		93		126		199		96		126		105		132		169		164		172		174		169
65		73		70		50		48		46		44		42		40		38		36		34		32		30		28		26		24		22		20		18		70		67		67		61		46		44		62		56		42		40		0		40		2		42		4		44		6		46		8		56		10		54		57		37		39		58		61		39		41		41		43		41		43		45		92		87		47		46		43		45		48		47		43		45		45		45		97		92		94		94		100		32		34		36		38		40		42		44		46		48		50		84		82		80		45		86		84		82		88		86		84		59		57		55		118		61		59		57		59		63		61		59		90		99		59		97		100		111		128		126		124		122		111		119		120		105		104		86		84		149		106		105		90		117		88		86		134		149		131		100		159		134		106		131		106		129		124		132		134		129
105		113		110		90		88		86		84		82		80		78		76		74		72		70		68		66		64		62		60		58		110		107		107		101		8		6		102		96		4		2		40		0		40		2		42		4		44		6		46		94		48		14		17		27		27		18		21		29		27		29		27		31		29		27		130		125		85		84		31		29		86		85		33		31		33		35		135		130		132		132		138		70		68		66		64		62		60		58		56		54		52		122		120		118		79		124		122		120		126		124		122		97		95		93		156		99		97		95		79		101		99		97		54		59		93		63		60		71		166		164		162		160		77		79		80		143		142		124		122		187		144		143		128		89		126		124		94		187		91		124		197		94		124		103		130		167		162		170		172		167
67		75		72		52		50		48		46		44		42		40		38		36		34		32		30		28		26		24		22		20		72		69		69		63		48		46		64		58		44		42		2		40		0		40		2		42		4		44		6		54		8		52		55		35		37		56		59		37		39		39		41		39		41		43		90		85		45		44		41		43		46		45		41		43		43		43		95		90		92		92		98		30		32		34		36		38		40		42		44		46		48		82		80		78		43		84		82		80		86		84		82		57		55		53		116		59		57		55		57		61		59		57		88		97		57		95		98		109		126		124		122		120		109		117		118		103		102		84		82		147		104		103		88		115		86		84		132		147		129		98		157		132		104		129		104		127		122		130		132		127
107		115		112		92		90		88		86		84		82		80		78		76		74		72		70		68		66		64		62		60		112		109		109		103		10		8		104		98		6		4		42		2		40		0		40		2		42		4		44		92		46		12		15		25		25		16		19		27		25		27		25		29		27		25		128		123		83		82		29		27		84		83		31		29		31		33		133		128		130		130		136		68		66		64		62		60		58		56		54		52		50		120		118		116		77		122		120		118		124		122		120		95		93		91		154		97		95		93		77		99		97		95		52		57		91		61		58		69		164		162		160		158		75		77		78		141		140		122		120		185		142		141		126		87		124		122		92		185		89		122		195		92		122		101		128		165		160		168		170		165
69		77		74		54		52		50		48		46		44		42		40		38		36		34		32		30		28		26		24		22		74		71		71		65		50		48		66		60		46		44		4		42		2		40		0		40		2		42		4		52		6		50		53		33		35		54		57		35		37		37		39		37		39		41		88		83		43		42		39		41		44		43		39		41		41		41		93		88		90		90		96		28		30		32		34		36		38		40		42		44		46		80		78		76		41		82		80		78		84		82		80		55		53		51		114		57		55		53		55		59		57		55		86		95		55		93		96		107		124		122		120		118		107		115		116		101		100		82		80		145		102		101		86		113		84		82		130		145		127		96		155		130		102		127		102		125		120		128		130		125
109		117		114		94		92		90		88		86		84		82		80		78		76		74		72		70		68		66		64		62		114		111		111		105		12		10		106		100		8		6		44		4		42		2		40		0		40		2		42		90		44		10		13		23		23		14		17		25		23		25		23		27		25		23		126		121		81		80		27		25		82		81		29		27		29		31		131		126		128		128		134		66		64		62		60		58		56		54		52		50		48		118		116		114		75		120		118		116		122		120		118		93		91		89		152		95		93		91		75		97		95		93		50		55		89		59		56		67		162		160		158		156		73		75		76		139		138		120		118		183		140		139		124		85		122		120		90		183		87		120		193		90		120		99		126		163		158		166		168		163
71		79		76		56		54		52		50		48		46		44		42		40		38		36		34		32		30		28		26		24		76		73		73		67		52		50		68		62		48		46		6		44		4		42		2		40		0		40		2		50		4		48		51		31		33		52		55		33		35		35		37		35		37		39		86		81		41		40		37		39		42		41		37		39		39		39		91		86		88		88		94		26		28		30		32		34		36		38		40		42		44		78		76		74		39		80		78		76		82		80		78		53		51		49		112		55		53		51		53		57		55		53		84		93		53		91		94		105		122		120		118		116		105		113		114		99		98		80		78		143		100		99		84		111		82		80		128		143		125		94		153		128		100		125		100		123		118		126		128		123
111		119		116		96		94		92		90		88		86		84		82		80		78		76		74		72		70		68		66		64		116		113		113		107		14		12		108		102		10		8		46		6		44		4		42		2		40		0		40		88		42		8		11		21		21		12		15		23		21		23		21		25		23		21		124		119		79		78		25		23		80		79		27		25		27		29		129		124		126		126		132		64		62		60		58		56		54		52		50		48		46		116		114		112		73		118		116		114		120		118		116		91		89		87		150		93		91		89		73		95		93		91		48		53		87		57		54		65		160		158		156		154		71		73		74		137		136		118		116		181		138		137		122		83		120		118		88		181		85		118		191		88		118		97		124		161		156		164		166		161
73		81		78		58		56		54		52		50		48		46		44		42		40		38		36		34		32		30		28		26		78		75		75		69		54		52		70		64		50		48		8		46		6		44		4		42		2		40		0		48		2		46		49		29		31		50		53		31		33		33		35		33		35		37		84		79		39		38		35		37		40		39		35		37		37		37		89		84		86		86		92		24		26		28		30		32		34		36		38		40		42		76		74		72		37		78		76		74		80		78		76		51		49		47		110		53		51		49		51		55		53		51		82		91		51		89		92		103		120		118		116		114		103		111		112		97		96		78		76		141		98		97		82		109		80		78		126		141		123		92		151		126		98		123		98		121		116		124		126		121
27		35		32		30		32		34		36		38		40		42		44		46		48		50		52		54		56		58		60		62		32		29		29		23		102		100		24		18		98		96		56		94		54		92		52		90		50		88		48		0		48		92		95		75		77		96		99		77		79		79		81		79		81		83		36		31		27		28		81		83		28		29		81		83		83		83		41		36		38		38		44		70		72		74		76		78		80		82		84		86		88		38		40		42		83		40		42		44		42		44		46		75		77		79		62		77		79		81		97		79		81		83		128		137		97		135		138		149		72		70		68		66		149		157		158		99		100		118		120		93		100		101		116		155		120		122		172		93		169		138		103		172		144		169		144		123		128		122		128		133
75		83		80		60		58		56		54		52		50		48		46		44		42		40		38		36		34		32		30		28		80		77		77		71		56		54		72		66		52		50		10		48		8		46		6		44		4		42		2		48		0		44		47		27		29		48		51		29		31		31		33		31		33		35		82		77		37		36		33		35		38		37		33		35		35		35		87		82		84		84		90		22		24		26		28		30		32		34		36		38		40		74		72		70		35		76		74		72		78		76		74		49		47		45		108		51		49		47		49		53		51		49		80		89		49		87		90		101		118		116		114		112		101		109		110		95		94		76		74		139		96		95		80		107		78		76		124		139		121		90		149		124		96		121		96		119		114		122		124		119
119		127		124		104		102		100		98		96		94		92		90		88		86		84		82		80		78		76		74		72		124		121		121		115		22		20		116		110		18		16		54		14		52		12		50		10		48		8		46		92		44		0		3		23		23		4		7		25		23		25		23		27		25		23		126		121		81		80		27		25		82		81		29		27		29		31		131		126		128		128		134		66		64		62		60		58		56		54		52		50		48		118		116		114		75		120		118		116		122		120		118		93		91		89		152		95		93		91		75		97		95		93		50		45		89		59		56		59		162		160		158		156		73		75		74		139		138		120		118		183		140		139		124		85		122		120		80		183		85		120		193		88		120		99		126		163		158		166		168		163
122		130		127		107		105		103		101		99		97		95		93		91		89		87		85		83		81		79		77		75		127		124		124		118		25		23		119		113		21		19		57		17		55		15		53		13		51		11		49		95		47		3		0		26		26		7		4		28		26		28		26		30		28		26		129		124		84		83		30		28		85		84		32		30		32		34		134		129		131		131		137		69		67		65		63		61		59		57		55		53		51		121		119		117		78		123		121		119		125		123		121		96		94		92		155		98		96		94		78		100		98		96		53		44		92		62		59		62		165		163		161		159		76		78		77		142		141		123		121		186		143		142		127		88		125		123		77		186		88		123		196		91		123		102		129		166		161		169		171		166
102		110		107		87		85		83		81		79		77		75		73		71		69		67		65		63		61		59		57		55		107		104		104		98		35		33		99		93		31		29		37		27		35		25		33		23		31		21		29		75		27		23		26		0		2		21		24		2		4		4		6		4		6		8		103		98		58		57		6		8		59		58		6		8		8		8		108		103		105		105		111		43		41		39		37		35		33		31		29		27		25		95		93		91		52		97		95		93		99		97		95		70		68		66		129		72		70		68		52		74		72		70		53		62		66		60		63		74		139		137		135		133		74		82		83		116		115		97		95		160		117		116		101		80		99		97		97		160		94		97		170		97		97		94		103		140		135		143		145		140
104		112		109		89		87		85		83		81		79		77		75		73		71		69		67		65		63		61		59		57		109		106		106		100		35		33		101		95		31		29		39		27		37		25		35		23		33		21		31		77		29		23		26		2		0		19		22		2		2		2		4		4		4		6		103		98		58		57		4		6		59		58		6		6		6		8		108		103		105		105		111		43		41		39		37		35		33		31		29		27		25		95		93		91		52		97		95		93		99		97		95		70		68		66		129		72		70		68		52		74		72		70		51		60		66		58		61		72		139		137		135		133		72		80		81		116		115		97		95		160		117		116		101		78		99		97		95		160		92		97		170		95		97		92		103		140		135		143		145		140
123		131		128		108		106		104		102		100		98		96		94		92		90		88		86		84		82		80		78		76		128		125		125		119		26		24		120		114		22		20		58		18		56		16		54		14		52		12		50		96		48		4		7		21		19		0		3		21		19		21		19		23		21		19		122		117		77		76		23		21		78		77		25		23		25		27		127		122		124		124		130		62		60		58		56		54		52		50		48		46		44		114		112		110		71		116		114		112		118		116		114		89		87		85		148		91		89		87		71		93		91		89		46		41		85		55		52		55		158		156		154		152		69		71		70		135		134		116		114		179		136		135		120		81		118		116		76		179		81		116		189		84		116		95		122		159		154		162		164		159
126		134		131		111		109		107		105		103		101		99		97		95		93		91		89		87		85		83		81		79		131		128		128		122		29		27		123		117		25		23		61		21		59		19		57		17		55		15		53		99		51		7		4		24		22		3		0		24		22		24		22		26		24		22		125		120		80		79		26		24		81		80		28		26		28		30		130		125		127		127		133		65		63		61		59		57		55		53		51		49		47		117		115		113		74		119		117		115		121		119		117		92		90		88		151		94		92		90		74		96		94		92		49		40		88		58		55		58		161		159		157		155		72		74		73		138		137		119		117		182		139		138		123		84		121		119		73		182		84		119		192		87		119		98		125		162		157		165		167		162
104		112		109		89		87		85		83		81		79		77		75		73		71		69		67		65		63		61		59		57		109		106		106		100		37		35		101		95		33		31		39		29		37		27		35		25		33		23		31		77		29		25		28		2		2		21		24		0		2		2		4		2		4		6		101		96		56		55		4		6		57		56		4		6		6		6		106		101		103		103		109		41		39		37		35		33		31		29		27		25		23		93		91		89		50		95		93		91		97		95		93		68		66		64		127		70		68		66		50		72		70		68		51		60		64		58		61		72		137		135		133		131		72		80		81		114		113		95		93		158		115		114		99		78		97		95		95		158		92		95		168		95		95		92		101		138		133		141		143		138
106		114		111		91		89		87		85		83		81		79		77		75		73		71		69		67		65		63		61		59		111		108		108		102		35		33		103		97		31		29		41		27		39		25		37		23		35		21		33		79		31		23		26		4		2		19		22		2		0		2		2		4		2		4		103		98		58		57		4		4		59		58		6		4		6		8		108		103		105		105		111		43		41		39		37		35		33		31		29		27		25		95		93		91		52		97		95		93		99		97		95		70		68		66		129		72		70		68		52		74		72		70		49		58		66		56		59		70		139		137		135		133		70		78		79		116		115		97		95		160		117		116		101		76		99		97		93		160		90		97		170		93		97		90		103		140		135		143		145		140
106		114		111		91		89		87		85		83		81		79		77		75		73		71		69		67		65		63		61		59		111		108		108		102		37		35		103		97		33		31		41		29		39		27		37		25		35		23		33		79		31		25		28		4		2		21		24		2		2		0		2		2		2		4		101		96		56		55		2		4		57		56		4		4		4		6		106		101		103		103		109		41		39		37		35		33		31		29		27		25		23		93		91		89		50		95		93		91		97		95		93		68		66		64		127		70		68		66		50		72		70		68		49		58		64		56		59		70		137		135		133		131		70		78		79		114		113		95		93		158		115		114		99		76		97		95		93		158		90		95		168		93		95		90		101		138		133		141		143		138
108		116		113		93		91		89		87		85		83		81		79		77		75		73		71		69		67		65		63		61		113		110		110		104		35		33		105		99		31		29		43		27		41		25		39		23		37		21		35		81		33		23		26		6		4		19		22		4		2		2		0		4		2		2		103		98		58		57		4		2		59		58		6		4		6		8		108		103		105		105		111		43		41		39		37		35		33		31		29		27		25		95		93		91		52		97		95		93		99		97		95		70		68		66		129		72		70		68		52		74		72		70		47		56		66		54		57		68		139		137		135		133		68		76		77		116		115		97		95		160		117		116		101		74		99		97		91		160		88		97		170		91		97		88		103		140		135		143		145		140
106		114		111		91		89		87		85		83		81		79		77		75		73		71		69		67		65		63		61		59		111		108		108		102		39		37		103		97		35		33		41		31		39		29		37		27		35		25		33		79		31		27		30		4		4		23		26		2		4		2		4		0		2		4		99		94		54		53		2		4		55		54		2		4		4		4		104		99		101		101		107		39		37		35		33		31		29		27		25		23		21		91		89		87		48		93		91		89		95		93		91		66		64		62		125		68		66		64		48		70		68		66		49		58		62		56		59		70		135		133		131		129		70		78		79		112		111		93		91		156		113		112		97		76		95		93		93		156		90		93		166		93		93		90		99		136		131		139		141		136
108		116		113		93		91		89		87		85		83		81		79		77		75		73		71		69		67		65		63		61		113		110		110		104		37		35		105		99		33		31		43		29		41		27		39		25		37		23		35		81		33		25		28		6		4		21		24		4		2		2		2		2		0		2		101		96		56		55		2		2		57		56		4		2		4		6		106		101		103		103		109		41		39		37		35		33		31		29		27		25		23		93		91		89		50		95		93		91		97		95		93		68		66		64		127		70		68		66		50		72		70		68		47		56		64		54		57		68		137		135		133		131		68		76		77		114		113		95		93		158		115		114		99		74		97		95		91		158		88		95		168		91		95		88		101		138		133		141		143		138
110		118		115		95		93		91		89		87		85		83		81		79		77		75		73		71		69		67		65		63		115		112		112		106		35		33		107		101		31		29		45		27		43		25		41		23		39		21		37		83		35		23		26		8		6		19		22		6		4		4		2		4		2		0		103		98		58		57		4		2		59		58		6		4		6		8		108		103		105		105		111		43		41		39		37		35		33		31		29		27		25		95		93		91		52		97		95		93		99		97		95		70		68		66		129		72		70		68		52		74		72		70		45		54		66		52		55		66		139		137		135		133		66		74		75		116		115		97		95		160		117		116		101		72		99		97		89		160		86		97		170		89		97		86		103		140		135		143		145		140
63		43		46		66		68		70		72		74		76		78		80		82		84		86		88		90		92		94		96		98		40		43		41		47		138		136		36		42		134		132		92		130		90		128		88		126		86		124		84		36		82		126		129		103		103		122		125		101		103		101		103		99		101		103		0		5		45		46		99		101		46		47		99		101		101		101		5		10		14		20		20		88		90		92		94		96		98		100		102		104		106		56		58		60		101		58		60		62		60		62		64		93		95		97		36		95		97		99		115		97		99		101		146		155		115		153		156		167		74		76		78		80		167		175		176		117		118		136		138		75		118		119		134		173		138		140		190		85		187		156		85		190		162		187		162		141		146		140		146		151
58		38		41		61		63		65		67		69		71		73		75		77		79		81		83		85		87		89		91		93		35		38		36		42		133		131		31		37		129		127		87		125		85		123		83		121		81		119		79		31		77		121		124		98		98		117		120		96		98		96		98		94		96		98		5		0		40		41		94		96		41		42		94		96		96		96		10		5		9		15		15		83		85		87		89		91		93		95		97		99		101		51		53		55		96		53		55		57		55		57		59		88		90		92		31		90		92		94		110		92		94		96		141		150		110		148		151		162		69		71		73		75		162		170		171		112		113		131		133		70		113		114		129		168		133		135		185		80		182		151		80		185		157		182		157		136		141		135		141		146
54		62		59		39		37		35		33		31		31		33		35		37		39		41		43		45		47		49		51		53		59		56		56		50		93		91		51		45		89		87		47		85		45		83		43		81		41		79		39		27		37		81		84		58		58		77		80		56		58		56		58		54		56		58		45		40		0		1		54		56		1		2		54		56		56		56		50		45		47		47		53		43		45		47		49		51		53		55		57		59		61		37		35		33		56		39		37		35		41		39		37		48		50		52		71		50		52		54		70		52		54		56		101		110		70		108		111		122		81		79		77		75		122		130		131		72		73		91		93		102		73		74		89		128		93		95		145		102		142		111		112		145		117		142		117		96		101		95		101		106
55		63		60		40		38		36		34		32		30		32		34		36		38		40		42		44		46		48		50		52		60		57		57		51		92		90		52		46		88		86		46		84		44		82		42		80		40		78		38		28		36		80		83		57		57		76		79		55		57		55		57		53		55		57		46		41		1		0		53		55		2		1		53		55		55		55		51		46		48		48		54		42		44		46		48		50		52		54		56		58		60		38		36		34		55		40		38		36		42		40		38		47		49		51		72		49		51		53		69		51		53		55		100		109		69		107		110		121		82		80		78		76		121		129		130		71		72		90		92		103		72		73		88		127		92		94		144		103		141		110		113		144		116		141		116		95		100		94		100		105
108		116		113		93		91		89		87		85		83		81		79		77		75		73		71		69		67		65		63		61		113		110		110		104		39		37		105		99		35		33		43		31		41		29		39		27		37		25		35		81		33		27		30		6		4		23		26		4		4		2		4		2		2		4		99		94		54		53		0		2		55		54		2		2		2		4		104		99		101		101		107		39		37		35		33		31		29		27		25		23		21		91		89		87		48		93		91		89		95		93		91		66		64		62		125		68		66		64		48		70		68		66		47		56		62		54		57		68		135		133		131		129		68		76		77		112		111		93		91		156		113		112		97		74		95		93		91		156		88		93		166		91		93		88		99		136		131		139		141		136
110		118		115		95		93		91		89		87		85		83		81		79		77		75		73		71		69		67		65		63		115		112		112		106		37		35		107		101		33		31		45		29		43		27		41		25		39		23		37		83		35		25		28		8		6		21		24		6		4		4		2		4		2		2		101		96		56		55		2		0		57		56		4		2		4		6		106		101		103		103		109		41		39		37		35		33		31		29		27		25		23		93		91		89		50		95		93		91		97		95		93		68		66		64		127		70		68		66		50		72		70		68		45		54		64		52		55		66		137		135		133		131		66		74		75		114		113		95		93		158		115		114		99		72		97		95		89		158		86		95		168		89		95		86		101		138		133		141		143		138
55		63		60		40		38		36		34		32		32		34		36		38		40		42		44		46		48		50		52		54		60		57		57		51		94		92		52		46		90		88		48		86		46		84		44		82		42		80		40		28		38		82		85		59		59		78		81		57		59		57		59		55		57		59		46		41		1		2		55		57		0		1		53		55		55		55		49		44		46		46		52		42		44		46		48		50		52		54		56		58		60		36		34		32		55		38		36		34		40		38		36		47		49		51		70		49		51		53		69		51		53		55		100		109		69		107		110		121		80		78		76		74		121		129		130		71		72		90		92		101		72		73		88		127		92		94		144		101		141		110		111		144		116		141		116		95		100		94		100		105
56		64		61		41		39		37		35		33		31		33		35		37		39		41		43		45		47		49		51		53		61		58		58		52		93		91		53		47		89		87		47		85		45		83		43		81		41		79		39		29		37		81		84		58		58		77		80		56		58		56		58		54		56		58		47		42		2		1		54		56		1		0		52		54		54		54		50		45		47		47		53		41		43		45		47		49		51		53		55		57		59		37		35		33		54		39		37		35		41		39		37		46		48		50		71		48		50		52		68		50		52		54		99		108		68		106		109		120		81		79		77		75		120		128		129		70		71		89		91		102		71		72		87		126		91		93		143		102		140		109		112		143		115		140		115		94		99		93		99		104
108		116		113		93		91		89		87		85		83		81		79		77		75		73		71		69		67		65		63		61		113		110		110		104		41		39		105		99		37		35		43		33		41		31		39		29		37		27		35		81		33		29		32		6		6		25		28		4		6		4		6		2		4		6		99		94		54		53		2		4		53		52		0		2		2		2		102		97		99		99		105		37		35		33		31		29		27		25		23		21		19		89		87		85		46		91		89		87		93		91		89		64		62		60		123		66		64		62		46		68		66		64		47		56		60		54		57		68		133		131		129		127		68		76		77		110		109		91		89		154		111		110		95		74		93		91		91		154		88		91		164		91		91		88		97		134		129		137		139		134
110		118		115		95		93		91		89		87		85		83		81		79		77		75		73		71		69		67		65		63		115		112		112		106		39		37		107		101		35		33		45		31		43		29		41		27		39		25		37		83		35		27		30		8		6		23		26		6		4		4		4		4		2		4		101		96		56		55		2		2		55		54		2		0		2		4		104		99		101		101		107		39		37		35		33		31		29		27		25		23		21		91		89		87		48		93		91		89		95		93		91		66		64		62		125		68		66		64		48		70		68		66		45		54		62		52		55		66		135		133		131		129		66		74		75		112		111		93		91		156		113		112		97		72		95		93		89		156		86		93		166		89		93		86		99		136		131		139		141		136
110		118		115		95		93		91		89		87		85		83		81		79		77		75		73		71		69		67		65		63		115		112		112		106		41		39		107		101		37		35		45		33		43		31		41		29		39		27		37		83		35		29		32		8		6		25		28		6		6		4		6		4		4		6		101		96		56		55		2		4		55		54		2		2		0		2		102		97		99		99		105		37		35		33		31		29		27		25		23		21		19		89		87		85		46		91		89		87		93		91		89		64		62		60		123		66		64		62		46		68		66		64		45		54		60		52		55		66		133		131		129		127		66		74		75		110		109		91		89		154		111		110		95		72		93		91		89		154		86		91		164		89		91		86		97		134		129		137		139		134
110		118		115		95		93		91		89		87		85		83		81		79		77		75		73		71		69		67		65		63		115		112		112		106		43		41		107		101		39		37		45		35		43		33		41		31		39		29		37		83		35		31		34		8		8		27		30		6		8		6		8		4		6		8		101		96		56		55		4		6		55		54		2		4		2		0		100		95		97		97		103		35		33		31		29		27		25		23		21		19		17		87		85		83		44		89		87		85		91		89		87		62		60		58		121		64		62		60		44		66		64		62		45		54		58		52		55		66		131		129		127		125		66		74		75		108		107		89		87		152		109		108		93		72		91		89		89		152		86		89		162		89		89		86		95		132		127		135		137		132
68		48		51		71		73		75		77		79		81		83		85		87		89		91		93		95		97		99		101		103		45		48		46		52		143		141		41		47		139		137		97		135		95		133		93		131		91		129		89		41		87		131		134		108		108		127		130		106		108		106		108		104		106		108		5		10		50		51		104		106		49		50		102		104		102		100		0		5		9		15		15		83		85		87		89		91		93		95		97		99		101		51		53		55		96		53		55		57		55		57		59		88		90		92		31		90		92		94		110		92		94		96		141		150		110		148		151		162		69		71		73		75		162		170		171		112		113		131		133		70		113		114		129		168		133		135		185		80		182		151		80		185		157		182		157		136		141		135		141		146
63		43		46		66		68		70		72		74		76		78		80		82		84		86		88		90		92		94		96		98		40		43		41		47		138		136		36		42		134		132		92		130		90		128		88		126		86		124		84		36		82		126		129		103		103		122		125		101		103		101		103		99		101		103		10		5		45		46		99		101		44		45		97		99		97		95		5		0		4		10		10		78		80		82		84		86		88		90		92		94		96		46		48		50		91		48		50		52		50		52		54		83		85		87		26		85		87		89		105		87		89		91		136		145		105		143		146		157		64		66		68		70		157		165		166		107		108		126		128		65		108		109		124		163		128		130		180		75		177		146		75		180		152		177		152		131		136		130		136		141
65		45		48		68		70		72		74		76		78		80		82		84		86		88		90		92		94		96		98		100		42		45		43		49		140		138		38		44		136		134		94		132		92		130		90		128		88		126		86		38		84		128		131		105		105		124		127		103		105		103		105		101		103		105		14		9		47		48		101		103		46		47		99		101		99		97		9		4		0		6		6		74		76		78		80		82		84		86		88		90		92		42		44		46		87		44		46		48		46		48		50		79		81		83		24		81		83		85		101		83		85		87		132		141		101		139		142		153		60		62		64		66		153		161		162		103		104		122		124		61		104		105		120		159		124		126		176		71		173		142		71		176		148		173		148		127		132		126		132		137
65		45		48		68		70		72		74		76		78		80		82		84		86		88		90		92		94		96		98		100		42		45		43		49		140		138		38		44		136		134		94		132		92		130		90		128		88		126		86		38		84		128		131		105		105		124		127		103		105		103		105		101		103		105		20		15		47		48		101		103		46		47		99		101		99		97		15		10		6		0		6		68		70		72		74		76		78		80		82		84		86		36		38		40		81		38		40		42		40		42		44		73		75		77		24		75		77		79		95		77		79		81		126		135		95		133		136		147		54		56		58		60		147		155		156		97		98		116		118		55		98		99		114		153		118		120		170		65		167		136		65		170		142		167		142		121		126		120		126		131
71		51		54		74		76		78		80		82		84		86		88		90		92		94		96		98		100		102		104		106		48		51		49		55		146		144		44		50		142		140		100		138		98		136		96		134		94		132		92		44		90		134		137		111		111		130		133		109		111		109		111		107		109		111		20		15		53		54		107		109		52		53		105		107		105		103		15		10		6		6		0		68		70		72		74		76		78		80		82		84		86		36		38		40		81		38		40		42		40		42		44		73		75		77		18		75		77		79		95		77		79		81		126		135		95		133		136		147		54		56		58		60		147		155		156		97		98		116		118		55		98		99		114		153		118		120		170		65		167		136		65		170		142		167		142		121		126		120		126		131
97		105		102		82		80		78		76		74		72		70		68		66		64		62		60		58		56		54		52		50		102		99		99		93		78		76		94		88		74		72		32		70		30		68		28		66		26		64		24		70		22		66		69		43		43		62		65		41		43		41		43		39		41		43		88		83		43		42		39		41		42		41		37		39		37		35		83		78		74		68		68		0		2		4		6		8		10		12		14		16		18		52		50		48		13		54		52		50		56		54		52		27		25		23		86		29		27		25		27		31		29		27		58		67		27		65		68		79		96		94		92		90		79		87		88		73		72		54		52		117		74		73		58		85		56		54		102		117		99		68		127		102		74		99		74		97		92		100		102		97
99		107		104		84		82		80		78		76		74		72		70		68		66		64		62		60		58		56		54		52		104		101		101		95		76		74		96		90		72		70		34		68		32		66		30		64		28		62		26		72		24		64		67		41		41		60		63		39		41		39		41		37		39		41		90		85		45		44		37		39		44		43		35		37		35		33		85		80		76		70		70		2		0		2		4		6		8		10		12		14		16		54		52		50		11		56		54		52		58		56		54		29		27		25		88		31		29		27		25		33		31		29		56		65		25		63		66		77		98		96		94		92		77		85		86		75		74		56		54		119		76		75		60		83		58		56		100		119		97		66		129		100		72		97		72		99		94		102		104		99
101		109		106		86		84		82		80		78		76		74		72		70		68		66		64		62		60		58		56		54		106		103		103		97		74		72		98		92		70		68		36		66		34		64		32		62		30		60		28		74		26		62		65		39		39		58		61		37		39		37		39		35		37		39		92		87		47		46		35		37		46		45		33		35		33		31		87		82		78		72		72		4		2		0		2		4		6		8		10		12		14		56		54		52		13		58		56		54		60		58		56		31		29		27		90		33		31		29		23		35		33		31		54		63		27		61		64		75		100		98		96		94		75		83		84		77		76		58		56		121		78		77		62		81		60		58		98		121		95		64		131		98		70		95		70		101		96		104		106		101
103		111		108		88		86		84		82		80		78		76		74		72		70		68		66		64		62		60		58		56		108		105		105		99		72		70		100		94		68		66		38		64		36		62		34		60		32		58		30		76		28		60		63		37		37		56		59		35		37		35		37		33		35		37		94		89		49		48		33		35		48		47		31		33		31		29		89		84		80		74		74		6		4		2		0		2		4		6		8		10		12		58		56		54		15		60		58		56		62		60		58		33		31		29		92		35		33		31		21		37		35		33		52		61		29		59		62		73		102		100		98		96		73		81		82		79		78		60		58		123		80		79		64		79		62		60		96		123		93		62		133		96		68		93		68		103		98		106		108		103
105		113		110		90		88		86		84		82		80		78		76		74		72		70		68		66		64		62		60		58		110		107		107		101		70		68		102		96		66		64		40		62		38		60		36		58		34		56		32		78		30		58		61		35		35		54		57		33		35		33		35		31		33		35		96		91		51		50		31		33		50		49		29		31		29		27		91		86		82		76		76		8		6		4		2		0		2		4		6		8		10		60		58		56		17		62		60		58		64		62		60		35		33		31		94		37		35		33		19		39		37		35		50		59		31		57		60		71		104		102		100		98		71		79		80		81		80		62		60		125		82		81		66		77		64		62		94		125		91		62		135		94		66		91		68		105		100		108		110		105
107		115		112		92		90		88		86		84		82		80		78		76		74		72		70		68		66		64		62		60		112		109		109		103		68		66		104		98		64		62		42		60		40		58		38		56		36		54		34		80		32		56		59		33		33		52		55		31		33		31		33		29		31		33		98		93		53		52		29		31		52		51		27		29		27		25		93		88		84		78		78		10		8		6		4		2		0		2		4		6		8		62		60		58		19		64		62		60		66		64		62		37		35		33		96		39		37		35		19		41		39		37		48		57		33		55		58		69		106		104		102		100		69		77		78		83		82		64		62		127		84		83		68		75		66		64		92		127		89		64		137		92		64		89		70		107		102		110		112		107
109		117		114		94		92		90		88		86		84		82		80		78		76		74		72		70		68		66		64		62		114		111		111		105		66		64		106		100		62		60		44		58		42		56		40		54		38		52		36		82		34		54		57		31		31		50		53		29		31		29		31		27		29		31		100		95		55		54		27		29		54		53		25		27		25		23		95		90		86		80		80		12		10		8		6		4		2		0		2		4		6		64		62		60		21		66		64		62		68		66		64		39		37		35		98		41		39		37		21		43		41		39		46		55		35		53		56		67		108		106		104		102		67		75		76		85		84		66		64		129		86		85		70		73		68		66		90		129		87		66		139		90		66		87		72		109		104		112		114		109
111		119		116		96		94		92		90		88		86		84		82		80		78		76		74		72		70		68		66		64		116		113		113		107		64		62		108		102		60		58		46		56		44		54		42		52		40		50		38		84		36		52		55		29		29		48		51		27		29		27		29		25		27		29		102		97		57		56		25		27		56		55		23		25		23		21		97		92		88		82		82		14		12		10		8		6		4		2		0		2		4		66		64		62		23		68		66		64		70		68		66		41		39		37		100		43		41		39		23		45		43		41		44		53		37		51		54		65		110		108		106		104		65		73		74		87		86		68		66		131		88		87		72		71		70		68		88		131		85		68		141		88		68		85		74		111		106		114		116		111
113		121		118		98		96		94		92		90		88		86		84		82		80		78		76		74		72		70		68		66		118		115		115		109		62		60		110		104		58		56		48		54		46		52		44		50		42		48		40		86		38		50		53		27		27		46		49		25		27		25		27		23		25		27		104		99		59		58		23		25		58		57		21		23		21		19		99		94		90		84		84		16		14		12		10		8		6		4		2		0		2		68		66		64		25		70		68		66		72		70		68		43		41		39		102		45		43		41		25		47		45		43		42		51		39		49		52		63		112		110		108		106		63		71		72		89		88		70		68		133		90		89		74		69		72		70		86		133		83		70		143		86		70		83		76		113		108		116		118		113
115		123		120		100		98		96		94		92		90		88		86		84		82		80		78		76		74		72		70		68		120		117		117		111		60		58		112		106		56		54		50		52		48		50		46		48		44		46		42		88		40		48		51		25		25		44		47		23		25		23		25		21		23		25		106		101		61		60		21		23		60		59		19		21		19		17		101		96		92		86		86		18		16		14		12		10		8		6		4		2		0		70		68		66		27		72		70		68		74		72		70		45		43		41		104		47		45		43		27		49		47		45		40		49		41		47		50		61		114		112		110		108		61		69		70		91		90		72		70		135		92		91		76		67		74		72		84		135		81		72		145		84		72		81		78		115		110		118		120		115
65		73		70		58		60		62		64		66		68		70		72		74		76		78		80		82		84		86		88		90		70		67		67		61		130		128		62		56		126		124		84		122		82		120		80		118		78		116		76		38		74		118		121		95		95		114		117		93		95		93		95		91		93		95		56		51		37		38		91		93		36		37		89		91		89		87		51		46		42		36		36		52		54		56		58		60		62		64		66		68		70		0		2		4		45		2		4		6		4		6		8		37		39		41		34		39		41		43		59		41		43		45		90		99		59		97		100		111		44		42		40		38		111		119		120		61		62		80		82		65		62		63		78		117		82		84		134		65		131		100		75		134		106		131		106		85		90		84		90		95
67		75		72		56		58		60		62		64		66		68		70		72		74		76		78		80		82		84		86		88		72		69		69		63		128		126		64		58		124		122		82		120		80		118		78		116		76		114		74		40		72		116		119		93		93		112		115		91		93		91		93		89		91		93		58		53		35		36		89		91		34		35		87		89		87		85		53		48		44		38		38		50		52		54		56		58		60		62		64		66		68		2		0		2		43		4		2		4		6		4		6		35		37		39		36		37		39		41		57		39		41		43		88		97		57		95		98		109		46		44		42		40		109		117		118		59		60		78		80		67		60		61		76		115		80		82		132		67		129		98		77		132		104		129		104		83		88		82		88		93
69		77		74		54		56		58		60		62		64		66		68		70		72		74		76		78		80		82		84		86		74		71		71		65		126		124		66		60		122		120		80		118		78		116		76		114		74		112		72		42		70		114		117		91		91		110		113		89		91		89		91		87		89		91		60		55		33		34		87		89		32		33		85		87		85		83		55		50		46		40		40		48		50		52		54		56		58		60		62		64		66		4		2		0		41		6		4		2		8		6		4		33		35		37		38		35		37		39		55		37		39		41		86		95		55		93		96		107		48		46		44		42		107		115		116		57		58		76		78		69		58		59		74		113		78		80		130		69		127		96		79		130		102		127		102		81		86		80		86		91
110		118		115		95		93		91		89		87		85		83		81		79		77		75		73		71		69		67		65		63		115		112		112		106		87		85		107		101		83		81		45		79		43		77		41		75		39		73		37		83		35		75		78		52		52		71		74		50		52		50		52		48		50		52		101		96		56		55		48		50		55		54		46		48		46		44		96		91		87		81		81		13		11		13		15		17		19		21		23		25		27		45		43		41		0		45		43		41		47		45		43		18		16		14		77		20		18		16		14		22		20		18		45		54		14		52		55		66		87		85		83		81		66		74		75		64		63		45		43		108		65		64		49		72		47		45		89		108		86		55		118		89		61		86		61		88		83		91		93		88
67		75		72		60		62		64		66		68		70		72		74		76		78		80		82		84		86		88		90		92		72		69		69		63		132		130		64		58		128		126		86		124		84		122		82		120		80		118		78		40		76		120		123		97		97		116		119		95		97		95		97		93		95		97		58		53		39		40		93		95		38		39		91		93		91		89		53		48		44		38		38		54		56		58		60		62		64		66		68		70		72		2		4		6		45		0		2		4		2		4		6		35		37		39		32		37		39		41		57		39		41		43		88		97		57		95		98		109		42		40		38		36		109		117		118		59		60		78		80		63		60		61		76		115		80		82		132		63		129		98		73		132		104		129		104		83		88		82		88		93
69		77		74		58		60		62		64		66		68		70		72		74		76		78		80		82		84		86		88		90		74		71		71		65		130		128		66		60		126		124		84		122		82		120		80		118		78		116		76		42		74		118		121		95		95		114		117		93		95		93		95		91		93		95		60		55		37		38		91		93		36		37		89		91		89		87		55		50		46		40		40		52		54		56		58		60		62		64		66		68		70		4		2		4		43		2		0		2		4		2		4		33		35		37		34		35		37		39		55		37		39		41		86		95		55		93		96		107		44		42		40		38		107		115		116		57		58		76		78		65		58		59		74		113		78		80		130		65		127		96		75		130		102		127		102		81		86		80		86		91
71		79		76		56		58		60		62		64		66		68		70		72		74		76		78		80		82		84		86		88		76		73		73		67		128		126		68		62		124		122		82		120		80		118		78		116		76		114		74		44		72		116		119		93		93		112		115		91		93		91		93		89		91		93		62		57		35		36		89		91		34		35		87		89		87		85		57		52		48		42		42		50		52		54		56		58		60		62		64		66		68		6		4		2		41		4		2		0		6		4		2		31		33		35		36		33		35		37		53		35		37		39		84		93		53		91		94		105		46		44		42		40		105		113		114		55		56		74		76		67		56		57		72		111		76		78		128		67		125		94		77		128		100		125		100		79		84		78		84		89
69		77		74		62		64		66		68		70		72		74		76		78		80		82		84		86		88		90		92		94		74		71		71		65		134		132		66		60		130		128		88		126		86		124		84		122		82		120		80		42		78		122		125		99		99		118		121		97		99		97		99		95		97		99		60		55		41		42		95		97		40		41		93		95		93		91		55		50		46		40		40		56		58		60		62		64		66		68		70		72		74		4		6		8		47		2		4		6		0		2		4		33		35		37		30		35		37		39		55		37		39		41		86		95		55		93		96		107		40		38		36		34		107		115		116		57		58		76		78		61		58		59		74		113		78		80		130		61		127		96		71		130		102		127		102		81		86		80		86		91
71		79		76		60		62		64		66		68		70		72		74		76		78		80		82		84		86		88		90		92		76		73		73		67		132		130		68		62		128		126		86		124		84		122		82		120		80		118		78		44		76		120		123		97		97		116		119		95		97		95		97		93		95		97		62		57		39		40		93		95		38		39		91		93		91		89		57		52		48		42		42		54		56		58		60		62		64		66		68		70		72		6		4		6		45		4		2		4		2		0		2		31		33		35		32		33		35		37		53		35		37		39		84		93		53		91		94		105		42		40		38		36		105		113		114		55		56		74		76		63		56		57		72		111		76		78		128		63		125		94		73		128		100		125		100		79		84		78		84		89
73		81		78		58		60		62		64		66		68		70		72		74		76		78		80		82		84		86		88		90		78		75		75		69		130		128		70		64		126		124		84		122		82		120		80		118		78		116		76		46		74		118		121		95		95		114		117		93		95		93		95		91		93		95		64		59		37		38		91		93		36		37		89		91		89		87		59		54		50		44		44		52		54		56		58		60		62		64		66		68		70		8		6		4		43		6		4		2		4		2		0		29		31		33		34		31		33		35		51		33		35		37		82		91		51		89		92		103		44		42		40		38		103		111		112		53		54		72		74		65		54		55		70		109		74		76		126		65		123		92		75		126		98		123		98		77		82		76		82		87
102		110		107		87		85		83		81		79		77		75		73		71		69		67		65		63		61		61		63		65		107		104		104		98		105		103		99		93		101		99		59		97		57		95		55		93		53		91		51		75		49		93		96		70		70		89		92		68		70		68		70		66		68		70		93		88		48		47		66		68		47		46		64		66		64		62		88		83		79		73		73		27		29		31		33		35		37		39		41		43		45		37		35		33		18		35		33		31		33		31		29		0		2		4		59		2		4		6		22		4		6		8		53		62		22		60		63		74		69		67		65		63		74		82		83		46		45		43		45		90		47		46		41		80		45		47		97		90		94		63		100		97		69		94		69		70		65		73		75		70
104		112		109		89		87		85		83		81		79		77		75		73		71		69		67		65		63		61		61		63		109		106		106		100		103		101		101		95		99		97		57		95		55		93		53		91		51		89		49		77		47		91		94		68		68		87		90		66		68		66		68		64		66		68		95		90		50		49		64		66		49		48		62		64		62		60		90		85		81		75		75		25		27		29		31		33		35		37		39		41		43		39		37		35		16		37		35		33		35		33		31		2		0		2		61		4		2		4		20		6		4		6		51		60		20		58		61		72		71		69		67		65		72		80		81		48		47		41		43		92		49		48		39		78		43		45		95		92		92		61		102		95		67		92		67		72		67		75		77		72
106		114		111		91		89		87		85		83		81		79		77		75		73		71		69		67		65		63		61		61		111		108		108		102		101		99		103		97		97		95		55		93		53		91		51		89		49		87		47		79		45		89		92		66		66		85		88		64		66		64		66		62		64		66		97		92		52		51		62		64		51		50		60		62		60		58		92		87		83		77		77		23		25		27		29		31		33		35		37		39		41		41		39		37		14		39		37		35		37		35		33		4		2		0		63		6		4		2		18		8		6		4		49		58		18		56		59		70		73		71		69		67		70		78		79		50		49		39		41		94		51		50		37		76		41		43		93		94		90		59		104		93		65		90		65		74		69		77		79		74
89		69		72		92		94		96		98		100		102		104		106		108		110		112		114		116		118		120		122		124		66		69		67		73		164		162		62		68		160		158		118		156		116		154		114		152		112		150		110		62		108		152		155		129		129		148		151		127		129		127		129		125		127		129		36		31		71		72		125		127		70		71		123		125		123		121		31		26		24		24		18		86		88		90		92		94		96		98		100		102		104		34		36		38		77		32		34		36		30		32		34		59		61		63		0		59		61		63		79		61		63		65		110		119		79		117		120		131		38		40		42		44		131		139		140		81		82		100		102		39		82		83		98		137		102		104		154		49		151		120		49		154		126		151		126		105		110		104		110		115
104		112		109		89		87		85		83		81		79		77		75		73		71		69		67		65		63		63		65		67		109		106		106		100		107		105		101		95		103		101		61		99		59		97		57		95		55		93		53		77		51		95		98		72		72		91		94		70		72		70		72		68		70		72		95		90		50		49		68		70		49		48		66		68		66		64		90		85		81		75		75		29		31		33		35		37		39		41		43		45		47		39		37		35		20		37		35		33		35		33		31		2		4		6		59		0		2		4		20		2		4		6		51		60		20		58		61		72		67		65		63		61		72		80		81		44		43		41		43		88		45		44		39		78		43		45		95		88		92		61		98		95		67		92		67		68		63		71		73		68
106		114		111		91		89		87		85		83		81		79		77		75		73		71		69		67		65		63		63		65		111		108		108		102		105		103		103		97		101		99		59		97		57		95		55		93		53		91		51		79		49		93		96		70		70		89		92		68		70		68		70		66		68		70		97		92		52		51		66		68		51		50		64		66		64		62		92		87		83		77		77		27		29		31		33		35		37		39		41		43		45		41		39		37		18		39		37		35		37		35		33		4		2		4		61		2		0		2		18		4		2		4		49		58		18		56		59		70		69		67		65		63		70		78		79		46		45		39		41		90		47		46		37		76		41		43		93		90		90		59		100		93		65		90		65		70		65		73		75		70
108		116		113		93		91		89		87		85		83		81		79		77		75		73		71		69		67		65		63		63		113		110		110		104		103		101		105		99		99		97		57		95		55		93		53		91		51		89		49		81		47		91		94		68		68		87		90		66		68		66		68		64		66		68		99		94		54		53		64		66		53		52		62		64		62		60		94		89		85		79		79		25		27		29		31		33		35		37		39		41		43		43		41		39		16		41		39		37		39		37		35		6		4		2		63		4		2		0		16		6		4		2		47		56		16		54		57		68		71		69		67		65		68		76		77		48		47		37		39		92		49		48		35		74		39		41		91		92		88		57		102		91		63		88		63		72		67		75		77		72
124		132		129		109		107		105		103		101		99		97		95		93		91		89		87		85		83		81		79		77		129		126		126		120		87		85		121		115		83		81		59		79		57		77		55		75		53		73		51		97		49		75		78		52		52		71		74		50		52		50		52		48		50		52		115		110		70		69		48		50		69		68		46		48		46		44		110		105		101		95		95		27		25		23		21		19		19		21		23		25		27		59		57		55		14		57		55		53		55		53		51		22		20		18		79		20		18		16		0		22		20		18		31		40		14		38		41		52		87		85		83		81		52		60		61		64		63		45		43		108		65		64		49		58		47		45		75		108		72		45		118		75		47		72		51		88		83		91		93		88
106		114		111		91		89		87		85		83		81		79		77		75		73		71		69		67		65		65		67		69		111		108		108		102		109		107		103		97		105		103		63		101		61		99		59		97		57		95		55		79		53		97		100		74		74		93		96		72		74		72		74		70		72		74		97		92		52		51		70		72		51		50		68		70		68		66		92		87		83		77		77		31		33		35		37		39		41		43		45		47		49		41		39		37		22		39		37		35		37		35		33		4		6		8		61		2		4		6		22		0		2		4		49		58		18		56		59		70		65		63		61		59		70		78		79		42		41		39		41		86		43		42		37		76		41		43		93		86		90		59		96		93		65		90		65		66		61		69		71		66
108		116		113		93		91		89		87		85		83		81		79		77		75		73		71		69		67		65		65		67		113		110		110		104		107		105		105		99		103		101		61		99		59		97		57		95		55		93		53		81		51		95		98		72		72		91		94		70		72		70		72		68		70		72		99		94		54		53		68		70		53		52		66		68		66		64		94		89		85		79		79		29		31		33		35		37		39		41		43		45		47		43		41		39		20		41		39		37		39		37		35		6		4		6		63		4		2		4		20		2		0		2		47		56		16		54		57		68		67		65		63		61		68		76		77		44		43		37		39		88		45		44		35		74		39		41		91		88		88		57		98		91		63		88		63		68		63		71		73		68
110		118		115		95		93		91		89		87		85		83		81		79		77		75		73		71		69		67		65		65		115		112		112		106		105		103		107		101		101		99		59		97		57		95		55		93		53		91		51		83		49		93		96		70		70		89		92		68		70		68		70		66		68		70		101		96		56		55		66		68		55		54		64		66		64		62		96		91		87		81		81		27		29		31		33		35		37		39		41		43		45		45		43		41		18		43		41		39		41		39		37		8		6		4		65		6		4		2		18		4		2		0		45		54		14		52		55		66		69		67		65		63		66		74		75		46		45		35		37		90		47		46		33		72		37		39		89		90		86		55		100		89		61		86		61		70		65		73		75		70
155		163		160		140		138		136		134		132		130		128		126		124		122		120		118		116		114		112		110		108		160		157		157		151		62		60		152		146		58		56		90		54		88		52		86		50		84		48		82		128		80		50		53		53		51		46		49		51		49		49		47		49		47		45		146		141		101		100		47		45		100		99		47		45		45		45		141		136		132		126		126		58		56		54		52		50		48		46		44		42		40		90		88		86		45		88		86		84		86		84		82		53		51		49		110		51		49		47		31		49		47		45		0		9		39		9		10		21		112		110		108		106		23		29		30		89		88		70		68		133		90		89		74		35		72		70		44		133		41		70		143		44		70		49		76		113		108		116		118		113
164		172		169		149		147		145		143		141		139		137		135		133		131		129		127		125		123		121		119		117		169		166		166		160		67		65		161		155		63		61		99		59		97		57		95		55		93		53		91		137		89		45		44		62		60		41		40		60		58		58		56		58		56		54		155		150		110		109		56		54		109		108		56		54		54		54		150		145		141		135		135		67		65		63		61		59		57		55		53		51		49		99		97		95		54		97		95		93		95		93		91		62		60		58		119		60		58		56		40		58		56		54		9		0		48		18		15		18		121		119		117		115		32		34		33		98		97		79		77		142		99		98		83		44		81		79		35		142		44		79		152		47		79		58		85		122		117		125		127		122
124		132		129		109		107		105		103		101		99		97		95		93		91		89		87		85		83		81		79		77		129		126		126		120		101		99		121		115		97		95		59		93		57		91		55		89		53		87		51		97		49		89		92		66		66		85		88		64		66		64		66		62		64		66		115		110		70		69		62		64		69		68		60		62		60		58		110		105		101		95		95		27		25		27		29		31		33		35		37		39		41		59		57		55		14		57		55		53		55		53		51		22		20		18		79		20		18		16		14		18		16		14		39		48		0		38		41		52		73		71		69		67		52		60		61		50		49		31		29		94		51		50		35		58		33		31		75		94		72		41		104		75		47		72		47		74		69		77		79		74
162		170		167		147		145		143		141		139		137		135		133		131		129		127		125		123		121		119		117		115		167		164		164		158		71		69		159		153		67		65		97		63		95		61		93		59		91		57		89		135		87		59		62		60		58		55		58		58		56		56		54		56		54		52		153		148		108		107		54		52		107		106		54		52		52		52		148		143		139		133		133		65		63		61		59		57		55		53		51		49		47		97		95		93		52		95		93		91		93		91		89		60		58		56		117		58		56		54		38		56		54		52		9		18		38		0		3		14		103		101		99		97		14		22		23		80		79		61		59		124		81		80		65		26		63		61		37		124		34		61		134		37		61		40		67		104		99		107		109		104
165		173		170		150		148		146		144		142		140		138		136		134		132		130		128		126		124		122		120		118		170		167		167		161		68		66		162		156		64		62		100		60		98		58		96		56		94		54		92		138		90		56		59		63		61		52		55		61		59		59		57		59		57		55		156		151		111		110		57		55		110		109		57		55		55		55		151		146		142		136		136		68		66		64		62		60		58		56		54		52		50		100		98		96		55		98		96		94		96		94		92		63		61		59		120		61		59		57		41		59		57		55		10		15		41		3		0		11		106		104		102		100		17		19		20		83		82		64		62		127		84		83		68		29		66		64		34		127		31		64		137		34		64		43		70		107		102		110		112		107
176		184		181		161		159		157		155		153		151		149		147		145		143		141		139		137		135		133		131		129		181		178		178		172		79		77		173		167		75		73		111		71		109		69		107		67		105		65		103		149		101		59		62		74		72		55		58		72		70		70		68		70		68		66		167		162		122		121		68		66		121		120		68		66		66		66		162		157		153		147		147		79		77		75		73		71		69		67		65		63		61		111		109		107		66		109		107		105		107		105		103		74		72		70		131		72		70		68		52		70		68		66		21		18		52		14		11		0		103		101		99		97		14		16		15		80		79		61		59		124		81		80		65		26		63		61		23		124		26		61		134		29		61		40		67		104		99		107		109		104
99		91		88		102		104		106		108		110		112		114		116		118		120		122		124		126		128		130		132		134		88		85		85		83		174		172		80		78		170		168		128		166		126		164		124		162		122		160		120		72		118		162		165		139		139		158		161		137		139		137		139		135		137		139		74		69		81		82		135		137		80		81		133		135		133		131		69		64		60		54		54		96		98		100		102		104		106		108		110		112		114		44		46		48		87		42		44		46		40		42		44		69		71		73		38		67		69		71		87		65		67		69		112		121		73		103		106		103		0		2		4		6		93		101		102		43		44		62		64		21		44		45		60		99		64		66		116		21		113		82		31		116		88		113		88		67		72		66		72		77
97		93		90		100		102		104		106		108		110		112		114		116		118		120		122		124		126		128		130		132		90		87		87		81		172		170		82		76		168		166		126		164		124		162		122		160		120		158		118		70		116		160		163		137		137		156		159		135		137		135		137		133		135		137		76		71		79		80		133		135		78		79		131		133		131		129		71		66		62		56		56		94		96		98		100		102		104		106		108		110		112		42		44		46		85		40		42		44		38		40		42		67		69		71		40		65		67		69		85		63		65		67		110		119		71		101		104		101		2		0		2		4		91		99		100		41		42		60		62		23		42		43		58		97		62		64		114		23		111		80		33		114		86		111		86		65		70		64		70		75
95		95		92		98		100		102		104		106		108		110		112		114		116		118		120		122		124		126		128		130		92		89		89		83		170		168		84		78		166		164		124		162		122		160		120		158		118		156		116		68		114		158		161		135		135		154		157		133		135		133		135		131		133		135		78		73		77		78		131		133		76		77		129		131		129		127		73		68		64		58		58		92		94		96		98		100		102		104		106		108		110		40		42		44		83		38		40		42		36		38		40		65		67		69		42		63		65		67		83		61		63		65		108		117		69		99		102		99		4		2		0		2		89		97		98		39		40		58		60		25		40		41		56		95		60		62		112		25		109		78		35		112		84		109		84		63		68		62		68		73
93		97		94		96		98		100		102		104		106		108		110		112		114		116		118		120		122		124		126		128		94		91		91		85		168		166		86		80		164		162		122		160		120		158		118		156		116		154		114		66		112		156		159		133		133		152		155		131		133		131		133		129		131		133		80		75		75		76		129		131		74		75		127		129		127		125		75		70		66		60		60		90		92		94		96		98		100		102		104		106		108		38		40		42		81		36		38		40		34		36		38		63		65		67		44		61		63		65		81		59		61		63		106		115		67		97		100		97		6		4		2		0		87		95		96		37		38		56		58		27		38		39		54		93		58		60		110		27		107		76		37		110		82		107		82		61		66		60		66		71
176		184		181		161		159		157		155		153		151		149		147		145		143		141		139		137		135		133		131		129		181		178		178		172		85		83		173		167		81		79		111		77		109		75		107		73		105		71		103		149		101		73		76		74		72		69		72		72		70		70		68		70		68		66		167		162		122		121		68		66		121		120		68		66		66		66		162		157		153		147		147		79		77		75		73		71		69		67		65		63		61		111		109		107		66		109		107		105		107		105		103		74		72		70		131		72		70		68		52		70		68		66		23		32		52		14		17		14		93		91		89		87		0		8		9		66		65		47		45		110		67		66		51		12		49		47		23		110		20		47		120		23		47		26		53		90		85		93		95		90
184		192		189		169		167		165		163		161		159		157		155		153		151		149		147		145		143		141		139		137		189		186		186		180		87		85		181		175		83		81		119		79		117		77		115		75		113		73		111		157		109		75		78		82		80		71		74		80		78		78		76		78		76		74		175		170		130		129		76		74		129		128		76		74		74		74		170		165		161		155		155		87		85		83		81		79		77		75		73		71		69		119		117		115		74		117		115		113		115		113		111		82		80		78		139		80		78		76		60		78		76		74		29		34		60		22		19		16		101		99		97		95		8		0		1		64		63		45		43		108		65		64		49		10		47		45		15		108		12		45		118		15		45		24		51		88		83		91		93		88
185		193		190		170		168		166		164		162		160		158		156		154		152		150		148		146		144		142		140		138		190		187		187		181		88		86		182		176		84		82		120		80		118		78		116		76		114		74		112		158		110		74		77		83		81		70		73		81		79		79		77		79		77		75		176		171		131		130		77		75		130		129		77		75		75		75		171		166		162		156		156		88		86		84		82		80		78		76		74		72		70		120		118		116		75		118		116		114		116		114		112		83		81		79		140		81		79		77		61		79		77		75		30		33		61		23		20		15		102		100		98		96		9		1		0		65		64		46		44		109		66		65		50		11		48		46		14		109		11		46		119		14		46		25		52		89		84		92		94		89
126		134		131		111		109		107		105		103		101		99		97		95		97		99		101		103		105		107		109		111		131		128		128		122		151		149		123		117		147		145		105		143		103		141		101		139		99		137		97		99		95		139		142		116		116		135		138		114		116		114		116		112		114		116		117		112		72		71		112		114		71		70		110		112		110		108		112		107		103		97		97		73		75		77		79		81		83		85		87		89		91		61		59		57		64		59		57		55		57		55		53		46		48		50		81		44		46		48		64		42		44		46		89		98		50		80		83		80		43		41		39		37		66		64		65		0		1		19		21		44		1		2		17		56		21		23		73		44		70		39		54		73		45		70		45		24		29		27		29		34
127		135		132		112		110		108		106		104		102		100		98		96		96		98		100		102		104		106		108		110		132		129		129		123		150		148		124		118		146		144		104		142		102		140		100		138		98		136		96		100		94		138		141		115		115		134		137		113		115		113		115		111		113		115		118		113		73		72		111		113		72		71		109		111		109		107		113		108		104		98		98		72		74		76		78		80		82		84		86		88		90		62		60		58		63		60		58		56		58		56		54		45		47		49		82		43		45		47		63		41		43		45		88		97		49		79		82		79		44		42		40		38		65		63		64		1		0		18		20		45		2		1		16		55		20		22		72		45		69		38		55		72		44		69		44		25		28		28		30		33
145		153		150		130		128		126		124		122		120		118		116		114		112		110		108		106		104		102		100		98		150		147		147		141		132		130		142		136		128		126		86		124		84		122		82		120		80		118		78		118		76		120		123		97		97		116		119		95		97		95		97		93		95		97		136		131		91		90		93		95		90		89		91		93		91		89		131		126		122		116		116		54		56		58		60		62		64		66		68		70		72		80		78		76		45		78		76		74		76		74		72		43		41		39		100		41		39		37		45		39		37		35		70		79		31		61		64		61		62		60		58		56		47		45		46		19		18		0		2		63		20		19		4		37		2		4		54		63		51		20		73		54		26		51		26		43		38		46		48		43
147		155		152		132		130		128		126		124		122		120		118		116		114		112		110		108		106		104		102		100		152		149		149		143		130		128		144		138		126		124		84		122		82		120		80		118		78		116		76		120		74		118		121		95		95		114		117		93		95		93		95		91		93		95		138		133		93		92		91		93		92		91		89		91		89		87		133		128		124		118		118		52		54		56		58		60		62		64		66		68		70		82		80		78		43		80		78		76		78		76		74		45		43		41		102		43		41		39		43		41		39		37		68		77		29		59		62		59		64		62		60		58		45		43		44		21		20		2		0		65		22		21		6		35		4		2		52		65		49		18		75		52		24		49		24		45		40		48		50		45
120		100		103		123		125		127		129		131		133		135		137		139		141		143		145		147		149		151		153		155		97		100		98		104		195		193		93		99		191		189		149		187		147		185		145		183		143		181		141		93		139		183		186		160		160		179		182		158		160		158		160		156		158		160		75		70		102		103		156		158		101		102		154		156		154		152		70		65		61		55		55		117		119		121		123		125		127		129		131		133		135		65		67		69		108		63		65		67		61		63		65		90		92		94		39		88		90		92		108		86		88		90		133		142		94		124		127		124		21		23		25		27		110		108		109		44		45		63		65		0		43		44		59		98		63		65		115		10		112		81		10		115		87		112		87		66		71		65		71		76
127		135		132		112		110		108		106		104		102		100		98		96		98		100		102		104		106		108		110		112		132		129		129		123		152		150		124		118		148		146		106		144		104		142		102		140		100		138		98		100		96		140		143		117		117		136		139		115		117		115		117		113		115		117		118		113		73		72		113		115		72		71		111		113		111		109		113		108		104		98		98		74		76		78		80		82		84		86		88		90		92		62		60		58		65		60		58		56		58		56		54		47		49		51		82		45		47		49		65		43		45		47		90		99		51		81		84		81		44		42		40		38		67		65		66		1		2		20		22		43		0		1		16		55		20		22		72		43		69		38		53		72		44		69		44		23		28		26		28		33
128		136		133		113		111		109		107		105		103		101		99		97		97		99		101		103		105		107		109		111		133		130		130		124		151		149		125		119		147		145		105		143		103		141		101		139		99		137		97		101		95		139		142		116		116		135		138		114		116		114		116		112		114		116		119		114		74		73		112		114		73		72		110		112		110		108		114		109		105		99		99		73		75		77		79		81		83		85		87		89		91		63		61		59		64		61		59		57		59		57		55		46		48		50		83		44		46		48		64		42		44		46		89		98		50		80		83		80		45		43		41		39		66		64		65		2		1		19		21		44		1		0		15		54		19		21		71		44		68		37		54		71		43		68		43		24		27		27		29		32
143		151		148		128		126		124		122		120		118		116		114		112		110		108		106		104		102		100		98		96		148		145		145		139		136		134		140		134		132		130		90		128		88		126		86		124		84		122		82		116		80		124		127		101		101		120		123		99		101		99		101		97		99		101		134		129		89		88		97		99		88		87		95		97		95		93		129		124		120		114		114		58		60		62		64		66		68		70		72		74		76		78		76		74		49		76		74		72		74		72		70		41		39		37		98		39		37		35		49		37		35		33		74		83		35		65		68		65		60		58		56		54		51		49		50		17		16		4		6		59		16		15		0		39		4		6		56		59		53		22		69		56		28		53		28		39		34		42		44		39
182		190		187		167		165		163		161		159		157		155		153		151		149		147		145		143		141		139		137		135		187		184		184		178		97		95		179		173		93		91		117		89		115		87		113		85		111		83		109		155		107		85		88		80		78		81		84		78		76		76		74		76		74		72		173		168		128		127		74		72		127		126		74		72		72		72		168		163		159		153		153		85		83		81		79		77		75		73		71		69		67		117		115		113		72		115		113		111		113		111		109		80		78		76		137		78		76		74		58		76		74		72		35		44		58		26		29		26		99		97		95		93		12		10		11		56		55		37		35		98		55		54		39		0		37		35		17		98		14		35		108		17		35		14		41		78		73		81		83		78
147		155		152		132		130		128		126		124		122		120		118		116		114		112		110		108		106		104		102		100		152		149		149		143		134		132		144		138		130		128		88		126		86		124		84		122		82		120		80		120		78		122		125		99		99		118		121		97		99		97		99		95		97		99		138		133		93		92		95		97		92		91		93		95		93		91		133		128		124		118		118		56		58		60		62		64		66		68		70		72		74		82		80		78		47		80		78		76		78		76		74		45		43		41		102		43		41		39		47		41		39		37		72		81		33		63		66		63		64		62		60		58		49		47		48		21		20		2		4		63		20		19		4		37		0		2		52		61		49		18		71		52		24		49		24		41		36		44		46		41
149		157		154		134		132		130		128		126		124		122		120		118		116		114		112		110		108		106		104		102		154		151		151		145		132		130		146		140		128		126		86		124		84		122		82		120		80		118		78		122		76		120		123		97		97		116		119		95		97		95		97		93		95		97		140		135		95		94		93		95		94		93		91		93		91		89		135		130		126		120		120		54		56		58		60		62		64		66		68		70		72		84		82		80		45		82		80		78		80		78		76		47		45		43		104		45		43		41		45		43		41		39		70		79		31		61		64		61		66		64		62		60		47		45		46		23		22		4		2		65		22		21		6		35		2		0		50		63		47		16		73		50		22		47		22		43		38		46		48		43
199		207		204		184		182		180		178		176		174		172		170		168		166		164		162		160		158		156		154		152		204		201		201		195		102		100		196		190		98		96		134		94		132		92		130		90		128		88		126		172		124		80		77		97		95		76		73		95		93		93		91		93		91		89		190		185		145		144		91		89		144		143		91		89		89		89		185		180		176		170		170		102		100		98		96		94		92		90		88		86		84		134		132		130		89		132		130		128		130		128		126		97		95		93		154		95		93		91		75		93		91		89		44		35		75		37		34		23		116		114		112		110		23		15		14		73		72		54		52		115		72		71		56		17		52		50		0		109		11		46		119		14		46		25		52		89		84		92		94		89
120		102		103		123		125		127		129		131		133		135		137		139		141		143		145		147		149		151		153		155		99		100		98		104		195		193		93		99		191		189		149		187		147		185		145		183		143		181		141		93		139		183		186		160		160		179		182		158		160		158		160		156		158		160		85		80		102		103		156		158		101		102		154		156		154		152		80		75		71		65		65		117		119		121		123		125		127		129		131		133		135		65		67		69		108		63		65		67		61		63		65		90		92		94		49		88		90		92		108		86		88		90		133		142		94		124		127		124		21		23		25		27		110		108		109		44		45		63		65		10		43		44		59		98		61		63		109		0		102		71		10		105		77		102		77		56		61		55		61		66
196		204		201		181		179		177		175		173		171		169		167		165		163		161		159		157		155		153		151		149		201		198		198		192		99		97		193		187		95		93		131		91		129		89		127		87		125		85		123		169		121		85		88		94		92		81		84		92		90		90		88		90		88		86		187		182		142		141		88		86		141		140		88		86		86		86		182		177		173		167		167		99		97		95		93		91		89		87		85		83		81		131		129		127		86		129		127		125		127		125		123		94		92		90		151		92		90		88		72		90		88		86		41		44		72		34		31		26		113		111		109		107		20		12		11		70		69		51		49		112		69		68		53		14		49		47		11		102		0		35		108		3		35		14		41		78		73		81		83		78
165		173		170		150		148		146		144		142		140		138		136		134		132		130		128		126		124		122		120		118		170		167		167		161		132		130		162		156		128		126		100		124		98		122		96		120		94		118		92		138		90		120		123		97		97		116		119		95		97		95		97		93		95		97		156		151		111		110		93		95		110		109		91		93		91		89		151		146		142		136		136		68		66		64		62		62		64		66		68		70		72		100		98		96		55		98		96		94		96		94		92		63		61		59		120		61		59		57		45		59		57		55		70		79		41		61		64		61		82		80		78		76		47		45		46		39		38		20		18		81		38		37		22		35		18		16		46		71		35		0		73		34		6		31		6		43		38		46		48		43
130		110		113		133		135		137		139		141		143		145		147		149		151		153		155		157		159		161		163		165		107		110		108		114		205		203		103		109		201		199		159		197		157		195		155		193		153		191		151		103		149		193		196		170		170		189		192		168		170		168		170		166		168		170		85		80		112		113		166		168		111		112		164		166		164		162		80		75		71		65		65		127		129		131		133		135		137		139		141		143		145		75		77		79		118		73		75		77		71		73		75		100		102		104		49		98		100		102		118		96		98		100		143		152		104		134		137		134		31		33		35		37		120		118		119		54		55		73		75		10		53		54		69		108		71		73		119		10		108		73		0		105		77		102		77		56		61		55		61		66
199		207		204		184		182		180		178		176		174		172		170		168		166		164		162		160		158		156		154		152		204		201		201		195		102		100		196		190		98		96		134		94		132		92		130		90		128		88		126		172		124		88		91		97		95		84		87		95		93		93		91		93		91		89		190		185		145		144		91		89		144		143		91		89		89		89		185		180		176		170		170		102		100		98		96		94		92		90		88		86		84		134		132		130		89		132		130		128		130		128		126		97		95		93		154		95		93		91		75		93		91		89		44		47		75		37		34		29		116		114		112		110		23		15		14		73		72		54		52		115		72		71		56		17		52		50		14		105		3		34		105		0		32		11		38		75		70		78		80		75
171		179		176		156		154		152		150		148		146		144		142		140		138		136		134		132		130		128		126		124		176		173		173		167		132		130		168		162		128		126		106		124		104		122		102		120		100		118		98		144		96		120		123		97		97		116		119		95		97		95		97		93		95		97		162		157		117		116		93		95		116		115		91		93		91		89		157		152		148		142		142		74		72		70		68		66		64		66		68		70		72		106		104		102		61		104		102		100		102		100		98		69		67		65		126		67		65		63		47		65		63		61		70		79		47		61		64		61		88		86		84		82		47		45		46		45		44		26		24		87		44		43		28		35		24		22		46		77		35		6		77		32		0		25		6		43		38		46		48		43
196		204		201		181		179		177		175		173		171		169		167		165		163		161		159		157		155		153		151		149		201		198		198		192		111		109		193		187		107		105		131		103		129		101		127		99		125		97		123		169		121		99		102		94		92		95		98		92		90		90		88		90		88		86		187		182		142		141		88		86		141		140		88		86		86		86		182		177		173		167		167		99		97		95		93		91		89		87		85		83		81		131		129		127		86		129		127		125		127		125		123		94		92		90		151		92		90		88		72		90		88		86		49		58		72		40		43		40		113		111		109		107		26		24		25		70		69		51		49		112		69		68		53		14		49		47		25		102		14		31		102		11		25		0		27		64		59		67		69		64
171		179		176		156		154		152		150		148		146		144		142		140		138		136		134		132		130		128		126		124		176		173		173		167		138		136		168		162		134		132		106		130		104		128		102		126		100		124		98		144		96		126		129		103		103		122		125		101		103		101		103		99		101		103		162		157		117		116		99		101		116		115		97		99		97		95		157		152		148		142		142		74		72		70		68		68		70		72		74		76		78		106		104		102		61		104		102		100		102		100		98		69		67		65		126		67		65		63		51		65		63		61		76		85		47		67		70		67		88		86		84		82		53		51		52		45		44		26		24		87		44		43		28		41		24		22		52		77		41		6		77		38		6		27		0		37		32		40		42		37
150		158		155		135		133		131		129		127		125		123		121		119		121		123		125		127		129		131		133		135		155		152		152		146		175		173		147		141		171		169		129		167		127		165		125		163		123		161		121		123		119		163		166		140		140		159		162		138		140		138		140		136		138		140		141		136		96		95		136		138		95		94		134		136		134		132		136		131		127		121		121		97		99		101		103		105		107		109		111		113		115		85		83		81		88		83		81		79		81		79		77		70		72		74		105		68		70		72		88		66		68		70		113		122		74		104		107		104		67		65		63		61		90		88		89		24		25		43		45		66		23		24		39		78		41		43		89		56		78		43		56		75		43		64		37		0		5		3		5		10
155		163		160		140		138		136		134		132		130		128		126		124		122		120		120		122		124		126		128		130		160		157		157		151		170		168		152		146		166		164		124		162		122		160		120		158		118		156		116		128		114		158		161		135		135		154		157		133		135		133		135		131		133		135		146		141		101		100		131		133		100		99		129		131		129		127		141		136		132		126		126		92		94		96		98		100		102		104		106		108		110		90		88		86		83		88		86		84		86		84		82		65		67		69		110		63		65		67		83		61		63		65		108		117		69		99		102		99		72		70		68		66		85		83		84		29		28		38		40		71		28		27		34		73		36		38		84		61		73		38		61		70		38		59		32		5		0		8		10		5
149		157		154		134		132		130		128		126		124		122		120		122		124		126		128		130		132		134		136		138		154		151		151		145		178		176		146		140		174		172		132		170		130		168		128		166		126		164		124		122		122		166		169		143		143		162		165		141		143		141		143		139		141		143		140		135		95		94		139		141		94		93		137		139		137		135		135		130		126		120		120		100		102		104		106		108		110		112		114		116		118		84		82		80		91		82		80		78		80		78		76		73		75		77		104		71		73		75		91		69		71		73		116		125		77		107		110		107		66		64		62		60		93		91		92		27		28		46		48		65		26		27		42		81		44		46		92		55		81		46		55		78		46		67		40		3		8		0		6		11
155		163		160		140		138		136		134		132		130		128		126		124		126		128		130		132		134		136		138		140		160		157		157		151		180		178		152		146		176		174		134		172		132		170		130		168		128		166		126		128		124		168		171		145		145		164		167		143		145		143		145		141		143		145		146		141		101		100		141		143		100		99		139		141		139		137		141		136		132		126		126		102		104		106		108		110		112		114		116		118		120		90		88		86		93		88		86		84		86		84		82		75		77		79		110		73		75		77		93		71		73		75		118		127		79		109		112		109		72		70		68		66		95		93		94		29		30		48		50		71		28		29		44		83		46		48		94		61		83		48		61		80		48		69		42		5		10		6		0		5
160		168		165		145		143		141		139		137		135		133		131		129		127		125		125		127		129		131		133		135		165		162		162		156		175		173		157		151		171		169		129		167		127		165		125		163		123		161		121		133		119		163		166		140		140		159		162		138		140		138		140		136		138		140		151		146		106		105		136		138		105		104		134		136		134		132		146		141		137		131		131		97		99		101		103		105		107		109		111		113		115		95		93		91		88		93		91		89		91		89		87		70		72		74		115		68		70		72		88		66		68		70		113		122		74		104		107		104		77		75		73		71		90		88		89		34		33		43		45		76		33		32		39		78		41		43		89		66		78		43		66		75		43		64		37		10		5		11		5		0
